F3,F4,FC5,FC6,P7,P8,T7,T8
7.94301707915079546751,6.74998667106143912520,5.47248300537399234855,4.10307387351508268125,2.63716719642876196161,1.08140317347254755198,-0.54604552338140111001,-2.23353487624925195476
9.21034331921178583968,7.98340491200135549121,6.67001021750989497860,5.26254349838003232520,3.75632865780723346205,2.15831718004349681905,0.48739723697609105280,-1.24433945185094008146
10.19448643326816394961,8.96886169640814046033,7.65748913693540256276,6.25268403086845214744,4.74971140718097561972,3.15549114985187451055,1.48892749951367142636,-0.23791561982258982444
10.50741322119658960332,9.32166392579447489197,8.05373823380093689650,6.69602262759581279283,5.24375453315243600372,3.70340760195515050768,2.09305246900890207229,0.42416131724876970921
10.24022344344820822926,9.10510223694145359730,7.89209677808321075076,6.59372155149245031680,5.20519969103701285462,3.73239639751639007414,2.19221234207595516708,0.59531892562317823003
10.09044365472049165078,8.98267710509464123447,7.79956220662766597229,6.53366722267006139191,5.18017787170723309487,3.74453807272396677064,2.24287012204888114297,0.68531709759282266603
10.78075343885389258958,9.66052997909658373032,8.46461435003245732389,7.18548516953982208122,5.81824919501467618943,4.36830352287838508119,2.85177462018392624543,1.27880228881966240273
12.58265966514503375606,11.41854922604799860153,10.17614374878919747403,8.84770491015393822920,7.42821766118182580385,5.92333259686766666618,4.34981920986729253542,2.71823647656183498000
15.09972618383749320969,13.87649951328462449851,12.57112020810023977901,11.17553483693709281965,9.68455041337589150885,8.10418351988823459919,6.45212763163300895286,4.73954130781467153355
17.29485164476923131360,16.00696786197442733624,14.63228502580333589833,13.16237198674164865508,11.59180656615587956537,9.92696605603148540808,8.18650683316247729238,6.38221446954251803163
18.12974240577416651377,16.78175376656455952684,15.34220203985741726171,13.80228141627017635074,12.15632694614320641335,10.41099862168570133747,8.58576842872020584707,6.69296046282852774567
17.41075124066270163325,16.00750330094132678482,14.50795059988943513929,12.90293252863118311780,11.18654927851984126619,9.36570670638982072376,7.46060497940793521110,5.48405524595059201687
15.84955821037708822985,14.37894481353747444530,12.80624475585322308291,11.12190195184546759322,9.31977715623587421589,7.40716719136484869068,5.40528820199011050818,3.32763192266086971216
14.50001395460938802273,12.94993389480629986110,11.29122046717623817358,9.51389971662820244092,7.61160631822145372638,5.59218838552344266191,3.47818107682215282850,1.28395872609488392868
14.09796962846079715348,12.48911321923863759764,10.76701978360953937397,8.92145320465236757457,6.94592703325021165739,4.84874196302361415434,2.65345020714114632199,0.37511219783887450596
14.45706739637553006617,12.84408859654457835120,11.11776482198531468271,9.26791509070759822464,7.28811030529927084132,5.18672218358387393522,2.98738184725669331243,0.70521955740755204456
14.51718638221769097640,12.95683667566001950888,11.28752620654986671411,9.49940231724156447513,7.58622659004147426032,5.55600742702733274569,3.43146044927326565599,1.22712091600167605421
13.24975693245425034661,11.76549393373709939681,10.17854886586574814089,8.47946120598206398711,6.66219816544449194851,4.73421664216440518658,2.71693478191148196643,0.62401977086401227979
10.55162776082345743589,9.12724118021027130965,7.60530694833567455504,5.97663410769809644307,4.23532486991723455816,2.38841959085229316173,0.45638423143514372793,-1.54777227382881799045
7.47978358795217435073,6.08193298983370755906,4.58907749741094406204,2.99213268601243065348,1.28526093258640372596,-0.52463109109550054576,-2.41739340269823399510,-4.38025580190833885297
5.68577995865329821612,4.28929617661689466246,2.79809148745906144384,1.20310937966727515835,-0.50144826693617905455,-2.30858669563554608217,-4.19802170853199907441,-6.15690313969107805292
6.09979701669209006809,4.70177469034546025028,3.20855306378651494725,1.61114224817693552083,-0.09617878890993009078,-1.90628333268342875506,-3.79871964953984342372,-5.76050675676450207874
8.20797081431200581392,6.82426549678933191956,5.34567875984550333612,3.76339343368387035937,2.07182879925266449916,0.27814066889584510012,-1.59733102499775259098,-3.54164233238100534251
10.80567289913467554641,9.45094714787990852756,8.00275205522743604547,6.45251918329120588425,4.79484959899861706845,3.03683097713572713872,1.19845507058135747336,-0.70752778420189077480
12.88449454892851697707,11.55561835341252674425,10.13484158152811076548,8.61380541435977065134,6.98726460311221675425,5.26224856824702325042,3.45845904197714748562,1.58847546315555510077
14.01229541331960248840,12.69299563642955064324,11.28268558778585806124,9.77307505507795681865,8.15897033973873320178,6.44738473581668802836,4.65793541715156944605,2.80314264600151741291
14.39827731996427040428,13.07492747214478256979,11.66074328771177803787,10.14736800223548485178,8.52955035255014593076,6.81427198506811482304,5.02116051242003358368,3.16272313782997382958
14.39071655914927383435,13.05927614143408810321,11.63674046179996679484,10.11463685803066603341,8.48760938899066452734,6.76256746968079536231,4.95911819099831063795,3.08973655387273637984
14.12821703319267818699,12.79493344358858841758,11.37027835889035642936,9.84571675220166575571,8.21582108466439464678,6.48738640097735874690,4.67987040627838624118,2.80564926884315424260
13.76978810813500864185,12.44498582540352238368,11.02882897812619056310,9.51283024001480725929,7.89157377285931804778,6.17172708076160514423,4.37247145655201130410,2.50602442272649961197
13.65242627639310946108,12.33244659885102834096,10.92073071152704599740,9.40887665065828571187,7.79153079107125101643,6.07534315307697792008,4.27937674775742316058,2.41580766345108877147
14.17645381367382206861,12.83883447781420983347,11.40759663237222376608,9.87433681684101571818,8.23373799626660840545,6.49265528487862120244,4.67050227974951681631,2.77972157418633702974
15.43663894379499268439,14.05421161529381812727,12.57446386705353624791,10.98885819834164756514,9.29205266522487605130,7.49133089700389565024,5.60696763062130010269,3.65200293361833860928
16.81049949923631103843,15.36752492138969117264,13.82246083602076680563,12.16654461650573004761,10.39435775457539534727,8.51371740562859535828,6.54602456887088912652,4.50508644162596816329
17.06272708998352172216,15.57247528062630337331,13.97640607824844138918,12.26555949093402908545,10.43443490434728992966,8.49123853181490417796,6.45822126653804406970,4.34976552610847466696
15.26456621444201644522,13.76639434075524803802,12.16187039756837684479,10.44195902275873244491,8.60110516592269824798,6.64754075745152483989,4.60362848361094556537,2.48381452172252137345
11.90253289986273443901,10.42852764858513303636,8.85056877190281454659,7.15961992716662720682,5.35007148215744798847,3.42986538688608222358,1.42086777138095188278,-0.66284689971464383351
8.80992475618566928119,7.35736504624794118712,5.80348223191569534407,4.13919500942228157925,2.35880143401128083980,0.46993264533563972041,-1.50603276103917615991,-3.55540186497665589016
7.83146757227131473655,6.36483212596355674151,4.79685665186495491241,3.11829202360108315162,1.32330344476102368390,-0.58049191967972468831,-2.57157652296511463064,-4.63620968782565157085
9.30203726591441792948,7.77714878008684085131,6.14712994379055821526,4.40243535632479421338,2.53707497620129585059,0.55907243027375530531,-1.50907573078870504979,-3.65299353004989990623
11.50482177493409530200,9.89573069970193763822,8.17504945282013473218,6.33287191338113419903,4.36305324405881211902,2.27430107922806490350,0.09062109444619254051,-2.17259556927110830671
12.12699447637585592474,10.44180630626225436686,8.63864167080888023520,6.70728760723509598307,4.64148272540454343016,2.45060162412553461664,0.16007386294775657887,-2.21373894781808600030
10.37888552482400505994,8.65549561118239374480,6.81046727859057199339,4.83345248450652675842,2.71815841023984150482,0.47436207434283178541,-1.87169718824115305367,-4.30309896998517427136
7.49915407596499949960,5.77800476207244972926,3.93472556842980614178,1.95901875595856589385,-0.15535180051136418533,-2.39851427273738204704,-4.74411707500759050049,-7.17515031094186728211
5.62665396075332946424,3.92079558500023850343,2.09342817307964246254,0.13435597196983073420,-1.96258451387062771154,-4.18755829661194223235,-6.51437513747703000888,-8.92612010337324512932
6.10715612112181549520,4.40080382814023618465,2.57248572379619577788,0.61199571329429025557,-1.48683701261763023815,-3.71416883069926218042,-6.04379218710814836157,-8.45877457788158793051
8.53035996733312629203,6.81114060133049203927,4.96882120056711240608,2.99308307269510187609,0.87766807802635726787,-1.36756934968255405849,-3.71630800339245936925,-6.15154326499622605695
11.23458071661827162302,9.51916836740489102908,7.68121463412821192662,5.71037364847101169829,3.60033554703133296115,1.36079511112165296716,-0.98217903703008124783,-3.41175579289279307105
12.71960135236827227345,11.04370874933772661564,9.24901433379666748635,7.32537279789405104680,5.26655411984235755085,3.08183613969034908564,0.79639371316758755803,-1.57353408919914339315
12.87587930690345139340,11.26466567433933363418,9.54047791574849135543,7.69355480318046680566,5.71786563603435293857,3.62213599556750853736,1.43025335092692573724,-0.84238561424447389037
12.86607014417455374655,11.30824765695655464981,9.64203796195498874511,7.85804108204829798723,5.95043944574676419990,3.92757627118140106859,1.81236315684456283925,-0.38042928994645036633
13.79102237342632264472,12.24303112543702454218,10.58720517632787228024,8.81426066159033538838,6.91846897007242667144,4.90816119889366309081,2.80612322479016418342,0.62706333656150481382
15.47116586302224305882,13.89107522339526390454,12.19987663458131699201,10.38808966063419170212,8.44987611229777790811,6.39381426740674640996,4.24328026844740868739,2.01337820513580378901
16.52052342114031446840,14.89312717770248895022,13.15000996613181349915,11.28129360544481940565,9.28087201829431229783,7.15757464581914604196,4.93554730161884425144,2.63038145205001550053
15.84486520712239432385,14.18273783820627542696,12.40158685617694800385,10.49113302917984569262,8.44496625678443457730,6.27198740385982400625,3.99680612109769040075,1.63527761927180348422
13.94823264873691748278,12.27691973172353812060,10.48567615945930597832,8.56400074617820905587,6.50528683888777248256,4.31832484458379806114,2.02772102730642345136,-0.35070787999594044138
12.70627813276855277991,11.04400022956072646707,9.26233045162584822663,7.35080287830545930916,5.30281615094344260797,3.12704484580233188495,0.84785875853818848391,-1.51907602133449981530
13.70552039548453926443,12.05485330684122757816,10.28510400187910356351,8.38603134710484887648,6.35121692371500046193,4.18937244100279482240,1.92472642050797260183,-0.42709088453265470209
16.44654372728697211414,14.79959581683951164166,13.03273617516623517076,11.13595648767718770955,9.10305481852362241568,6.94292818034484771061,4.67990767310585553673,2.32976735769234277740
18.53697088797511227654,16.88642391948222254427,15.11453489840206643180,13.21135938691666567024,11.17077866806708641434,9.00187354079010049190,6.72922288387572109514,4.36880098992644594347
17.74928219141292018435,16.10566160317780770583,14.34067975198543365423,12.44430675148592868595,10.41034913237827197463,8.24785144975316164562,5.98139707557219590939,3.62693043292843864123
13.76440728443529160074,12.16070006702176442559,10.43904632703967472196,8.58940873735642540510,6.60552198247222754901,4.49607487453127507848,2.28504445896839358809,-0.01210237955926442635
8.37793366481190737716,6.84942384842903351228,5.20992718704986224054,3.44965662472943668249,1.56243867575737249709,-0.44361106036169561939,-2.54571280046195491664,-4.72926452709331712754
4.15802769797218463310,2.71983801209051323511,1.17913520942872707131,-0.47338239697323364341,-2.24361508612314697331,-4.12404426745598051696,-6.09332903118814783738,-8.13785413349171093955
2.79903129546035955855,1.43373726428458048154,-0.02722837305316478176,-1.59264601785903869846,-3.26807876483809067736,-5.04641224880004823916,-6.90744493032718498426,-8.83830652029678098813
4.32754473364237846056,2.99076846247843031179,1.56115088492368614403,0.03021509647160098080,-1.60737925091630273755,-3.34461200547860126875,-5.16170040777218819272,-7.04602337581583171300
7.22279769854690911757,5.87128580349095141599,4.42594256522369633444,2.87828517812824236088,1.22299632695874316290,-0.53275868452791397267,-2.36893659485133678544,-4.27272679819567802184
9.58117585856300735259,8.19619856064742435819,6.71493759319565075572,5.12870648908013038181,3.43206981673390565390,1.63241554723627735335,-0.24964462075691870591,-2.20093556922879063364
10.46394290757653777746,9.05277714705224489933,7.54393508446174099191,5.92850322658733741576,4.20089511485057087725,2.36863855806015877192,0.45279829398599702461,-1.53319198719058502611
10.12131680819610402011,8.70683140594427662506,7.19552084213214193653,5.57837182764305872240,3.84971664408302016724,2.01705637719150221443,0.10151505249403493247,-1.88348313818402601783
9.38254075767496331650,7.99180442773193622230,6.50713696051240741980,4.91961623223188571075,3.22361123863825183022,1.42642524705189921441,-0.45122463583028182832,-2.39621582547017641929
8.89839197273096438323,7.54986727256017076115,6.11110912536177952603,4.57341129877109242585,2.93125140828449382013,1.19160306992878584076,-0.62557323036249756765,-2.50766337289354090956
8.68755316331647087225,7.37753232062416586245,5.97987172441664149858,4.48605110793576500328,2.89062916312847439926,1.20023927746452629961,-0.56592140270254309709,-2.39573219118992319920
8.34743395500976248513,7.05187565034521757212,5.66898145070137360335,4.19025449761147417149,2.61022785008907431958,0.93531370778758127216,-0.81571248634334769800,-2.63099444181870145698
7.76602417467881434021,6.45794230649205758255,5.06087538050278684665,3.56618646038153785938,1.96828593308820343211,0.27353181335002446639,-1.49928622533367339464,-3.33829591856420160312
7.46508055356688959847,6.13224081050145208849,4.70822965201564880289,3.18422946266622863831,1.55452035553726553019,-0.17447015551584918458,-1.98367973181603951538,-3.86105467023489445921
7.95591600926794040305,6.60845994011556303604,5.16870137605254420521,3.62772851665960782697,1.97976040429542621268,0.23129472186065130890,-1.59840214923140333525,-3.49714368761444349687
9.14590200581426771009,7.80702264999083350716,6.37626368673943932919,4.84476748108224253286,3.20679452983387225373,1.46883685506105621243,-0.34989918274212777893,-2.23726484350736987139
10.54105963278107438441,9.23302321169650497268,7.83463309765735615997,6.33723977654882375532,4.73525223129092598384,3.03508621089841135188,1.25562163372919477489,-0.59119010352070044956
11.72592877706145486627,10.46255752186257836911,9.11107020379206211658,7.66312589958624368336,6.11334486580545100054,4.46798424468328203574,2.74536017031175516578,0.95708601199335163745
12.67245046722221601954,11.45268844668098218165,10.14730532131733120593,8.74825472320003427740,7.25034192307586522475,5.65958417751059794654,3.99360807038334586494,2.26360604853934210823
13.55204598973113938598,12.35689326277770305751,11.07804353085458437533,9.70759136700574032375,8.24040793936411652965,6.68227387169124042998,5.05027878649357386820,3.35527157215096583087
14.39821949851537752352,13.20369534631569052863,11.92631235291214863992,10.55810978363284213799,9.09389050128154430297,7.53929849143991326343,5.91124447420116361229,4.22043637571490304339
14.95212440807604359350,13.75364444680929665310,12.47278560441469608122,11.10148666501150849228,9.63446329792570388406,8.07730873697020967938,6.44694555725466500462,4.75405268412190995519
14.71498260022247350776,13.53161929471238522638,12.26719400988256047924,10.91371015492609686248,9.46592572556379074911,7.92938412755121202480,6.32086873493866008289,4.65095059850456848949
13.33886510152960447328,12.18583080283847941416,10.95365515793974786618,9.63460541889111610203,8.22363887020740413902,6.72625461698499904628,5.15892365535167307655,3.53203660244188366590
10.99673312693843207910,9.85651161744370973850,8.63780961204391140029,7.33315278027718164822,5.93771787072500956128,4.45709021108853775672,2.90766101271677790407,1.29982248790430698904
8.63450747974621002356,7.46350831193383434936,6.21198995564023537241,4.87249387139141099112,3.44026666288799853888,1.92119543230944977985,0.33218849657403687337,-1.31597429071826743652
7.55441071528940089053,6.31820623229785827135,4.99733534741961982206,3.58406090832336143848,2.07349328183245074086,0.47195322972573677811,-1.20263834007618597433,-2.93882591947922966469
8.26049434940612670175,6.95809589037741549333,5.56673432970379433726,4.07824300752425461525,2.48746801221336211185,0.80111442567232427070,-0.96183865523207978665,-2.78927373635333264446
10.13199067586235102567,8.79454941826014824358,7.36559640752071409509,5.83663239433103253617,4.20227880233881645466,2.46943502769123801599,0.65771324587788970728,-1.22040092978139580460
11.88775251122382847768,10.55369555300622508298,9.12798718818559073895,7.60203982330457073147,5.97040083246874431211,4.23994778608318245716,2.43032705129119896981,0.55401749983909931441
12.31367811014190749574,11.00534498569807873025,9.60714391612990326053,8.11059909503484099957,6.51030857480176905483,4.81295397719305828588,3.03773903906093067917,1.19684795759111151092
11.27394487848665605156,9.99646455739011408070,8.63194194047340346287,7.17210556883596161981,5.61165957199272824596,3.95699323402126346139,2.22662705456352094657,0.43230786141073362927
9.72114542186771757315,8.46136430823097995813,7.11681921423895413881,5.67938047954148217400,4.14382222433356428581,2.51630708151761206537,0.81484855045878257229,-0.94913231887253024510
8.81131712067886319062,7.54079024845815126810,6.18554558455545322460,4.73739214929448060332,3.19105439320252948221,1.55268076009736977205,-0.15967385262464472984,-1.93457154277852683144
9.19810705305427944722,7.88193726220957024964,6.47779287908925205386,4.97719441814198049201,3.37469237013719380869,1.67671484942219417569,-0.09793940883025113731,-1.93735902207776544692
10.58449956701748817522,9.18792038547444178676,7.69657272778563239513,6.10152124970826204020,4.39706870846628117278,2.59023817991074745137,0.70125525318358894467,-1.25702732273274331298
12.17227244596805313392,10.68562117776093778332,9.09587982504056569155,7.39365609128823386698,5.57302406834300789740,3.64171604815044869241,1.62157182645043884683,-0.47346060233417774921
13.52314047415205067182,11.97723821174239056120,10.32189378445612426560,8.54744510097767751233,6.64783922175756281092,4.63128111431122668762,2.52064117004648835518,0.33059755364889831242
14.50801105383276379257,12.95466945864626140406,11.28984805633509225231,9.50385834994868083925,7.59062516529084430061,5.55836468300818520305,3.42996419270899455256,1.22015613565669545082
14.97076813696687302979,13.44887870807952090502,11.81736772145916880561,10.06667040667602641690,8.19073517924169181015,6.19739816010129285218,4.10876327610005454005,1.93906273879273771676
14.76338901745808662724,13.26932799667281415168,11.66826295671389956965,9.95070397805904605093,8.11058132353192284825,6.15532316018145664316,4.10626072105524553280,1.97710524151878264121
13.96518821158309364705,12.46283494255061974343,10.85393573768489083875,9.12890695878937385999,7.28158796000971619833,5.31930850757360396130,3.26332558727543009525,1.12727775545208253050
13.03738978534756220995,11.49913075038813303763,9.85238995379673809794,8.08739699614246099202,6.19789394691805028970,4.19146543187528486385,2.08998993322370774095,-0.09250163943813076439
12.43766308355463756641,10.86933473184255305455,9.19015288678719421966,7.39022446010182232357,5.46326994171885260698,3.41726698542937956660,1.27488942321771214772,-0.94931460546422730129
12.17425369419981429076,10.61137044630231862641,8.93712969540285584458,7.14169367190197323936,5.21886870471158914597,3.17685819115478906838,1.03867167799047188659,-1.18092291073124022738
11.83186181331154074314,10.30850802527654330731,8.67556361323084956894,6.92338975800267064642,5.04593303774247914362,3.05131668672743439075,0.96222012889011898640,-1.20680558729522746653
10.94950053540602574742,9.46745226409790952005,7.87814352172875409508,6.17211900271947744301,4.34341875353832929108,2.39990291403920519286,0.36361876187730141075,-1.75129665147481938803
9.71948156310020827675,8.25049762010702636417,6.67534711177708750540,4.98462678911482370836,3.17237719840092102785,1.24624652505274902126,-0.77213415544407837388,-2.86889599052434363102
8.97513727246708548080,7.49063070010218723382,5.89967774431306413163,4.19282319999396246857,2.36406306290439749418,0.42102136758986402620,-1.61465586169058017418,-3.72908352692277267337
9.38217287684587830654,7.88631780577843155555,6.28410848961051460293,4.56610727144378092390,2.72633959984349250050,0.77250351436414976813,-1.27362645272243213412,-3.39807376170864072762
11.01611367141099862010,9.54966387148080642078,7.97920503128822211636,6.29555404618254765836,4.49292944053950016325,2.57898549259049136850,0.57520166338309564047,-1.50462666979291448399
13.17822497018264726876,11.78183039589779568246,10.28590731955980075440,8.68170864160799737874,6.96374566321678312164,5.13940779578301132346,3.22932075164707343973,1.24673246201930676413
14.84041108795698704625,13.51556903744444859683,12.09561524658549380717,10.57217729500973391055,8.93999195921587386238,7.20608642305115143500,5.39011250172230393929,3.50468121066634097360
15.59151155564818225230,14.29662834116292025044,12.90861574808413791970,11.41920081938050834935,9.82315361945171794389,8.12726538211005866685,6.35068448657944095714,4.50567879245862279447
15.58414278116457829526,14.26120930573152811860,12.84359328501677666168,11.32280128583177081225,9.69343750417820970711,7.96233151847324460704,6.14889874803865410513,4.26556319043588594297
15.08495312920271125279,13.69488000298824381673,12.20557664559357569090,10.60816144118560266918,8.89699289333556109227,7.07921697417215511905,5.17514723199555337629,3.19779385242706437609
14.36201600331642502795,12.90635753388012929577,11.34611753050412552568,9.67207634273438898731,7.87840160237657016751,5.97264494735603612696,3.97611615268046092453,1.90250017074059396549
13.50291519971447762316,12.01448214936961100818,10.41771738714797201908,8.70321341251482749612,6.86502978405718167210,4.91094371896848347347,2.86280205102402174333,0.73466774856494843071
12.39064956295317010415,10.90893325277429326547,9.31798390298321876912,7.60834277525170410428,5.77401051595662728744,3.82268146455289903329,1.77607949173282886335,-0.35180809755961389707
10.93112494731911610302,9.49316561224427424293,7.94861770590610472453,6.28810415099435537911,4.50561532957732158167,2.60845769713359976194,0.61759576797214443822,-1.45351206775900743118
9.39717688708243414908,8.03483211483509762729,6.57209363281992864358,4.99983172947188236890,3.31211729972317447945,1.51564560477991050469,-0.36989392116286934353,-2.33193849067673042441
8.33048608071969987066,7.05464886041518912663,5.68623756778713485005,4.21650784746279061466,2.63971923606071667834,0.96194355089111882595,-0.79853336922095141670,-2.63012615224952339688
7.85254916206770303688,6.64191744697459185431,5.34503780484453017152,3.95354687654503278438,2.46193023370366192992,0.87585139710235160315,-0.78742614794300502812,-2.51701512848364750141
7.45078309335679200842,6.26267599878923153511,4.99097571975124498778,3.62753737721516378301,2.16700000008065973844,0.61491872242668699222,-1.01180784063796158634,-2.70252478862511180679
6.61642022581656696900,5.41127865252591000456,4.12148656550723391234,2.73891794104783636854,1.25825399881489929932,-0.31480597470800963933,-1.96312538105492184748,-3.67586178439815025598
5.60209722895433692713,4.36557865628033159311,3.04164662667332352797,1.62209277002125173972,0.10157905212104099968,-1.51394805442079816160,-3.20685549266021752146,-4.96593827138705368185
5.20653020611365047188,3.94983884491659775762,2.60381295522966649258,1.16016477589220579070,-0.38647390310103396649,-2.02998110989840085949,-3.75235418353927574486,-5.54212999431869768330
5.69274001865360457231,4.43049735949216660913,3.07870613450344743356,1.62901693762117960596,0.07602888151047501597,-1.57405644709495184941,-3.30303862215503718502,-5.09934538806692660984
6.43837485142142451622,5.18045382517533603561,3.83402690391028588834,2.39073450178588586823,0.84517992921324647249,-0.79638251004465143712,-2.51563715638495866145,-4.30097395782626712446
6.63257683893933158714,5.40117179180420681206,4.08400048319965414123,2.67288648290127595075,1.16257420420287305163,-0.44071171181381696424,-2.11885262320870149111,-3.86038836983222122257
6.00597226347025348048,4.83852134430752478522,3.59057093574979546702,2.25441441946313991807,0.82512173482932893442,-0.69132694868427657653,-2.27764127642105673743,-3.92289383259956903061
5.04308323462169738605,3.97298725311694944651,2.82994075337868711273,1.60690567816293916614,0.29938381260750901447,-1.08715043365906383066,-2.53687010144003144418,-4.03978212719860430013
4.78846085177777514019,3.82124287707062082475,2.78905475015112802595,1.68549761509137008275,0.50645844660612138188,-0.74321709926811885261,-2.04935522574598483203,-3.40303338158421686543
6.31388891872974333808,5.40999148536679097532,4.44603211138072573760,3.41596086366202822404,2.31585862734635039573,1.15014164486743464266,-0.06806923175719695185,-1.33054444241255720449
9.84534108122614526337,8.93589545678701036024,7.96554627294943706772,6.92818935569088534265,5.81986884400050108468,4.64503704708137554746,3.41691849595295016329,2.14381207735475109999
14.44345213811199180043,13.46848794604810706232,12.42640312677442437916,11.31074213323222288352,10.11736429253153346508,8.85122125580896401686,7.52669664227740753404,6.15287500535509401800
18.55243287683884645389,17.48950072469685323995,16.35087919137749068454,15.12969378169026057890,13.82160148505084684700,12.43224942895255580311,10.97757100938104102283,9.46772234343934293577
20.71306233836996213427,19.58754523624500265555,18.37966721787333312932,17.08230830526126808877,15.69102402159287557026,14.21196936267010180188,12.66214698755061540680,11.05248378784433960220
20.42410845462253021765,19.28916499397589134901,18.06982131573668226565,16.75899203217235111651,15.35227321800088695625,13.85590677689820537921,12.28699380664551021880,10.65658398730715639147
18.58559152230890987312,17.48625407357934591346,16.30479752374733593001,15.03436690643935769174,13.67068439973922089337,12.21970597910280353915,10.69782358967577806652,9.11564862270681430800
16.71628494469750592089,15.66556256115158518583,14.53687512992741659446,13.32359325286774165420,12.02154002200595428462,10.63626160574795598279,9.18324404127671556353,7.67248813152362529877
15.76722401565594111617,14.74388771526705532722,13.64559159606001870202,12.46575220471569700464,11.20018295481335179886,9.85417640341647427249,8.44275137607727721445,6.97555164614345546426
15.53640942252729395534,14.50820699275252323446,13.40549160076322543489,12.22156593451270367723,10.95216038893537024990,9.60259151034330216135,8.18803437411065004881,6.71818677504788475119
14.99816327952013672586,13.94622735412878178352,12.81849486802391346885,11.60815333118855186001,10.31088930519917568063,8.93225897028933601973,7.48796655804243993515,5.98804167204187276496
13.39293401327506671805,12.31843213790422453258,11.16686049642423839146,9.93141086522064675535,8.60783138248355683686,7.20197899887253623064,5.73008783409767996631,4.20255379132942596954
10.91897912111219604014,9.83969639285131592032,8.68364186891669831425,7.44415703817238583184,6.11714401651676276117,4.70864183174550277045,3.23508314806021735066,1.70702444725932700464
8.44909503520665872145,7.38796538900092869540,6.25234051880293151271,5.03577790583374707012,3.73434337312253861185,2.35403168622391012477,0.91102438187043388584,-0.58427505862276618576
7.13669689492003644915,6.10594569349302940253,5.00377498948059695749,3.82390697877574536889,2.56249746494810182185,1.22532259761726525227,-0.17194903673486280904,-1.61926742840409931823
7.89548619033651544186,6.88400979649745092814,5.80283584694545506721,4.64571296836859648494,3.40878007364181856431,2.09761180983885653362,0.72750596259076538708,-0.69175678736294388127
10.53201699400488422498,9.51139893946301917538,8.42011647064697932308,7.25176881450149668495,6.00237040298200064115,4.67746444478041478732,3.29241941259820114496,1.85704410655454865697
13.56797359210710851585,12.51695455537173096161,11.39263951061705348877,10.18835971841488863276,8.89993701335765230453,7.53301768840161312113,6.10337833781108152209,4.62107898944414952069
15.15443013754324397269,14.07321224623471067616,12.91665775029261631346,11.67784088675525033807,10.35240152325765450314,8.94609285696991918257,7.47510629725488673358,5.94974730431626319671
14.55422519647385115604,13.46120673912633769476,12.29277730029358828290,11.04190601038264851752,9.70415887817392963655,8.28532734008929949709,6.80177491606349082787,5.26389185431997130848
12.88226374312487187979,11.79669800166025872556,10.63696956358489309480,9.39613579385624220208,8.06983499753039978941,6.66386455275076450278,5.19453314253323483740,3.67218979386059540815
11.97125380828542517975,10.89249400644198395582,9.73992266893849922837,8.50672485968529556999,7.18865068718380584301,5.79155713162102259162,4.33174341132612372718,2.81957599281070647734
12.82744634524498295036,11.74083829244735888153,10.57861275956175717283,9.33395361223423236652,8.00262736231942817255,6.59059582450687120314,5.11432246648407051737,3.58431800770716968429
15.13690324109060370006,14.04007557037755837825,12.86509849645696057507,11.60504469383618086908,10.25558959524053470602,8.82269762381478273028,7.32290398145615029080,5.76679453231640426480
17.46679313171519609682,16.38042654281386489856,15.21525227941145530508,13.96426909053797871252,12.62304626993387302036,11.19731381896593802594,9.70323648725573661977,8.15116220652883605169
18.24523961633148161354,17.20055602963311613962,16.07949405368209028211,14.87517169310096853962,13.58316970901447717779,12.20879230185277108944,10.76734293379076312647,9.26859850092743187133
16.98560579823513450037,16.00398965660095740304,14.95046178921300139564,13.81850485206294187890,12.60390748598179833095,11.31155743920862555285,9.95570699252510316057,8.54545560376332069552
14.46573776801091426591,13.53984570121747843530,12.54579709571430967685,11.47754617808593380346,10.33121978137036478529,9.11153164768009560248,7.83201196289303602782,6.50133232272795158480
11.91479256788989360416,11.01020671023894870189,10.03828712933888311909,8.99334849069188990711,7.87183055642896878368,6.67860478094207810074,5.42715104765089151329,4.12617761571097396711
9.90171578236566496400,8.98678478053910012591,8.00312491866404229768,6.94518664533842855491,5.80956941044833374832,4.60142780074410406854,3.33460866912034292753,2.01811886693340714061
7.92010864638120537506,6.98048801718861255949,5.97061547665288028242,4.88484138945224266593,3.71971331214820200017,2.48052610767815373549,1.18146371618419876448,-0.16823795518735507049
5.26626125417622859004,4.30133114057320309342,3.26589401428370385005,2.15404838911781748578,0.96213100875020429736,-0.30464228711563873242,-1.63198116137604132270,-3.01062885942315583421
2.13911437404465187839,1.16677618490832157860,0.12578690436021966459,-0.98994359294602130017,-2.18426845483135911863,-3.45221185027251653565,-4.77970104759028391328,-6.15769610949917112208
-0.14495204642490944202,-1.10366880150303248165,-2.12798514572295482949,-3.22396561037616713463,-4.39547787724347660543,-5.63775038497029878926,-6.93705725020534114122,-8.28463660300424997729
-0.13323289210934285975,-1.07146969645229006574,-2.07299606636134781112,-3.14367370595604533889,-4.28720650100034372798,-5.49881324931048709459,-6.76491405156409175703,-8.07684509068839950885
2.32756268717252146061,1.41081845593318688792,0.43177511718430477972,-0.61515965214412304807,-1.73344517381427953850,-2.91812874547501976963,-4.15557272230451602013,-5.43704372864108176344
5.86725711028890017928,4.96921639822586502788,4.00879333605509557970,2.98059549863806338976,1.88135417398184801030,0.71620662243542931868,-0.50108194091248592361,-1.76166175838213012739
8.61598465514252609410,7.73451304335624012509,6.79035053622011908203,5.77817652858744956745,4.69478434383752496473,3.54535273897144032063,2.34363404257609486692,1.09848049239689604661
9.44322191597875004732,8.57899301000611558266,7.65230951880456178316,6.65786860251825540757,5.59244958027596084094,4.46109455250073683175,3.27728458707220315915,2.04969316550712221670
8.69475371054125467651,7.84161376182697633652,6.92644980551210132091,5.94400616420510985449,4.89107232913482015135,3.77255434599309991128,2.60164654859494159922,1.38684573718474113413
7.66355418296036106085,6.82083258323593533134,5.91700574180373539690,4.94695942756397766260,3.90758560227616147387,2.80374274803660572530,1.64841984277676134596,0.45000330223648798977
7.52067575899617946078,6.69770960803460013722,5.81555445623761002594,4.86930818554995514802,3.85602492933171570044,2.78053128046983744071,1.65558271068071150012,0.48942795065254862674
8.78235299031151939175,7.97815673396645053117,7.11654765465174232730,6.19275656510122551879,5.20393753181089824267,4.15488519943081158203,3.05819057320782405895,1.92198601510812139281
11.12299528375604573682,10.32094161783257924014,9.46149570780351822918,8.53983949471073167103,7.55308911363127588601,6.50604176925221278083,5.41133461011180916245,4.27710994358467289089
13.64157599878236304392,12.82128858880914279439,11.94133731514326335343,10.99671339945229853186,9.98439016061610651320,8.90921454092203823905,7.78406216869905964728,6.61722838224940002050
15.48744441807761162977,14.64330817819027608095,13.73616594553085512587,12.76082548613528544479,11.71412065518752321225,10.60094518057583101722,9.43438936338877276455,8.22291892140637692421
16.34971146367016814338,15.49649663068367466678,14.57799269938066544228,13.58895150726701928079,12.52614914989476879725,11.39442862257451061225,10.20681146635716451954,8.97176537795961870358
16.67234625693884808584,15.82774415827495673170,14.91770728943289370250,13.93702451410506348850,12.88246395283205458782,11.75868530015901392005,10.57834177041459788882,9.34968831690797053113
17.20508577707204977969,16.37078506256718313239,15.47223899100594124434,14.50424626475863831843,13.46354092609811026193,12.35456108376670592008,11.18956878018544109921,9.97655391852591577617
18.27928952265062179094,17.43603264140316966291,16.52914422254884740937,15.55332236939794832153,14.50520564323262817652,13.38913598525860315647,12.21731455905914742743,10.99766178887849399359
19.66112019013645806353,18.78545967273890227034,17.84522194189445443158,16.83492962904701428783,15.75110226537848134853,14.59817074573403417048,13.38866737176720889124,12.13071153871347362951
20.71232668716467273384,19.79825039995539270876,18.81790776400143982983,17.76570067798782304180,16.63809219192466315462,15.43970776366148456304,14.18354255340033986954,12.87803163391724936560
20.77761700620267504291,19.84502278848929535116,18.84567807943714967678,17.77403698042117596856,16.62663114280504217390,15.40822378168307160706,14.13201816331114102354,12.80661837829485172335
19.78089318306985688878,18.86971515009138400387,17.89427105133749407173,16.84927711772260749967,15.73145465066195924919,14.54546950525491233464,13.30413899118694764923,12.01584024945116091487
18.26977796202302428696,17.41584992093797268353,16.50288204343579678834,15.52597401831749657219,14.48208290871998649152,13.37551443474336565487,12.21813630538068373710,11.01770369523720205507
16.94218694650931666956,16.15640490982118748775,15.31763508626867675844,14.42132749870030039574,13.46462516548987053966,12.45134809210349935427,11.39222444793270128116,10.29423570114392916253
16.15311522832344337530,15.41848192139983098059,14.63549923951183018289,13.79983641241777903019,12.90873558362337902850,11.96561964118397369816,10.98034444902755346618,9.95928561613409613074
15.61645459814054603953,14.89710319010695549480,14.13099080000557883352,13.31387810778016422830,12.44306145849428268946,11.52186470597088074896,10.55989805829103289625,9.56336829304063407164
14.79332081711527813184,14.05708696095935117398,13.27300330785272386436,12.43685767594072189013,11.54600743369190851695,10.60398358476852109789,9.62073759290956864731,8.60272776060737065507
13.74683813836462853430,12.98515702601915577930,12.17392515133791164317,11.30893558687647981742,10.38760362784146806803,9.41374171600260645221,8.39779197260341270237,7.34656849675511747222
13.36142270191322545259,12.59213032561643608176,11.77299913666410802193,10.89981293968057229904,9.96999294246282552479,8.98741837215782446435,7.96266070741940623634,6.90262218646350866891
14.59803708054428028618,13.84845676891629828731,13.05072427621273334353,12.20058980411885052320,11.29539903989817517527,10.33877072079870806931,9.34085362937213048440,8.30823244275308958606
17.54482927862825647480,16.82025226477243862178,16.04934302724156580666,15.22776202738150530536,14.35271426324268162489,13.42745080284931091796,12.46155499979618319628,11.46118432546649401615
21.20547523799821476587,20.47874142658166718434,19.70502832298516082687,18.87983811953722579347,18.00022602649792347052,17.06931738833386091869,16.09660558980593947354,15.08816418794353175770
24.27469680952047070832,23.51207398941378556856,22.69883541702257545580,21.83029917745534476126,20.90341810113674014815,19.92155417558438657011,18.89475919210487120381,17.82949936326863848990
26.22391563734832331534,25.41487416044614278121,24.55041649612261878133,23.62572428107971944655,22.63771782798665910263,21.59016976011286814696,20.49394681353415847980,19.35611018466475741207
27.67769065322638510906,26.84052439741907036819,25.94427175619513903371,24.98406012641131468399,23.95681384726639606697,22.86657021827415192661,21.72467973790202933060,20.53858313104603539045
29.57715485503856456262,28.74376405673229939453,27.84994931406556872844,26.89083199909683585815,25.86331111161863205439,24.77133513650661456040,23.62607662020022658567,22.43489422343944283966
32.03846765076981029097,31.23624800957655622824,30.37450869314503165697,29.44836938123368597076,28.45464407119073513286,27.39685842539765303627,26.28542195598965491854,25.12718872273092074465
34.15494114795927771411,33.38564967222119861390,32.55836803722586125787,31.66814537748896540847,30.71164220755633778026,29.69188064935867643612,28.61843442444045848561,27.49757408725526275362
34.68116516481268973848,33.90749622105177962794,33.07530733947621826019,32.17940246059104936194,31.21621078709961949471,30.18855685097387464566,29.10587896275674069102,27.97431091945002634702
33.05020299105201786460,32.21662294363979839318,31.32062226480929467698,30.35657805303206657754,29.32064451646813907360,28.21596294216747224937,27.05290811556587726727,25.83818933750409385652
29.93856776016375675908,29.00958118154505172015,28.01214124319905351967,26.94014553354253749262,25.78950281694324431214,24.56403960893464599735,23.27576642357810854378,21.93245006421544474051
26.70122375672492864851,25.68892577834739299192,24.60297114894442316313,23.43693051995272469412,22.18658425387835464448,20.85642852198827768007,19.45994763067847088678,18.00588457759157634541
24.29179547710897324464,23.25036746019252476003,22.13360699934655784205,20.93504469344687279886,19.65048708653019104986,18.28472907832654215099,16.85182076386117344668,15.36089528188007591325
22.66331443838481263242,21.64273251159699640311,20.54839890529993340351,19.37400747268027245696,18.11547990471562741277,16.77753892801409207891,15.37396666361704866688,13.91372974024628028644
21.18492551765237408290,20.19385638593893261827,19.13104382842803019571,17.99034606674062430898,16.76778842681254744207,15.46795754346766749165,14.10425176903813593299,12.68538450693742447584
19.50064312946124189807,18.50908028151620499102,17.44565523872623202806,16.30421672267562271941,15.08079416704638120450,13.78003416027177507885,12.41544799801002696427,10.99581608073603256059
17.82922999350459747347,16.79554348088920434634,15.68716402248239560890,14.49770049911704106194,13.22305145853894003949,11.86816516657062514639,10.44729581938052120904,8.96969819650165156588
16.74850993680066224556,15.64739725899872091475,14.46721488788480769472,13.20118161228086783865,11.84496857642634104479,10.40393877470975780852,8.89342317115769986913,7.32336430720152176121
16.51041349299459071176,15.33688992243947346594,14.07956385057892845225,12.73121800883324894471,11.28725780864664152148,9.75345097133296157210,8.14622767512413759050,6.47623090853869420869
16.59084996399517919485,15.35433298777824795422,14.02963643120942194287,12.60917388113592529919,11.08813031266108417583,9.47264293206234420097,7.78011551110845456236,6.02181928667372279307
16.24191068316125807769,14.96112070118417314291,13.58869586162245823857,12.11682167640964102873,10.54056421477088711924,8.86638348017497079923,7.11244482055794602360,5.29052422550198286899
15.19231906493324579799,13.88641153455652954563,12.48659787998415815480,10.98494286063544400633,9.37646196251861674398,7.66785365169434829369,5.87780025238291425893,4.01842357546079576025
14.09969171263075793377,12.78594870031494679097,11.37747798158937762025,9.86628138711934710159,8.24734513523662293721,6.52747565721941302996,4.72559649237464984850,2.85397948386100086537
14.25036997746349953786,12.94143679400461621753,11.53838283473166370641,10.03317178702350709329,8.42075518095345287861,6.70791047949933094685,4.91354915145135873189,3.04990621086712865306
16.28722888076746855290,14.99282020646445090506,13.60597882155239801705,12.11867127298268087543,10.52582439765406085996,8.83406619989756691780,7.06205464755725209614,5.22182358659498202513
19.58415167278918289639,18.31734784963312989703,16.96058059106052695597,15.50591797429128959607,13.94831657690313875264,12.29413591491037571757,10.56148178169675055926,8.76200870556806599154
22.70107289359674851426,21.46979230499810498145,20.15106214756718827630,18.73711545059329353080,17.22297524402670632071,15.61466988794090759995,13.92957833988065274866,12.17888196070344797306
24.34972824405642199963,23.13892044000271397408,21.84160716222726250635,20.45009991202173793567,18.95943878648816749433,17.37542511649510856842,15.71496135041035913105,13.98892809659006708500
24.33879721888905223182,23.10234498574692807438,21.77680586908158133497,20.35430493046060007600,18.82975147670252624721,17.20904136684015028891,15.50939341314739650102,13.74190326934693295868
23.43307369960056618652,22.12458444907722210360,20.72128307390827473000,19.21485096507897694096,17.59992839845627798923,15.88284101860939045991,14.08194091821188997926,12.20906312449323749547
22.39683672591480601000,21.01689063471831886432,19.53695565987516502560,17.94829994762925906571,16.24532532896343184348,14.43481542338692413807,12.53628691383629778500,10.56232925758474650024
21.33809711622953031451,19.93891171850690824385,18.43890082469511071395,16.82926278181972534753,15.10437270353335215134,13.27115623572160885146,11.34944910649122107316,9.35204742677711031718
19.83800416924902165761,18.49447540521207500319,17.05515324509114449825,15.51163936122480713209,13.85856628308984994646,12.10253107812545891875,10.26245632067142565802,8.35054953035232294667
17.60773230639285458210,16.37702056941518335975,15.05991326392981477511,13.64876068270463349563,12.13865532327124618917,10.53549827392552984406,8.85635616172042894334,7.11223732754756809982
14.90454604044148112507,13.79339165868214855948,12.60571941828285424947,11.33464873927387550623,9.97574380156332729541,8.53418594280036302280,7.02512665453277485028,5.45832854675626855112
12.41025239942165114826,11.38169533259867094444,10.28364211565030217344,9.10973318218738903340,7.85586477852189180027,6.52679223472551139906,5.13648240793157295769,3.69391171688369679416
10.60427823661914992215,9.61396982296856705830,8.55775521223258550663,7.42950650591216454899,6.22528680252033073117,4.94975588042981229364,3.61652604612625161451,2.23431408927998376157
9.23465794628837244318,8.26778133358019395871,7.23741519820939238627,6.13756777814387888270,4.96441312584628136051,3.72261783538253077097,2.42570131373467035019,1.08228830169316725396
7.60705732741555173959,6.68573659157426192223,5.70479192005271595889,4.65852798024260916776,3.54332594032831416087,2.36370346411516996099,1.13267044432883734473,-0.14149415627403102991
5.25734065703702668770,4.40869637949219939088,3.50575302182123937911,2.54332631176795231909,1.51813680420044594399,0.43436700330934358005,-0.69600656307490416097,-1.86535725502864058178
2.45139318660051674925,1.67556070184384586774,0.85014158572527120938,-0.02949566460543854782,-0.96625925907671150750,-1.95629899816535024470,-2.98871418252216125566,-4.05653006241564639822
0.09738823406545454864,-0.63657368454484164477,-1.41790156503568898216,-2.25087024335343821591,-3.13813420180257862668,-4.07597822373280305186,-5.05406379784367576491,-6.06573555561123267665
-0.97547149297570545645,-1.71276542593363356737,-2.49811048471798224924,-3.33576395817793613929,-4.22834604985239170816,-5.17203021882665225917,-6.15630480141088742840,-7.17438848488784852719
-0.57518607960985057570,-1.34377651267850928285,-2.16229781053212999353,-3.03522425855841682107,-3.96530511096411419913,-4.94849894513461929790,-5.97372020758372279658,-7.03383856172457644362
0.87309235168600163313,0.08163148937830928820,-0.76042949870717468919,-1.65773686434698830361,-2.61315157361408179071,-3.62251867764931523297,-4.67438643403856879388,-5.76142009875805793939
2.93607603955922691341,2.14721999414476183432,1.30870172528881800744,0.41589875586571911636,-0.53403778991257266906,-1.53699585107009228935,-2.58160765591185725754,-3.66060410481519582504
5.70071530207921650657,4.92601039921194239213,4.10249605822568508273,3.22567369592987951421,2.29277439087167866916,1.30782012093233857009,0.28190878067072877577,-0.77784687060357049493
9.37330001780157573421,8.59566145260987113375,7.76780456904377114569,6.88523687054458299883,5.94520024342142416884,4.95176185871479379585,3.91607352004305830917,2.84531530818648770165
13.61542523613216992828,12.80282577187172243782,11.93576034973348320989,11.00950364180752671928,10.02115982910796709859,8.97505471003497667937,7.88296952722167709737,6.75251669477614946402
17.40505509388005833671,16.54408833742711237846,15.62384805691014300066,14.63923856162271519565,13.58712498794108114453,12.47212394594897055811,11.30682991030658435250,10.09938191435698229270
19.54962678397305708700,18.65317925163897072593,17.69473556094718347254,16.66885059365827359557,15.57212932618475242919,14.40927039305682555437,13.19331538567322503752,11.93266083226123619454
19.61738887810014020374,18.70603906931100368638,17.73260169145537545887,16.69137737048635727888,15.57873752429142832909,14.39919855460102837696,13.16572012710637906707,11.88659283091836549318
18.42375948316526645954,17.51096613594913264933,16.53742417232883354927,15.49728436067562320488,14.38674308468053375520,13.21000649736242849031,11.97964317124151101268,10.70364065520827523414
17.56238467772833189429,16.64899381995932969858,15.67594623340130333133,14.63729277805894390951,13.52910630748165132786,12.35534929902281220393,11.12826744472487838777,9.85560484278187409757
18.19633971513693637689,17.27894670200032578578,16.30214908355239344928,15.25989702150114446511,14.14816622359739994863,12.97082123911945927830,11.74003266814858292832,10.46346915968247692774
20.15905715001744269443,19.23979010425881241986,18.26115906695554258476,17.21702099485605685913,16.10327813758367554442,14.92379157112559440179,13.69081134295180746108,12.41202644449037606478
22.12754419679799866572,21.21407668490566322816,20.24187080163468976934,19.20472645140429790445,18.09850026368967235157,16.92704461358592027409,15.70264942732170077022,14.43299044967073108126
22.49295745440901939105,21.59245823421254328878,20.63454238370963267357,19.61300696246566133141,18.52369495892329709363,17.37039231517987758480,16.16528278119822914505,14.91593587739769510847
20.53830580374088299322,19.64885978660549525898,18.70310341464792713850,17.69487569489449185767,16.62004342082856567231,15.48233979748543376331,14.29382512391285686704,13.06197256057590472267
17.01688339106368985654,16.12704451278685979787,15.18078865823272849411,14.17201176580882204803,13.09663865700330909192,11.95847273787850895133,10.76964637039550254372,9.53769496068416344770
13.65173483613317984009,12.75075223935813539811,11.79210392405929397341,10.76972631055906326480,9.67961041542610445276,8.52574482065932315322,7.32054382257076419194,6.07176051999535637549
11.99953511103713665875,11.09137433144397810736,10.12454295698741724152,9.09299968670844371843,7.99277745906131542597,6.82799780275986112343,5.61128079475366536855,4.35053724822235388103
12.18282647997513556959,11.28670644722264171378,10.33253163959109066639,9.31430828001270860739,8.22809407897063316284,7.07794586837611561236,5.87632491088988651029,4.63103597208762973736
12.88720594182632162017,12.01833237381631036556,11.09336810252899852003,10.10641552151006195004,9.05356891859317336468,7.93867829880157938049,6.77375841306701786948,5.56630685262872315633
12.62648507027202349207,11.77824115996234510817,10.87549956388663652262,9.91246407960452025065,8.88528157663188089543,7.79765692838651780505,6.66126340487969414994,5.48337022631143522489
10.92695669318139373161,10.06438321847534922426,9.14625130306859013274,8.16676696241420074784,7.12210747560166890224,6.01612881790707110241,4.86076643669467411968,3.66348357274792002514
8.78716275904891297444,7.86025756652653573298,6.87283604022837923964,5.81889080695675620092,4.69452852399759290591,3.50412200911218318922,2.26069377541991389791,0.97246272143318801540
7.74424752198369681366,6.72178931853772176908,5.63131920117057482855,4.46640603884537235047,3.22294780348410991877,1.90598356850280148400,0.53006407095537610985,-0.89554938902523717470
8.63436573574341181825,7.52546263211639132606,6.34146965259280825933,5.07547552618109154565,3.72309103522880935344,2.28984565932533845611,0.79155526243413698584,-0.76166756173298399979
11.29497401411806656313,10.14567535739349146695,8.91751389794992732618,7.60323815296930849428,6.19820328818142662897,4.70801610520744784338,3.14891055327101332395,1.53127036812940686694
14.66295657564715959609,13.53363490869303653596,12.32629904032041068263,11.03365083974763116714,9.65094515011796261206,8.18346280115785518205,6.64689657754189777705,5.05125663620721532254
17.38870835790253721598,16.31404697449096730111,15.16504242656795220512,13.93461849827056830975,12.61812657143242510926,11.22043834112114524260,9.75633077180540730922,8.23520038884852212391
18.63750859384447622347,17.60311924007345396603,16.49728125947848056398,15.31317668941017373641,14.04633430371215929711,12.70148628923608313812,11.29293994903862419221,9.82978494755364806679
18.37937471373188458301,17.33401652451112084918,16.21661302842565532956,15.02036105497748152970,13.74084782382041503013,12.38304660866054440760,10.96167907190897139458,9.48610885421703464715
17.29523977531911427263,16.17824298932583104715,14.98447307266333616838,13.70672589299261012741,12.34037029558457554401,10.89088642980578747199,9.37424378807972047412,7.80060375048177601087
16.28206329077806913119,15.06079457544376865030,13.75593099131646646072,12.35957472739392315475,10.86665023997206169781,9.28316838375201491829,7.62664784107198023833,5.90821931147472678703
16.01676079621552872823,14.71145893695486073227,13.31719419059631626112,11.82547152597333450785,10.23080824331869465027,8.53954362104937025890,6.77030551126616142454,4.93490931745317329415
16.70380821995436093630,15.37723056308967350958,13.96058940568366324442,12.44524195242352071489,10.82559317904222773166,9.10800161909729055765,7.31126427102502685074,5.44729935458626535194
17.80971992973698903029,16.54058712477397463658,15.18567961904297725084,13.73679341053993852029,12.18862160081694412384,10.54721927323290309175,8.83046886903929184598,7.04972388508519642869
18.37082798688183160607,17.21107262592192554962,15.97333474721263257834,14.65022473595915464273,13.23698295589199425137,11.73916857289733783887,10.17307989235849952081,8.54908984034779884098
17.59792805291482764574,16.53993317059596890317,15.41112043114359941853,14.20482757303324383713,12.91678426350826747182,11.55210934017325463685,10.12569007764714967834,8.64701701915507747742
15.19171390457058201662,14.18607290678264298833,13.11339900997919727388,11.96735490863389372862,10.74388476482319809691,9.44788671610552199809,8.09357791084898181566,6.69001109936028992564
11.64405829038679662801,10.62906573809284971333,9.54669201092514718709,8.39046047551878970694,7.15621642792228040975,5.84890979886208217664,4.48297714462420771042,3.06757702942169308002
8.16965659020103807109,7.09605274647210837458,5.95132537279692197529,4.72853494139974372956,3.42321765979994818707,2.04060947009128978991,0.59606246892495351464,-0.90071720870675908710
5.97674354754974501702,4.83977964473568267323,3.62748320974448557052,2.33245609006550713715,0.94993368468950001304,-0.51453406809751967010,-2.04463676947242412041,-3.63007893724876673502
5.66431981280057428307,4.50994915292797049489,3.27910794046127751500,1.96425261676147044909,0.56051469218325011834,-0.92650089165307991657,-2.48025814608576089526,-4.09032811124358630650
6.94828222206119772153,5.84442389633070646937,4.66760266007239188468,3.41056761054497181718,2.06861638712471851420,0.64701711128438366138,-0.83854362186342934482,-2.37818215841181368475
8.72114814335466626005,7.70921573298288809184,6.63060968715650922434,5.47867261515555359352,4.24906698442952190931,2.94652468430581038206,1.58526637843959905538,0.17425067451684564390
9.92895984303457979081,8.99050720108604295433,7.99025907938754187398,6.92210020103801859648,5.78205053980769267952,4.57448069801108392340,3.31249585216885211736,2.00437181087872273721
10.31542450051488835072,9.38957781132987534534,8.40230714167032033401,7.34769653034718128737,6.22193044925845395454,5.02942423762742230053,3.78317791820936344394,2.49144280240902427082
10.19817960863621131296,9.22253361297822671361,8.18106231138352946175,7.06762819434189282219,5.87831877945415737230,4.61796501424896899124,3.30047656741551431736,1.93472537859608539890
10.14809806471384767690,9.09714698672500432508,7.97399635738717638134,6.77201787179911107728,5.48700430182231269072,4.12427843338358002256,2.69902731519528327198,1.22095094697558215202
10.64302951752524428741,9.54451907995952986141,8.36968272375763611137,7.11144784366087723271,5.76529600489584304057,4.33676012119109355325,2.84177420205447184287,1.29048809940337427804
11.69583217344817605010,10.60093649602637277951,9.42975509657603083724,8.17504759456517149374,6.83213108387568368585,5.40637044595024640614,3.91354890439761415877,2.36367251703877867541
12.97714198983388023123,11.91891684812341445365,10.78732964938212823824,9.57527086649716530076,8.27809439730953400272,6.90081477964529721447,5.45849049752522308410,3.96063542189078177103
13.98616581504422384796,12.95854685709136511207,11.86040616074109799172,10.68491669922111420021,9.42761769596347498634,8.09332368856184025674,6.69650410706938181704,5.24631429841375496181
14.36434561423335409813,13.33282946687858405710,12.23123440651321125472,11.05295923260495527529,9.79375134054768992087,8.45857890653938504499,7.06199342851888722805,5.61326058597938715167
14.32618260954522604322,13.27135852278384575698,12.14542483255162075295,10.94189306522985560832,9.65666353968204660418,8.29503534597323977096,6.87205148403097698662,5.39734909134486873228
14.55021984312009131202,13.49308757433432859330,12.36517578832320118920,11.16009314685574693726,9.87384504711211619110,8.51187432206904048826,7.08939954033747188333,5.61618582087801598846
15.74065200141263076716,14.72842803803193056922,13.64889462435748335167,12.49583683923653509851,11.26534500070720667964,9.96257316198316722478,8.60208404772021850704,7.19318409684141180094
17.89300143860336689272,16.96680601721908843160,15.97942753588420039534,14.92492522321437498078,13.79947145850640310982,12.60751595072046171708,11.36214593497627411978,10.07165202434247319729
19.97153379755916446925,19.12731826759836550877,18.22750840397795002445,17.26641753505707299610,16.24027445151798332290,15.15277758861976664662,14.01546876562517418563,12.83559151747972570945
20.70117995608830696597,19.88746474218385174026,19.01983048448834523469,18.09268239981514625470,17.10225348636711828476,16.05189193582486595346,14.95243515620519580978,13.81066860723766254182
19.38546336672402503609,18.54669000349032259578,17.65150925756554656232,16.69425409462188270027,15.67113289222150029900,14.58567264242005201424,13.44907537579461553889,12.26840144384900810337
16.40430830641854953456,15.51381565232703785284,14.56257163300205270673,13.54475970044193999797,12.45656761429707160005,11.30203855550646174777,10.09340084216371558057,8.83842663648283632938
13.14122550441544845512,12.21174450802931765736,11.21844867019276037468,10.15541300700290072712,9.01883263909711097028,7.81323733864875080712,6.55180109054613701858,5.24293096316517281963
10.86521727675831883175,9.93970562359531051300,8.95084874531174001788,7.89274303504864604975,6.76162292088846683669,5.56212985162824669061,4.30761992046711128523,3.00659967331861555095
9.88812014956763896123,9.00064849895875873642,8.05294774993548578834,7.03921760364991300207,5.95572391002095358203,4.80683869009783837356,3.60536262537463292333,2.35939625653408091566
9.63695519497163388678,8.78668110166383620196,7.87896751752345458897,6.90809781954881252375,5.87033654338455690436,4.76970108825495220373,3.61829902710688067202,2.42374568742737084293
9.16547393752591332827,8.33115342119891444383,7.44005793516278757238,6.48651501147089781796,5.46678842700221334638,4.38471567759798386277,3.25204166395185945149,2.07614894212893341674
8.05415786610029726944,7.21291051109760683602,6.31334528282928886256,5.34981718429813923876,4.31862682422383326042,3.22370432716615118451,2.07691523585273163377,0.88576243911318897073
7.06817832209851459879,6.20915205408755355165,5.28927824487747777482,4.30294583925021889570,3.24653047537695194080,2.12422989611925805420,0.94832855045285480156,-0.27333910703001801368
7.82318334104098411785,6.95730170548344428738,6.02903217805626123749,5.03284363412356494649,3.96521189215427805053,2.83054088977031170771,1.64138972559426599140,0.40581964569776812768
11.52960479689298800565,10.67214236357494350216,9.75209452988345049107,8.76404722493260734950,7.70457569434280387100,6.57812987865275555777,5.39723398837088819135,4.16995864664346438389
17.73358338289665425691,16.87827743910093047930,15.95978736650028295685,14.97274538222891138162,13.91376268040082386790,12.78729527836773272043,11.60582466244805388556,10.37742061270695614894
24.27847470689594544524,23.39340450666398751878,22.44229921888562628851,21.41962275801213522186,20.32187802489935535277,19.15365837234088886021,17.92782089694709668493,16.65270112164106919295
28.57921645794223763914,27.62591921020812790744,26.60115712436385493334,25.49897113857424457706,24.31559330739149160650,23.05595305277383744169,21.73385767416561975551,20.35826955571206298146
29.18311576215533165168,28.15367269636510272335,27.04721496863457019799,25.85729351950800847249,24.57982743489979426954,23.22013286793893982463,21.79312272048503373867,20.30846926995944201622
26.53174839334133139346,25.46854661736245262205,24.32659580028397527940,23.09920280660550062635,21.78212748789685804240,20.38085225219264629004,18.91080702529950130497,17.38197098044895838598
22.42169092586864564964,21.39180519810868474906,20.28701936333450106531,19.10082598860710945132,17.82910140795387832213,16.47715337980853789190,15.05996780247691368970,13.58719742754654546957
18.75665793840494899314,17.80179346503418003067,16.77910673876112923608,15.68259917028150240981,14.50848851131257255531,13.26174802114421780175,11.95636029741503136847,10.60130239762220227817
16.54706004269199581813,15.65192960363854091099,14.69442628305953846279,13.66903513723062069118,12.57232377056296357409,11.40908539836980750692,10.19258330990031424790,8.93133093747093376180
15.57462081531565090131,14.68583951439464030386,13.73533021588983160655,12.71773830939092242431,11.62977774205433512122,10.47634328674166326323,9.27073925572082124802,8.02153019965535030167
14.86706787573581323159,13.93708601691461801408,12.94186340279413904852,11.87585196636010387294,10.73566264116337087842,9.52645686073698172436,8.26216629029657845251,6.95178916280370984282
13.60427148991120738231,12.62349517866591597226,11.57330982118432238792,10.44784098770707814197,9.24347962420750590695,7.96559091158647802899,6.62873991685881680525,5.24234715455213340363
11.61117054008950155719,10.62057740864059063313,9.56001549748675039098,8.42351395792100987592,7.20737550707432816921,5.91690202081466587458,4.56663328224810882716,3.16596892440011767889
9.14936330853346113656,8.21516717705504717628,7.21571055691830842704,6.14539650980500162802,5.00075884366584322294,3.78675908594879784275,2.51702309832457205019,1.20035891515783754713
6.51550111303298162824,5.68230846897611741042,4.79169349216087869792,3.83879378497161383166,2.82063493959714461923,1.74171375936513417315,0.61420759894872156703,-0.55399163944223150935
4.03103088094764316907,3.29452510418913790957,2.50762501741516441456,1.66618502676716317978,0.76771920087480383099,-0.18367949853851983644,-1.17716792438840545110,-2.20568585782238280046
2.24891525614183196424,1.56238276509693507776,0.82851008349934684993,0.04351029200303034583,-0.79485766767147003620,-1.68269474070614588612,-2.60982035295520775620,-3.56957918577281674288
1.87573294930608081010,1.19141211308185868134,0.45908474440981783538,-0.32505957380351369057,-1.16328529880274600394,-2.05171033491978738184,-2.98017661788428211977,-3.94203710030277143517
3.36868558737868628583,2.66700217824913288212,1.91543548791964579614,1.10997982505062009473,0.24822163376692427117,-0.66592465023604641150,-1.62208344261612658066,-2.61347789352617621006
6.50856677721448040330,5.78901637152032755296,5.01787570518039949263,4.19096262670562236252,3.30573418992997325461,2.36616056488995862850,1.38286283333488313474,0.36276664766927285699
10.41491946245382926861,9.69030782425361891796,8.91315078095484736309,8.07922752952352674072,7.18597213627851605366,6.23740044502197843457,5.24423792571968672149,4.21348654436103675636
14.13705283817264657387,13.43160833192260561475,12.67405888091772503401,11.86031226181982844992,10.98788851655643661331,10.06073258591723451616,9.08931769604470929380,8.08050476889667379510
17.34201886427271688262,16.67970590357062121711,15.96733219659938640689,15.20103057551987113527,14.37844416054024065943,13.50324396407514981888,12.58520826351246846286,11.63076345696192959167
20.37271742159164134023,19.76251729379687915866,19.10519207206785807784,18.39707637479136081993,17.63588872611565605553,16.82487006736397461282,15.97285406346692582247,15.08564915608082301901
23.57865470077550895667,23.00140745445844103756,22.37908452638704304150,21.70807380056691826553,20.98606649709225280276,20.21594368635485494679,19.40585569472624882792,18.56114308894657582982
26.62429401340325085812,26.04465206552733747003,25.42001756537566592442,24.74666476683406202142,24.02217829181460828636,23.24934700491561301305,22.43626324368816682409,21.58820029745692536949
28.35860778394430070648,27.74857402181705978705,27.09209032357647473077,26.38523964776037900037,25.62549357128822435925,24.81583037570576522057,23.96485453408039134615,23.07814941018237320236
27.68050997327952700289,27.03320394573476548317,26.33786370142042088105,25.59040932267685874990,24.78824613066630533353,23.93466529751827209793,23.03898139505176345665,22.10722346568596918814
24.66183214867785267188,24.00166552329639202412,23.29405193484684133409,22.53490636820458448142,21.72166316033077748671,20.85776936203223286270,19.95284277050167176526,19.01309126814161132302
20.51655014556953204874,19.88609972159480321352,19.21217925071102072820,18.49092580344688485638,17.71991816924457197047,16.90242275763250034970,16.04757623516952236287,15.16125010602704925589
16.83699203838570923608,16.27034462111421575514,15.66660854984615092178,15.02231258487933374113,14.33525951856804425688,13.60825257681688604805,12.84930189152615831460,12.06352283516379841899
14.72805690352261898113,14.23693515163506084775,13.71532953044040858970,13.16021414191400751292,12.56964300646811594220,11.94588387347030611352,11.29563640980959959847,10.62314963111823828967
14.17465460262501864008,13.74669510724138810076,13.29280475957189011638,12.81033826107996631549,12.29757567354407576943,11.75639665519884147216,11.19248699256950096981,10.60944307175721590397
14.34185110911236193942,13.95162270344747490469,13.53716636772732506699,13.09606360638742295066,12.62673690234521828302,12.13088540386377722768,11.61366341736572493915,11.07834312711038826649
14.24184646071013027324,13.85724924702704896617,13.44766761546797262383,13.01067866201249501046,12.54469635588284504024,12.05140499100756557027,11.53591802823407519440,11.00149247657938644807
13.21502323710818771474,12.80477576924856109031,12.36710458939544921009,11.89936046932557189848,11.39979935505630237458,10.87021816912825045165,10.31611657525262693014,9.74099294728562270507
11.12657010478378794005,10.68206280564353782836,10.20776494713138760062,9.70078641651856798944,9.15922735279415434206,8.58506193553002106000,7.98431336138274883041,7.36080592427412749856
8.22532380252993178260,7.76170568053937515174,7.26729221226008448298,6.73917079603913826702,6.17546549830701430039,5.57836465532575864756,4.95429298983511934296,4.30734775010235004800
5.18971696819169281412,4.72086885696227387399,4.22084937016885941574,3.68694560233327317533,3.11749164297462000306,2.51495187298155720157,1.88606036492906903312,1.23517034687586724218
2.97848725937494007709,2.50166058230721599642,1.99253728914665151351,1.44861242986714611192,0.86844384189463108559,0.25481628714384457757,-0.38516548535136835296,-1.04683439235402930834
2.31328243903416508331,1.81979353637713492375,1.29212035610076392267,0.72778613371579226055,0.12541568234477384891,-0.51196333813619798736,-1.17685625061360754628,-1.86429833859260063456
3.44045749461675764991,2.93411622713328723577,2.39243179136120742712,1.81276816261307738287,1.19362077946980127408,0.53800028642525088429,-0.14649307282533824415,-0.85484061439498515433
6.05629728057471083957,5.55007281085767534279,5.00899603385032676783,4.43017800667960148786,3.81185428608932852512,3.15671388294594335022,2.47202169555535489209,1.76251228834747930563
9.48470260394976172336,8.98499831381571567590,8.45167809776218703632,7.88162668337538452334,7.27282013972012997272,6.62751614933205157598,5.95243255620809375017,5.25187958441296576240
13.06418575582915053701,12.56642387127560134275,12.03562844393452913039,11.46858010834872132477,10.86311971002745480064,10.22122478585691673914,9.54921837204580370440,8.85113178082154661297
16.36831863088169569664,15.85736402789434862370,15.31241656830700215153,14.73024344781128114334,14.10867819592892580260,13.44971934229016596873,12.75973660652158869766,12.04281993318119425851
19.39044150827993462372,18.84157249557417657115,18.25579038199380477181,17.62978474829663966261,16.96138720422215939720,16.25291173161949132009,15.51134510874735816799,14.74122297384978708124
22.38632176373833004845,21.77946971851285340449,21.13157753117459947134,20.43906191185464038540,19.69961675941390666367,18.91596245332236492231,18.09603792067169791835,17.24501219313687627732
25.39599895918487248991,24.73580787451741613836,24.03126507247313270454,23.27836565560523851559,22.47450747745916999065,21.62259617470987649313,20.73127313428399887130,19.80612633821990442584
28.08505612859432787332,27.40302880098491655758,26.67595801873520500180,25.89948405018203203554,25.07068974166625352495,24.19228768839273868707,23.27290486439662231533,22.31805376665850459972
29.99450553282963483070,29.32867108994181393200,28.61989647091225208442,27.86371649342812162331,27.05704641101443996831,26.20214842363073870501,25.30696567231156635103,24.37651224936244531705
31.17695600435676084317,30.54267886933823561435,29.86844501755390623998,29.14991882274693324462,28.38404416261487739348,27.57269295862491631510,26.72302046882869319688,25.83951516080104582329
32.44579865483957092920,31.82394239153620674188,31.16335293816987928039,30.45989751520779620364,29.71067664861348234240,28.91754341554572960149,28.08744686304028093105,27.22477408007872057283
34.39895371585942029924,33.75584787286781818239,33.07243619324913908031,32.34470106207907491580,31.56990741996382610068,30.75029491738442999349,29.89338908423411922399,29.00400889220830791260
36.56053098340354523543,35.88113898831142023482,35.15854103719328804800,34.38871975130734170989,33.56903511564696884761,32.70222622781169263817,31.79669023831206686737,30.85786316362427328386
37.75366868662938202306,37.06638252646915532296,36.33508371717989859917,35.55580970132347573553,34.72600142478588480799,33.84859740977147879448,32.93229318114646275717,31.98274334190939427458
36.91529493485653290463,36.28216918819526171092,35.60909947807124353858,34.89241715918767994253,34.12972673123923073035,33.32360713479901193068,32.48186876633734954112,31.60958409301697713545
33.92917384868785291019,33.39449866939809652422,32.82764442449589381567,32.22541104888122731609,31.58562550246590916458,30.91008948132477129889,30.20485057673077022855,29.47380465317162290262
29.95195342341600408531,29.50487544306199083621,29.03276516681110663853,28.53280496442686242631,28.00298264017543203863,27.44435416185684317725,26.86133758051290243429,26.25673038110182133664
26.48192317964081610171,26.07239110293271622254,25.64103245413213016946,25.18513641700599947626,24.70270656043862445017,24.19443436546643866336,23.66401335301132391464,23.11373473799856270716
24.29525636739747440629,23.87769584058247929192,23.43766696168308172332,22.97234446058132917301,22.47964842321519896018,21.96030493934464189465,21.41816812656404422910,20.85561259374980025427
23.32295258061822806894,22.88437285431597700835,22.42120153830066442424,21.93049041572843549375,21.41010232324355655464,20.86097632177963490108,20.28743860527988829290,19.69217478437183999063
22.85820541114040338471,22.40209008759369169184,21.91910335605620119281,21.40625653003924000473,20.86142050554223459358,20.28575467203035032071,19.68399068492190551183,19.05910996335306961669
22.04358692257211416177,21.56201245146933231922,21.05052997739405640232,20.50610023386766300746,19.92659990574917117101,19.31344240890922492326,18.67182896966742333689,18.00509663932063730840
20.65657708626636690497,20.13540605139539607649,19.58029394903383391124,18.98805677360432042633,18.35651696250090125773,17.68741621910496775172,16.98663835851693448831,16.25801076024552216381
19.33760346718945655198,18.76731346265395217188,18.15857060265019740086,17.50793565803807183556,16.81309959655232333375,16.07618031571626815435,15.30392905457418528670,14.50076050673225047660
19.09132202621610119309,18.46622173293595636778,17.79806940405280002437,17.08308688707253253369,16.31877272198916983825,15.50764222767658573332,14.65743048672514525776,13.77319143010516988568
20.43538410222044632292,19.75969718585285406220,19.03703356150342074216,18.26327269211358128587,17.43570442172700296624,16.55716654539018861669,15.63625550846884770806,14.67857192458579085326
22.91173830496641627974,22.19962849360517154196,21.43799957728785798849,20.62245870159862093374,19.75010805929581181317,18.82392666015325133344,17.85299804497620357324,16.84322401154181036986
25.49051924681626957181,24.75671501677553365539,23.97203855220915613700,23.13192733334420481128,22.23334805582441475735,21.27927085168133558568,20.27891437594433909908,19.23826253835534672021
27.23951029166216386557,26.49410199086754857944,25.69698187855150450787,24.84352720242539902529,23.93064867414266672085,22.96127536355891507469,21.94460492090296810375,20.88662166392704122586
27.80157452598033884783,27.04534545888206054087,26.23629273828620256381,25.36978396208289510128,24.44272733683408915795,23.45808520525491758235,22.42511521973864674351,21.34987005624279632343
27.47244711556958662868,26.69669361983397948279,25.86623197797435835810,24.97635245526869951505,24.02392604321772040521,23.01204615159650046508,21.95025960036845802392,20.84482880705272123123
26.75407584407714267627,25.95075640973460906480,25.09045875016555271486,24.16827877740381325111,23.18096436674762728103,22.13176957084283458244,21.03068866448345275444,19.88426954308881633438
25.93134082577358512367,25.10426797447414770659,24.21868109552462300371,23.26947147574589180863,22.25324956915913787725,21.17339148843147356160,20.04028824496315763781,18.86072017421336610710
24.89875987321462602608,24.06713863094793381947,23.17738706791585201472,22.22435721031517985580,21.20463793907379113080,20.12164534935734394594,18.98588718687824794529,17.80419768901527177718
23.33096036320224797578,22.52063376335724598221,21.65484943332174694319,20.72866453394841101954,19.73882129662334961040,18.68867865951811424452,17.58848346154254116414,16.44489595977825757700
21.18531503856808129171,20.41022857641215182412,19.58348262827735553060,18.70047439504840980362,17.75819736838959883585,16.75990824834856240955,15.71539763845293080635,14.63103710821214242799
19.00045924243853434632,18.25496468550386452989,17.46094204694164631064,16.61405655455479646321,15.71149625812611816400,14.75641903369791840817,13.75822406817455956229,12.72303165101051902752
17.70130960937132869049,16.96693526381355709987,16.18534729188750631579,15.35226270708973927981,14.46489511199552779885,13.52631669277763393211,12.54573959105417735316,11.52914852056313321782
17.87019850107509810755,17.12007315469245583017,16.32167534718130852411,15.47051538193045061576,14.56363829182982527755,13.60408640934451440785,12.60120166315053324979,11.56102389588193801728
19.06055693281473750744,18.27245093455690039264,17.43318292995241947096,16.53790453557986595001,15.58338934189943181252,14.57274185646209119227,13.51572408078335030268,12.41862094111364278604
19.98535477118064207502,19.16408359288341145543,18.28905744794949939092,17.35517939010354382390,16.35904784278405799114,15.30387974550329488466,14.19984797655350483581,13.05349825246535999668
19.44968776596795478895,18.63169959341330184088,17.76009548094629053594,16.82985610486015204401,15.83765005602703013210,14.78674225357940841263,13.68732023168195865992,12.54595490009335279069
17.33522957738109582237,16.56589990548625124234,15.74657689416850381292,14.87261628425682147281,13.94095825409472588774,12.95473783816420088044,11.92358946045515466494,10.85373779679546579757
14.83345593038870369185,14.12860053476810406892,13.37872935089943027265,12.57958218536775873986,11.72834954919965966269,10.82788456136082011483,9.88699810690843605698,8.91136509637168039433
13.56150634957228007238,12.88687880535983687480,12.16991399068328583155,11.40640170188824420450,10.59352360631275402625,9.73387248426762852205,8.83576811046697763175,7.90451944040884324494
14.27889866604819957274,13.56879368740490399148,12.81421671471340317794,12.01056949493951364616,11.15472517912566985387,10.24925966349152517409,9.30280923396896852751,8.32083896855351490274
16.40989539223338766760,15.60984486511678070997,14.75873527204383961475,13.85137075976450482528,12.88421998082606911851,11.86021334180006903125,10.78912846448672091526,9.67716680444596910604
18.74082145006998700865,17.84978798090429208401,16.90033386116643754349,15.88685193335327738851,14.80559264019664489354,13.66005544520425374344,12.46136084221828177476,11.21663904697823710421
20.44250346924153660666,19.51800831466184860119,18.53145237195327155177,17.47725899049072495473,16.35177855930145796037,15.15892361543808242175,13.91049134761365202451,12.61413582661315047062
21.60926633669658158965,20.72072090439400682271,19.77148150341520604911,18.75633423329973581417,17.67191506178180304687,16.52214625293120064953,15.31850499849494440241,14.06849576147838121187
22.98992862507362389124,22.15696379545815375423,21.26641067795442552324,20.31334968212164326928,19.29459574571239954821,18.21379996814330937127,17.08169273432910628685,15.90529749850708185477
25.03552503463388134719,24.20895461094655942702,23.32473110735194765653,22.37781291436877140200,21.36488974796014872481,20.28946470777442101507,19.16210745159372663693,17.98970464204538899367
27.33331699114365065384,26.44428398714192951502,25.49280487911073578289,24.47334393455124867955,23.38224646961365849052,22.22325613442618674753,21.00779196451097519116,19.74326672178029085103
29.05336623320373234947,28.07708581072041553739,27.03190759397118725360,25.91181024686731149131,24.71285285565800649010,23.43928937546880675313,22.10385535195097261862,20.71483088449329557079
29.62859388424743656287,28.60383777214006073564,27.50658773814929602963,26.33071356968690324152,25.07227175724026224657,23.73595531984176432161,22.33536277216967391723,20.87938194435609062793
29.01154991110810499322,28.01715861092288051282,26.95245538276649099885,25.81170682836614105327,24.59129303991389292605,23.29596298341470017590,21.93906599339490171019,20.52938068108940683487
27.50865592532913339596,26.61112608065692342052,25.65059263664238997649,24.62204207015652812629,23.52235174248105309402,22.35589618618123708416,21.13474427324452165067,19.86686934306668916861
25.43436045162635394945,24.64495637827917917662,23.80117932635493360749,22.89868933002955841971,21.93479238499339345481,20.91331404563157647658,19.84478590318460433650,18.73616970863428932148
23.03485867874406167743,22.31548988560850688145,21.54800348536760878915,20.72842514145442294193,19.85427306258425517171,18.92895839833214211012,17.96198706604063133341,16.95961248085731654101
20.63796703397644094480,19.93846433481767732587,19.19347427582559717507,18.39908442019173406834,17.55283997758767355890,16.65802295575958780205,15.72387940144855100755,14.75644919388760989420
18.58351368344736087579,17.88045030142474089985,17.13247923373576497852,16.33566235507465691512,15.48753891941730387316,14.59145531076007884508,13.65680763788652996027,12.68970809609773375826
17.00969867176647554174,16.31856114980499583567,15.58380671203478939901,14.80161041246740971644,13.96960386245804741634,13.09114378875540651848,12.17555311830147246610,11.22889364543251922157
15.86946444877955819663,15.22055552041344839154,14.53131404217544009327,13.79821298986115074570,13.01908152102143390039,12.19707725044484014632,11.34091726923126053350,10.45627731996234643930
15.14289543775579005569,14.54862112267589147052,13.91804017625004874503,13.24797185052694992180,12.53645560124237157140,11.78631944964566002909,11.00540055225066993216,10.19881158079723526555
14.88546344133980880997,14.32129902201653237626,13.72258189171209252777,13.08633273572089272818,12.41071636201833072732,11.69839037733470910041,10.95670963449426693614,10.19049125924167675805
15.15548495077891644200,14.57428178477553082359,13.95607737246256441210,13.29786393594585369726,12.59782540876781631312,11.85885027022940185759,11.08870344435092292201,10.29250727371738349802
15.97044265873659441013,15.33576253212779327839,14.65846149104166507016,13.93533045397175840208,13.16450027480347984010,12.34943067010626549518,11.49903671641700597661,10.61923982971855373592
17.16530816074546450523,16.46460675284801311591,15.71494685721390816013,14.91283139215910402697,14.05628572571309042871,13.14942178724411903090,12.20252605954312308256,11.22245306111810059235
18.34357343463337031153,17.58972403742608392463,16.78232684014126618877,15.91760296976745259201,14.99343954052259242360,14.01439516226985837477,12.99177484538107307799,11.93310782235726108524
19.04519666503168551230,18.26475487079580517502,17.42883165446602689030,16.53344127138764818596,15.57632850548998959539,14.56216140427039995586,13.50261769788853172258,12.40545588711769653401
19.02474000927250585846,18.23481164837818369051,17.38880032489988636257,16.48257081741666851826,15.51372987102265987858,14.48684077353450838643,13.41352887918208480755,12.30150055808079301300
18.45025343845362542083,17.65927295938200813907,16.81183556777398990789,15.90369532546771935699,14.93233831781743070621,13.90215822497463804552,12.82457397706097523837,11.70714628186770234208
17.77818946452742920883,16.99282791460128549943,16.15062645698888488255,15.24729271369773364597,14.28024450879537710080,13.25371944497353737802,12.17888966191678612461,11.06315845590150104272
17.52233501236631241227,16.74238390486825878156,15.90496096978250406551,15.00579246914772113541,14.04229469463937718388,13.01863202756953796779,11.94581438212505020147,10.83116258114683994052
17.97775065516992398784,17.19568261643200557387,16.35531053585464889011,15.45239983089880198008,14.48440117770146251530,13.45550565783006113918,12.37672375991140505391,11.25540860347667404540
19.06911717549143148176,18.27351478143346596994,17.41868132149879144777,16.50037892714255249871,15.51607491629889601370,14.47006201769451827488,13.37353179274620451622,12.23397807779999091338
20.60630216584837981486,19.78847367731422224324,18.91049784164954061794,17.96803797978650152345,16.95850823257331185800,15.88632451681888113626,14.76299175817569953040,13.59620341494326112297
22.30461071017024821117,21.46102288647363920404,20.55637244384667283725,19.58610351532595217350,18.54747684146082775669,17.44499964690189841576,16.29054469176788444429,15.09200521295769448216
23.62443487864113933483,22.74973003137325022749,21.81254373784258859814,20.80798908356964815880,19.73308221322762179284,18.59240637180059607658,17.39827180314747323564,16.15879607670731843427
24.02143577070151891917,23.10671437251464510609,22.12727990326226290563,21.07786332537759932393,19.95520816562986610165,18.76403963659353379967,17.51726309646236146023,16.22332559544907581994
23.28730447170260831058,22.33443807114255719171,21.31478788264762869176,20.22280972765818063408,19.05507397114420342632,17.81652704163391121028,16.52071503944085506532,15.17646777910616862073
21.84433563904377351150,20.88046924883297705833,19.84983677614578922999,18.74689230815174312283,17.56823476952374463167,16.31895836935790811140,15.01288368311026921731,13.65901368709628904696
20.62839952341165883354,19.69536532510825210807,18.69859567746426165513,17.63281694628890861054,16.49482935635457181434,15.28964762846623770542,14.03072835383416894217,12.72684153384999916625
20.30752820211405307305,19.44311938631020808543,18.52050236307410102654,17.53482904638620354376,16.48317087249951384820,15.37019715149407694810,14.20839669057041199096,13.00590046833312030117
20.78183155025072892386,20.00726594378970091270,19.18132856383691375868,18.29960371033275379204,17.35939940502561285030,16.36483054971723660742,15.32704258586481316229,14.25325631372211354631
21.34751018436679359525,20.65326791934181116517,19.91376238071221038695,19.12487025247065375311,18.28402474376209951856,17.39478064223439801594,16.46705219244362439213,15.50720067999076690057
21.24400388666715855379,20.59017745905409668694,19.89422265547890944504,19.15210068705977519699,18.36125287724919630250,17.52492132369044597340,16.65240294391976760835,15.74960787309425214175
20.21387032603189837232,19.54739610115537828960,18.83772125366442296013,18.08069674976022511714,17.27369305781267172506,16.42003693150033072357,15.52926816573604007488,14.60744447051915528846
18.53384370849074613830,17.81371310731650936532,17.04575028789190582756,16.22559694466011848135,15.35054544720188651752,14.42438653718321717179,13.45764440213955559500,12.45705435189246834682
16.93594099881957504294,16.15301789886050443101,15.31643242748235245188,14.42166155549568529182,13.46598414927423448262,12.45381575944422891666,11.39689898136445300736,10.30283405842443933409
16.36386740046991761233,15.53297011520441905930,14.64352741980223804319,13.69092934543665407432,12.67248017122202519147,11.59310438291933564869,10.46548945183636547540,9.29792556699318595292
17.15774131870384167087,16.30114811205361036173,15.38310690187190665768,14.39896608917399589700,13.34604010462788892255,12.22949171975426274628,11.06244465007505972665,9.85352505249337617954
18.73293691779595349090,17.87220549679862102721,16.94925829320129295752,15.95945435369491072208,14.90011227923805137152,13.77638008873430486290,12.60133737629482020282,11.38360850085547859578
19.98526020801481806188,19.12883437610229009351,18.21040155737354737653,17.22535796498676674560,16.17103235573405228820,15.05247583759576279760,13.88256267478914729452,12.66979780800810395647
20.04323609962552765751,19.18098283716602381332,18.25610844035705326860,17.26399895922165939055,16.20197598412434913939,15.07509902017568848009,13.89626198454561922802,12.67399800668417242377
19.10734195172069860291,18.21830343767473792127,17.26419161478235864138,16.24024922059253839279,15.14371604304714225009,13.97982175404973403943,12.76187528931352410666,11.49869437909196534520
18.18197550796540440388,17.24582303435486707599,16.24061971887387301194,15.16128986222607721857,14.00486994521426709071,12.77684665396780516744,11.49124880904401635462,10.15736175321697132290
18.09154159743102496805,17.10883464647414342608,16.05361617219887548913,14.92044035938151935738,13.70608577934639349394,12.41621814137420365398,11.06550235226203682259,9.66361469472608369813
18.97618256528959079787,17.98112172894113314214,16.91336334008674668894,15.76729534428007895031,14.53955459009772255285,13.23574359092125796167,11.87057316553387487090,10.45371465704776348105
20.23887411055353524603,19.28237994978019287373,18.25724816111618764580,17.15809468279746852204,15.98167967214345885907,14.73329659317377249295,13.42693512679346312666,12.07177882621166808974
21.01718381359476950365,20.13839063498247838879,19.19776546628799351879,18.19052343834954399426,17.11382366810179789240,15.97256229993239351472,14.77952695377317837711,13.54313794786307667550
20.82361957156324194784,20.02664945416082886709,19.17439099725392992468,18.26275594023976722724,17.28939779186756453555,16.25891826269422324458,15.18298942076408053481,14.06934964735989979090
19.76915008823685226957,19.01674197127692167442,18.21238133850841478534,17.35240543690455083947,16.43479193957040607188,15.46408078905368554956,14.45146589777470680360,13.40440934923139870705
18.37795241811918245389,17.61759931210342244867,16.80478696821895567837,15.93580745566159784232,15.00862831631709681801,14.02792027271107500042,13.00514834918203455061,11.94794091335039531998
17.18483162295520472185,16.38634771406899304225,15.53320008794912610028,14.62125085547808289732,13.64815196344732939338,12.61868794612741417893,11.54491021816278362166,10.43475460837068524711
16.48990888124000164794,15.66107937217269885366,14.77649368874614665970,13.83150880779511382457,12.82336532494391256876,11.75676445034236827780,10.64407299782862637016,9.49331930060494322277
16.32750493854027951102,15.50028137950863538208,14.61856412066189214727,13.67744570361512224110,12.67390973165836420833,11.61238895113576141682,10.50503045753671749196,9.35962502945958441103
16.37667554720610496588,15.57736308845476003171,14.72626698601261097110,13.81854228579321031134,12.85116986349111023458,11.82830172827184078699,10.76154960057438003673,9.65831770768703989916
15.99172697355832362121,15.21700673491225686007,14.39233737835317761267,13.51307671466737225785,12.57634749027300102853,11.58620694866092648567,10.55392411317956558037,9.48669476651111232002
14.71403749209475542159,13.93090890520949898246,13.09675771366697283327,12.20698639271265228956,11.25878453299058001846,10.25638045942867648819,9.21129659652488008703,8.13092405145329166771
12.66280264009528444547,11.83815828251649548974,10.95883021372841881202,10.01999548507020598720,9.01872679434848478763,7.95957824926360402173,6.85483044804617236423,5.71237949610577100401
10.38879489552450685608,9.52256853633032918083,8.59793232345223223945,7.60977582903395521896,6.55499595893662334589,5.43842050717615510536,4.27305035899998486570,3.06724724772365986425
8.79044646982371524757,7.91869852218887082529,6.98727397461452781613,5.99102210188037798133,4.92682104341629134581,3.79957537688779733998,2.62244207359546832592,1.40389647229610470269
8.85320416186685577031,8.01717552412680234397,7.12303623986875411589,6.16594462763327744170,5.14299903948168424250,4.05899228283351565238,2.92659794102829051710,1.75402518233497950462
11.00319025807624839786,10.21039722500447588516,9.36152924893393922900,8.45217022314022514706,7.47972277651112626984,6.44882950907647067851,5.37150904428055486761,4.25561939907373609771
14.60787011314710248655,13.82678850916614621269,12.98958414671456473855,12.09202552989644630088,11.13164937914477192749,10.11305067154449233158,9.04798660811861310549,7.94420406262495415461
18.08946937815413136263,17.27923901328260569699,16.41038002387888994349,15.47846257701101535531,14.48088096366848098739,13.42230970407664969457,12.31481132968932179494,11.16633986732475314341
19.97537726535482605073,19.11703833704189392506,18.19656795525439463290,17.20912401322862805841,16.15180109381807227464,15.02940783831756732525,13.85460193040723098079,12.63569420454007641297
19.84609978283306475078,18.95371670973418432027,17.99674864279782582344,16.97004618481958360121,15.87047946248270058334,14.70295098713154047232,13.48055203114373412632,12.21184809278329019833
18.32980004439196974886,17.43080054218179597569,16.46662817517382038091,15.43211139792205877086,14.32411295066851764091,13.14758997260392092699,11.91574703536387858094,10.63722986428310157692
16.51582137644449232994,15.62761232304208824928,14.67495543394754164979,13.65286170475381943845,12.55834900515610641492,11.39643420905787074560,10.18026600526860114826,8.91848405073627681361
15.15187882886325532183,14.28168430426935486821,13.34869086570868468300,12.34810787784431518332,11.27711278424275320731,10.14073462494202004791,8.95197602182951968075,7.71939417948691986027
14.45761306867964179901,13.60802299726008968150,12.69791847934276773913,11.72258543000620534258,10.67924090257705671547,9.57279457946169465288,8.41598690205089816629,7.21717121667202299307
14.41533549125636959332,13.58956190257733531723,12.70580025595097062308,11.75931325484484091248,10.74725338690732456826,9.67427658764873577013,8.55271307277848613637,7.39058646905221916512
14.86519764397412579626,14.06988538133337485192,13.21911185652965237125,12.30816222786369884545,11.33415024850623709085,10.30143053042858269919,9.22179144510813486590,8.10285552979272516438
15.51276673327016375481,14.75149162516098577669,13.93702662250628065976,13.06481179050770791150,12.13203739212964116234,11.14282029161263309902,10.10839353854043309866,9.03601169064953602117
15.76202440872405752259,15.03112609358155893347,14.24895328229359847683,13.41119288945105481048,12.51520613782454738327,11.56498930827722482206,10.57134324551902970768,9.54126628947961741289
15.10143178245756878653,14.38948158160038914843,13.62769833888082438023,12.81196222021895536614,11.93978163345595433498,11.01512514124574693142,10.04857714032318760644,9.04701389625076046741
13.83504500973578643652,13.12476252778099272689,12.36524222162850250584,11.55235913552422744033,10.68361819119526145982,9.76298496166324092371,8.80105136679736865801,7.80468190473746048497
12.83252621458233910801,12.10527186576879898894,11.32796305424490945768,10.49626416791714689225,9.60751562398735892145,8.66568589529503441327,7.68156338983338127235,6.66210204768399805175
12.85229200176081043594,12.08869918940618148895,11.27215927066458256434,10.39800837386281884278,9.46334237884090612170,8.47220768680444002996,7.43581174904359532007,6.36136032807953188950
13.94348519475680348023,13.12509849995724486860,12.24865468702536475121,11.30913238854120805854,10.30338903188238930397,9.23571289372701720310,8.11802826409124200779,6.95802792442419537622
15.31832813471653409465,14.43150311574264854642,13.47999833450769457954,12.45845456104121140584,11.36354549162459903755,10.20001306367252524865,8.98084410701899749085,7.71447599776013070993
16.28811001753016896032,15.33169222882108506667,14.30407117442772246818,13.19958283732846915370,12.01476600208910916479,10.75493220732151300467,9.43430920319085153380,8.06219328338079499474
16.99137124103950569065,15.98617592162892364627,14.90553130901349732085,13.74353455604335039197,12.49661624842929619206,11.17051494963198088328,9.78040520304039162625,8.33621626028155127131
18.12879469063394211048,17.10950120717444988827,16.01391773157624953683,14.83600925531225378506,13.57212023174379389445,12.22808075835533436759,10.81934532593601439032,9.35600269604807621704
20.24274568289170872504,19.23461863896199730561,18.15173599138190496660,16.98804043246732220496,15.73982734313400833059,14.41275347271938223059,13.02200086965140179984,11.57744541725885412120
22.97750959664563197293,21.97894071635925783426,20.90694493462688896557,19.75549189580621600726,18.52086789351076490107,17.20856486520019856812,15.83346188483695371474,14.40522477417878022266
25.09309334204275288016,24.08290149780946265423,22.99868146924065470671,21.83440255141016450580,20.58636118475942211603,19.26010340514651630883,17.87060617862693234770,16.42761866047781538214
25.34530410582690151955,24.31763938195557983590,23.21485903652446580736,22.03095047430398167876,20.76225969604607968222,19.41451724584288740516,18.00300999993631378970,16.53771804427487523981
23.44227236251234458564,22.42798144163571549825,21.34000820015380384120,20.17251391464378329488,18.92198767080844135080,17.59418610030349938711,16.20429761592084005883,14.76225037699770226141
20.31230071816786875161,19.36370981081820374925,18.34692694000949231281,17.25653461916466113735,16.08929227959025354266,14.85062304865036253432,13.55477485433338813436,12.21105564516892805216
17.24847654625803627937,16.41078466242571209932,15.51375908491649546761,14.55264492799779141308,13.52459867480591704236,12.43437559953049920125,11.29448691601876753055,10.11309997972538354816
14.86600391435242585203,14.15093225326906534178,13.38611417857235075246,12.56754942048703860280,11.69284552234051766106,10.76599499465668330345,9.79752273981476662357,8.79430698434776125794
13.04190168543186878480,12.42074289692160427023,11.75710451642189546817,11.04760793123503148649,10.29024508068705756614,9.48844914933960836834,8.65122753000851041350,7.78448800741785618129
11.56051246110386010457,10.98513150180256126021,10.37083521515007689118,9.71459565544043890384,9.01463954673800316186,8.27417891223703527714,7.50153041087593663860,6.70217141843585562100
10.79508085959680663279,10.22759245210560230532,9.62174078108148833621,8.97459616561166129145,8.28446830636860198638,7.55459785984097198508,6.79326572409521123319,6.00593689535916119837
11.54578002296701555451,10.97471218506695400663,10.36467926052564791917,9.71272606179505437751,9.01715702202663038634,8.28129318784874079995,7.51357389447460288778,6.71956704099912638384
13.92928514247075177934,13.36196023453912040679,12.75545221699563391837,12.10677006599131289022,11.41418719538463300012,10.68101399207349544440,9.91569532096914230124,9.12379234207133649193
16.94285076459596339760,16.38857372517832189374,15.79567545692947838631,15.16116009800979647082,14.48327683455031866799,13.76523180740771756803,13.01528582167685144100,12.23886356756788273970
19.18246901603107090750,18.63561845503188862949,18.05046777894020237909,17.42400909659812313635,16.75447034853165817481,16.04499741423379077787,15.30375297838776127435,14.53608519029650736343
19.64954616700679679298,19.07639619281739129519,18.46277123194347780100,17.80551961345477351983,17.10279281267422035739,16.35793298367991610576,15.57956852915043910457,14.77335548283618393839
18.23601821488819751949,17.58764021199735338996,16.89273303214686094975,16.14777299611226979437,15.35071931189976446319,14.50545143672267300872,13.62185511632198142706,12.70643095048803417058
15.78197804853417629545,15.02459557534596612527,14.21182113647708789017,13.33957129825074794383,12.40549953319168885457,11.41420890959978073909,10.37732686375014523605,9.30252618312466950101
13.59085582822032201022,12.72841498829835948925,11.80185187180942385510,10.80650860310106331497,9.73970355627865203019,8.60667243333956122342,7.42063474467450667760,6.19033556833526432683
12.79921587594054877002,11.87519066074212403805,10.88155874471425832439,9.81328882340374697435,8.66746415598075614639,7.44964441404863553231,6.17392601960608367051,4.84964634703007924088
13.93014513956866906597,13.00029401005722995421,11.99955992537602433856,10.92283459615234875173,9.76713891774886455721,8.53803318908281738686,7.24966810403385153450,5.91142411486907626283
16.66218059496232228867,15.76290389122758917040,14.79411406347469615241,13.75083025734058317369,12.63013798168320001025,11.43741728593482775977,10.18637810903738660784,8.88611568617621649935
20.04845993018442484868,19.18425129063598788548,18.25220385931277533587,17.24747647790545812541,16.16722538606783388104,15.01663152977214821249,13.80892030604900355684,12.55286805664175275865
23.08833875417779424311,22.23816405758535452719,21.32051257967276569616,20.33054759339513140048,19.26540929272758262414,18.13018190431330012302,16.93790745153346932739,15.69723222722535993512
25.15546884593779353168,24.29383458003355045207,23.36357344042324868383,22.35971686813080339107,21.27930874004691474966,20.12747611693334448546,18.91744667504601906671,17.65797444766735679877
26.02858210545139527881,25.14753785621803672257,24.19646609088888666861,23.17026388571016326523,22.06588954422973358760,20.88857681856751469240,19.65185820324732191011,18.36467915078569035359
25.68282218528044325012,24.80554350693486753698,23.85895228212756080666,22.83799849791876113159,21.73967970586998177396,20.56921227967620069421,19.34005898156323866033,18.06112026657159574938
24.23247836366268614938,23.40357402721642543497,22.50975898762944282794,21.54632846509907651011,20.51049754909479005960,19.40718691511192162125,18.24905301571827109797,17.04447506762770458977
21.90330223248121654933,21.15728703816002109761,20.35352774887691040817,19.48787059780260122466,18.55786752001688810765,17.56791552612450502124,16.52928921777250081959,15.44947059722929338932
19.04687227157219808760,18.38635102623908679220,17.67551138130872701026,16.91074180227684564670,16.08991850843952420291,15.21688419014229509685,14.30148686715036276951,13.35027386100782642586
16.21158337950258143678,15.60381390792447753313,14.95072856367551139556,14.24903483939040960138,13.49679566989664358800,12.69750096415058671084,11.86012038407437430010,10.99061191077126231619
13.94962904424843230800,13.35054358405646546260,12.70799151756639489008,12.01873171500321113569,11.28085955327981793062,10.49780891684391193053,9.67842670338822941289,8.82856423791646882648
12.81496116852289368637,12.20624513239798325515,11.55467290263300661479,10.85696578537986134450,10.11120800409863029756,9.32091562991080557765,8.49513448206486465608,7.63981944361258946685
13.19438976694423359959,12.57694366586221867976,11.91708197470500429915,11.21152351347351761035,10.45836521434892674165,9.66118918879848820325,8.82917663964603960380,7.96836161288164390726
14.76489890939941851400,14.13330881956787798970,13.45886075461955044830,12.73824547360580083932,11.96954924359042671256,11.15641017157073733301,10.30814066017244456930,9.43086880959161000249
16.65548708806537447913,15.99921424543985892797,15.29838762608082802785,14.54957723626158383468,13.75078899972519153039,12.90574052245152358864,12.02398935708439076109,11.11183592859113389295
18.03732972942857060161,17.34236948047479742741,16.59976361631103358718,15.80584027213634534803,14.95844396386471863991,14.06145089315888618842,13.12490248587349306320,12.15542185081190140750
18.74623376570557908849,18.00525976272328776417,17.21287339875106781051,16.36510500093305608971,15.45960832831975473312,14.50049607808784735141,13.49847731657760618873,12.46061228837503875866
19.46202863944519734218,18.69488223672624727101,17.87393989397272164865,16.99506716338579437320,16.05581536793838282051,15.06044692256813277709,14.02006936690322724814,12.94200923604663167055
20.88637537089143592084,20.13193339472174869798,19.32397150201432367567,18.45843350495231049990,17.53291385555126780105,16.55158513714059864697,15.52531791206422262519,14.46130227551084246329
23.23151202841291862455,22.52434277967618569960,21.76628788110398460276,20.95356109275519429502,20.08390249601083965558,19.16114187761822407197,18.19529876556157432788,17.19303263160029615619
26.19101962575997433191,25.53720328922936388949,24.83557179043137352892,24.08260663325677342073,23.27617135910722723224,22.41964642543515751072,21.52201497853509692959,20.58927969295303839203
28.91934600488078643821,28.28374904973442838241,27.60104147082585512862,26.86772657804508668278,26.08162917295364024994,25.24584506539134309833,24.36882775605487694293,23.45623854268553287739
30.69430878482767610649,30.02761650987558184056,29.31129352546612309993,28.54157789789608301589,27.71609042864363203762,26.83795873814232990640,25.91591860631450927599,24.95580737140101845739
31.42463905570956939073,30.70151426372373393292,29.92484690135029623548,29.09049835297257402544,28.19583813914829306668,27.24423358208355239185,26.24517234019996081429,25.20496960657922613791
31.56229195703632584014,30.79593744908453345488,29.97356800956403333203,29.09076830408827163410,28.14472790361644172208,27.13900896776175031277,26.08369321579905175668,24.98546476104815283747
32.04633952590366874347,31.27371629952482479098,30.44568483333734221219,29.55776909657401674281,28.60710774048973803474,27.59723636846384664523,26.53826046036234842518,25.43685376596980773911
33.51751155732512899021,32.76732665130796107178,31.96445770642709049980,31.10454186620891192661,30.18477292267275657878,29.20849634477729850346,28.18540321669069470545,27.12187290908772752118
35.41625839226530558790,34.69699372187653096944,33.92801417905843663902,33.10514810291146403642,32.22570576441208345386,31.29284490166010357370,30.31577232253152587305,29.30054046582170457214
36.41334771884724830215,35.72433870324271509844,34.98824367481791597356,34.20111186686437321214,33.36040553301133826380,32.46916051396022595554,31.53618425773021272107,30.56726935676159939703
35.37492360001571967132,34.72378841274176153320,34.02889344010682748376,33.28657222830995721097,32.49448274356942079066,31.65550433714025402310,30.77793129364783197843,29.86722466060943048660
32.42125566110662759911,31.83420717123309273688,31.20895666357155207038,30.54227265399672575086,29.83208794274133879298,29.08091452702343104875,28.29603694178229034151,27.48225948441884725071
29.35904449374011093710,28.85973598061734435305,28.32954833595274024560,27.76579447016168700202,27.16672515464147963371,26.53425938803310302205,25.87418078313956115721,25.19031547514780555730
28.10258535175203320478,27.68444215068454283823,27.24186513286095490116,26.77263148586678909169,26.27524433463009145839,25.75102171297115205562,25.20429564760844343141,24.63794552589956765587
28.96292478057282693271,28.59414081929909556834,28.20448983486791760811,27.79199513397712095752,27.35528210794741710288,26.89529285676158210094,26.41548447592671777784,25.91816208110463293224
30.71338319543553652125,30.35888076944906899257,29.98414398218316279099,29.58723954431749447735,29.16681483838826594024,28.72375049402572599888,28.26135212045359423882,27.78181909636485613646
31.63775181611655895608,31.27861601541672342819,30.89835977327044247431,30.49502353659832820654,30.06726538655009761669,29.61613315665129064769,29.14524132537404810250,28.65698810861034218078
30.87169235677759360215,30.51400870188935243732,30.13475017015302981349,29.73199823578038447636,29.30447709647175358327,28.85341366084646352874,28.38269329217741088200,27.89489469694902012975
29.01615156736280454197,28.67841113554072052239,28.32001288423540685812,27.93919323930116505039,27.53480494958284552354,27.10811082455652609724,26.66291646583768581991,26.20175812210132448854
27.43361646127210562440,27.12112182908787616498,26.78929001736059944960,26.43654829153675223097,26.06188829593412847885,25.66651631442446657161,25.25396415349802126116,24.82660718338035721331
27.21386670487398617979,26.89773724235380569780,26.56149431637281210783,26.20358685657322794782,25.82303268338476698318,25.42109233853306093920,25.00136502975722052611,24.56629312705956991181
28.39018762860843736462,28.01164908631354677482,27.60794846373779520832,27.17720298180850235781,26.71823600402164444745,26.23266841545800076574,25.72501169289888878211,25.19832526774241543421
29.94848551256779245477,29.45602710647162325586,28.92960706700375794753,28.36668133525157742270,27.76567314702117172942,27.12884830540441782887,26.46241740769005446055,25.77056066701307202038
30.81731139077718850672,30.20115140941448217404,29.54150527604755538391,28.83504964534211012506,28.07971948141482698702,27.27845014860402983459,26.43929791277301433183,25.56764150751081743351
30.66608336762904585271,29.96124366882535383638,29.20593308744215832462,28.39619643621986710968,27.52955267434688124695,26.60937415427740759810,25.64502672928192339441,24.64272194522022019214
30.01554775455097967551,29.27891247282837738908,28.48888750552803017513,27.64120690007244718345,26.73316963822268377271,25.76828396242496665991,24.75641650771391155672,23.70407977624273954120
29.68515637557241859668,28.95817691039095720384,28.17778898815163657332,27.33970265753372430595,26.44119279411096812282,25.48574483798315171157,24.48319612941788392391,23.44002466580683119446
29.83810561267452854395,29.12694777297430093199,28.36297443772465598499,27.54198860723014163909,26.66134199654083047903,25.72454172862880383832,24.74137428127553661739,23.71828529267315488482
29.86033206212622559406,29.15207443399471642920,28.39132816039090201343,27.57396465556879405767,26.69740664324169188149,25.76524843962952004972,24.78737224406163974777,23.77029038546328010284
29.01297639992930754715,28.29729817599877250700,27.52961698097098874882,26.70578865074997665374,25.82322996806644610501,24.88555861395739654540,23.90272779390345903039,22.88128467844041935564
27.07142648272963825207,26.34694160141358665328,25.57138435216911886982,24.74053384638069275070,23.85173093586051251691,22.90849782296911385515,21.92071194907561704213,20.89484230153644617189
24.70185682765588097709,23.97297861007691111013,23.19405487891966899383,22.36080106038323123130,21.47048189011788466019,20.52647171715310037143,19.53846506299617757918,18.51278644725446298480
22.84896978549100765576,22.11954604464084184201,21.34063050553925222630,20.50794682158291593055,19.61875022412706925934,18.67632680572003778252,17.69021759189558906655,16.66664748676940988048
21.83502666408363168671,21.11270458536072069933,20.34142770232101327110,19.51705543599053527259,18.63695035276039035921,17.70440095807361657876,16.72883334286634848809,15.71642560752140305169
21.36405134362188817931,20.66964414572455410735,19.92828682010145868730,19.13615964580100126113,18.29087413777308412932,17.39569810510735337061,16.45974016147573593116,15.48901272676027218722
20.95864922484860670693,20.31541268153203105840,19.62921359205346405474,18.89668008683287325766,18.11574738270693885056,17.28952563155717214727,16.42645998178592137151,15.53216247222302470732
20.40301901679024609848,19.81719530972056730889,19.19325555796206117520,18.52820607274862041436,17.82022346147014602025,17.07211182150096817622,16.29146045199857084640,15.48332127756918907835
19.77036293616423634489,19.22369442749115719948,18.64282170479173927902,18.02486921263516705949,17.36803747437412326349,16.67475536003895442150,15.95186873924420822846,15.20389844843903404126
19.16463636634460598884,18.62127094279397354626,18.04532452514964191437,17.43372036685161674541,16.78444522280304340711,16.09962410847228753141,15.38576861763263003979,14.64710353789275920633
18.75871396450558137303,18.18985347550804831940,17.58797118362567957206,16.94961841062343310682,16.27246438671441808310,15.55849244186635438325,14.81431376193807913921,14.04413844160526281257
18.57142263016876171378,17.97041098010621951175,17.33491943531569035031,16.66120168677139190549,15.94670245211970716070,15.19344952817239580156,14.40840646858875651048,13.59596933695300968736
18.36560326698351630625,17.73095029061155258887,17.05937194390759970020,16.34695560530506597274,15.59106442994215768749,14.79398598063379210998,13.96328487756901637340,13.10375213048621390044
18.08990187763372858853,17.40582123881236142893,16.68036993810957824280,15.90943827954686895509,15.09032485833786552121,14.22580158805123851096,13.32444136226076381035,12.39172191242610665540
17.98778958761109336706,17.21861121009500550372,16.40037627446262646913,15.52853526874786815881,14.60017019954845984842,13.61875060898404043996,12.59443335492114535157,11.53375950322868170872
18.49935277387176668640,17.60233498888725733877,16.64519001110899054652,15.62258820877933551685,14.53115556059087865037,13.37521455519846291793,12.16707100171261402011,10.91468133574550236631
19.97523815734314212023,18.93560236627040538337,17.82368706428340132675,16.63322384954553712078,15.36025104424976817086,14.00991134645433966455,12.59674004288335957824,11.13014871242533665452
22.16379985448417500038,21.01629661984963703958,19.78708169569692998380,18.46914095239634079348,17.05802252064431812073,15.55940146038914839721,13.98937150190621636625,12.35836389917876942945
24.33758493256872768029,23.15646024739574215801,21.89017945727461622596,20.53143171905811570355,19.07553729416809673580,17.52821646484670026211,15.90588410670626018373,14.21918384423718784149
25.91119020600870470616,24.77793429843643480126,23.56276031721672836738,22.25854621742410444085,20.86067445403041986651,19.37441468679572409428,17.81522189211121443009,16.19310689815230119848
26.79536191993876315109,25.75667012575644321259,24.64315670550488945878,23.44817853802005203079,22.16736787494063065651,20.80532079782912191490,19.37589632750396262395,17.88804900920623452976
27.14446352658583094808,26.19880732554010549507,25.18540706694074060579,24.09813833797919357949,22.93293968751971334541,21.69386249763259044698,20.39336349536444004116,19.03946925089985953150
26.90256701373802172839,26.01936910247900058835,25.07316489273739890109,24.05824749990373234709,22.97084098081509040412,21.81476200901457573877,20.60169549364078633857,19.33916612610272167672
25.93377067627315568643,25.07962594894525309996,24.16477952856399724624,23.18380790028324867080,22.13316437043327056244,21.01669147272421156458,19.84587613948200868208,18.62812909298850172490
24.40619511827465615283,23.56833798802750479240,22.67148431287612098117,21.71041273948248573333,20.68174717228842141026,19.58938203970869196269,18.44472778584101746446,17.25515556734378108672
22.85179026202922969446,22.03637836048027409674,21.16452854412867523592,20.23116557421442252007,19.23300666525536684048,18.17382105076002218880,17.06468746507608713614,15.91274490961039234094
21.87085663545012081954,21.08827391132682294028,20.25272827973821776482,19.35921994248608157818,18.40446392773389305830,17.39189380164250309235,16.33195204237408404424,15.23131347429415782813
21.59856687651817708229,20.86101081445931981762,20.07472305755150188133,19.23478857478575321238,18.33790407822624857204,17.38704492922859046189,16.39179247034491737622,15.35819769944837887010
21.60186548001296102939,20.92010454018142340260,20.19433305145303592099,19.41986149019675167438,18.59348624178518960548,17.71776371091691970605,16.80135526524740186005,15.84967293380768005306
21.37488050770986802718,20.75992911065172208396,20.10626899452228144582,19.40965750596278027729,18.66718684976425635114,17.88110979629179908557,17.05917289051099672292,16.20619361662496515919
20.64582218906907229439,20.10244086905837690438,19.52593220417301012048,18.91264035878439742078,18.26008088389480477076,17.57029397563675487959,16.85014752599388287990,16.10391628375714034860
19.47003212273572714253,18.97319010799520100363,18.44700927556413461161,17.88826344975133508797,17.29478994421992155139,16.66853442170596366623,16.01583055384871556726,15.34063296850251312264
18.39052559990855684191,17.89457812894872290599,17.36980382929137434189,16.81301605015079658756,16.22208615758544070218,15.59897090157365262542,14.94999605110504781180,14.27911127936699209329
18.26108062001911847005,17.73021708675845786729,17.16825188458561513016,16.57169607820680212740,15.93819300229804447611,15.26975261954549445420,14.57306186905294076439,13.85228087538454744276
19.71258611064847698913,19.13096669709849351193,18.51428490411122140813,17.85861642140238814136,17.16127862664091097145,16.42437761392186246212,15.65514395427238092395,14.85807004612477477679
22.72552841784024835192,22.09478235701946502445,21.42445894980526688300,20.71027155270548547605,19.94928136283922626149,19.14376153324665708055,18.30153564564777468604,17.42748950925931339384
26.61970559762012911165,25.94365981642980045763,25.22328870257186395065,24.45407383868495188040,23.63294451254956030084,22.76245796870376736365,21.85111360324001239519,20.90427930309856918711
30.35208902522582974370,29.62497418103234636533,28.84817269958040597544,28.01696474900838751410,27.12819650025251405623,26.18484145483225589146,25.19627713515439992875,24.16850157676032040399
32.94241767945903376358,32.15397846667562475886,31.30979272524223588903,30.40486844954873646429,29.43592825204991569876,28.40644149903468829166,27.32686646296725285765,26.20395619451917568199
34.05976259048224363823,33.20295504915974760252,32.28401162541795343941,31.29759054603001899864,30.24023634527302206720,29.11594650340816414769,27.93638788569819197960,26.70913574761098630006
34.15346981913228319172,33.23667920664063046843,32.25229887162534225808,31.19467533140005244263,30.06019802151687159153,28.85335110005612335726,27.58690988718308645389,26.26919468513644773111
33.91648080423609457057,32.96628273285313781571,31.94553677202047836658,30.84845896883341609396,29.67139939439583073977,28.41917979699856999787,27.10527338697179544624,25.73847411741277468877
33.83462098891440206216,32.88220902110772669857,31.85946954641864437008,30.76069427991685145685,29.58231566621549291085,28.32926985235672745489,27.01517089349820466282,25.64891609622403123581
34.01175185522481569933,33.08262015010474499377,32.08616517200579920654,31.01688320012157973338,29.87134793970753676717,28.65437662995780243591,27.37921729605393750262,26.05452166573981997999
34.30416614344254355728,33.41163171721125735303,32.45606133151656536029,31.43216836270797642783,30.33664789287648488880,29.17403898487984292842,27.95693866840093022574,26.69354628721705680050
34.54874958390068684366,33.69373857463443044935,32.77959197764163690181,31.80116918946015402980,30.75522138447341191636,29.64596509452927364237,28.48532377017149030962,27.28101724463806476706
34.43132634722629603630,33.60808575142971221794,32.72840280459159600923,31.78722186790133363843,30.78131012530903376501,29.71461142792868059814,28.59850382491195119883,27.44031754171763282102
33.42154598676239629640,32.62235346450489714698,31.76841349476485731884,30.85474558415970847136,29.87813761185686445288,28.84233095694448678614,27.75828236627405942727,26.63303281675185374411
31.13112912686631617021,30.35712968170528469614,29.53041652531813099358,28.64614766817210167460,27.70117933368656792936,26.69903697624212313144,25.65018035742954793932,24.56132678212219033753
27.74866583774339190427,27.01766257685170913305,26.23783876011544435869,25.40464137181886883354,24.51509120875267555562,23.57237543154244008292,22.58611931335945399724,21.56250236721659163663
24.11390442781425136332,23.45065141237894579263,22.74458176265082443024,21.99159365050854830770,21.18897504098394435346,20.33943862860968110340,19.45139985686293471190,18.53025449766570531551
21.38619524045342501495,20.80612671709663530351,20.19006083554679875647,19.53443726623343934534,18.83687906184522731223,18.09960859098753260810,17.32972072942103736182,16.53175459953452275386
20.45484619707640661090,19.95705918145358381821,19.42920644691082188160,18.86826513223327239643,18.27221070558375970450,17.64288920889536527170,16.98626610046500928775,16.30615575776126746632
21.28085616594292162063,20.85024432854143583427,20.39371014622653532911,19.90866915663093905664,19.39339542320444564893,18.84949247921236903380,18.28210675472753266035,17.69453682103850411522
22.86265485704493727326,22.47269285163751817436,22.05886210234760369531,21.61883608572064474629,21.15106411451696644122,20.65700942581623067440,20.14133316787212635290,19.60703551835983304841
23.99253729149889124983,23.61248309782774867926,23.20872024364436825294,22.77897116633887009129,22.32170776297190073478,21.83831557735678075005,21.33326726090390224044,20.80945201088557894309
24.10048545808177067329,23.71048244221180212321,23.29612013587169627726,22.85503120903506513173,22.38560402479344801918,21.88915916045515075439,21.37013374333812620876,20.83139412915950572369
23.56960639224705289507,23.16790075955712424616,22.74144383466636654134,22.28776381540064832620,21.80515558752015436994,21.29487933747275363316,20.76136400547051508170,20.20746118172530358947
23.27765675965957825611,22.86942556211879207240,22.43621549301887796446,21.97549008407357362671,21.48549294020397937288,20.96748079917560048102,20.42593702588853687985,19.86373811020826707363
23.84239904289104927670,23.41862597503859788617,22.96839125172990492274,22.48905571085563792622,21.97880892078492109931,21.43905151619996729551,20.87460387541467099481,20.28855993692012660290
25.14402656971844152167,24.66955200059535258106,24.16404088923598081351,23.62454701575030213689,23.04908546634143107212,22.43942010065127590224,21.80126248229046836968,21.13829555615201627461
26.35284152167591997795,25.78275457398375536400,25.17369669011759469868,24.52212965474779338138,23.82570646699466720975,23.08675133194609685461,22.31245926163097692552,21.50748864010775207589
26.57617709364078706358,25.88821720668913428653,25.15209153614751613759,24.36352724259423752073,23.51971963081583893995,22.62363894420730403567,21.68424400854661016069,20.70734321732181371090
25.61984308561956424910,24.82791295234896722377,23.98013944988560908200,23.07161841823664261142,22.09916398702462103643,21.06636023717226535723,19.98379198204283113682,18.85831905218983450823
24.09017609697371398170,23.23304081479085780870,22.31556214101161472740,21.33247778931858817941,20.28041744256851686146,19.16347462051884420475,17.99344552952828379944,16.77796706108799895674
22.87872338705482988530,21.99920646400907031648,21.05805922773165050899,20.04996029422592940250,18.97156228185433590738,17.82731609325360366824,16.62970387913479797248,15.38680225343160579143
22.65864649536118946571,21.78722389694970829055,20.85506041729500026349,19.85697081503261429702,18.78974657147102078625,17.65799736057612534523,16.47437132505391588211,15.24705563631064997310
23.53721308768033537717,22.69386066723994588301,21.79213143552316012119,20.82706654351603958730,19.79561940108703765873,18.70230833617251064993,17.55942905880727877843,16.37494635140019028086
25.05121758637875828413,24.25058563931357369370,23.39514083158517365746,22.48019066967327006523,21.50283344658019402118,20.46724299501625310427,19.38488448884291059926,18.26318794359185915255
26.58855853895259713227,25.83206499486536245058,25.02456001196624768568,24.16158667563708917214,23.24034114362893532757,22.26453392656412333395,21.24461953622129684049,20.18737097928124413215
27.62490093073523667044,26.90252292595596728120,26.13219764073565443141,25.30962844799627475822,24.43206519334172455160,23.50283407955588543814,22.53158366950747293345,21.52455529776891296478
27.96391406227645504146,27.26546677699440834886,26.52112511421223928210,25.72670788194637125912,24.87952305930284069291,23.98272095995488939479,23.04554612227087773135,22.07396520851119348094
27.93630363768971491822,27.25390892039153811766,26.52660388876331509778,25.75030850463741316503,24.92241862114347838997,24.04612560226591355672,23.13065637639242311252,22.18195861679582137072
28.02419507519294938902,27.35525136898580456091,26.64174062481760785204,25.87968668168070607294,25.06658950394875517986,24.20575914915069404287,23.30653169858195994379,22.37492821617227889419
28.47669382032319518316,27.82483228379576445377,27.12887438722054156415,26.38495667467657312955,25.59066756287311150686,24.74932065075607923177,23.87014813774242227851,22.95911456838106090572
29.03561753664864042435,28.40542382299921442268,27.73216369518466706268,27.01207804358585917726,26.24279637265954434611,25.42742332711551256352,24.57472368005372587163,23.69037114048263248378
29.00420371002794439619,28.39426797701912263960,27.74245996225555543901,27.04508532156381761524,26.29976069398791693743,25.50926216959096137771,24.68171513869729594148,23.82238708912811375740
27.94628111757841537610,27.34177926317673623657,26.69544591898797136764,26.00355294430269736949,25.26364929436542539065,24.47830261991527223131,23.65529500735965839908,22.79967431364750041212
26.14823778712641555444,25.52494932324423970726,24.85782605705764325421,24.14295753545016154362,23.37775976431374047593,22.56486376413743144553,21.71231178920377402619,20.82531483419269591195
24.63888205931562325190,23.96811334606570653705,23.24926736187864051431,22.47807440271217060968,21.65172887167165782785,20.77319110826486436849,19.85138330544188178806,18.89207260267709997947
24.56745805902055224124,23.82071007830500519731,23.01954348572360586900,22.15916272432336597831,21.23644289942830098994,20.25485066140072376584,19.22464362583202301948,18.15244086457522598721
26.29336007237936456704,25.46473265933554941398,24.57484701481751088181,23.61836130705643910233,22.59181084138665340788,21.49914824570807070359,20.35194655983476508254,19.15767607272192307732
29.27022374866947629357,28.38268756900853162506,27.42854637228821346184,26.40207632880846233547,25.29956633772841456675,24.12526938430123735202,22.89160084255679450393,21.60659444365701276070
32.21968474094612844283,31.30296518447650200301,30.31632571890100891210,29.25387053123964875567,28.11177347002919901797,26.89441049679016515483,25.61454212018903930925,24.28045812386378088377
33.62357297238816045137,32.69634080506315854109,31.69746744192960719033,30.62100421272771910708,29.46308878437808331796,28.22813784232798539620,26.92901298057981307466,25.57409660375553528411
32.60173236305072208552,31.66262917891727113329,30.65078748775144390493,29.56017837205823184377,28.38689313533948421764,27.13543941635727207995,25.81890492605259623815,24.44581836834250410107
29.31375497983279743153,28.35304662133943764957,27.31874518351721903286,26.20466781746672779718,25.00682419949405854709,23.72992037893584438280,22.38753986034825160800,20.98850032056946801617
25.06307439366973710548,24.08852347707983909686,23.04081982440048648186,21.91367105130419901116,20.70303637775091232243,19.41379121178762190425,18.05993763647692418317,16.65051346909055851597
21.71017970029396337850,20.75005985562203036920,19.71942783507825325273,18.61207177602619111667,17.42401195167100880212,16.16009135057637280397,14.83421238178532597374,13.45530516943369292449
20.51481054593141095665,19.60820843424264481314,18.63609858061825619302,17.59263536076204559322,16.47407306202774890380,15.28495505624449357640,14.03835659493018006572,12.74266188621812290194
21.61019040221214027042,20.79691659914216828042,19.92530766757622018304,18.99017896643660918699,17.98820748737814056994,16.92341665901497904656,15.80739788072352958181,14.64759917559393365138
24.11090502904540500140,23.40568521992548767230,22.64990990879654475521,21.83915773672604387912,20.97060100833795814879,20.04770520606027872645,19.08041456946361691394,18.07514581799190622746
26.77821655020387225932,26.14967581317606004632,25.47611402011987280503,24.75362375616571952719,23.97971447265677369387,23.15749321230330437515,22.29582650471270355297,21.40044453440723870585
28.68139478228449235075,28.06987768969013430365,27.41479588917302478990,26.71230342781865729762,25.95995071106434082253,25.16080018213465407939,24.32359159519450741982,23.45394857444356162546
29.29195679679461150613,28.64949381165473596411,27.96142113508498638907,27.22361595907613818213,26.43344899104917189447,25.59418013971621519431,24.71514239394231182700,23.80230521097214335668
28.55432859208566043208,27.86514728953747166429,27.12677752915201523365,26.33475281536677314875,25.48622800520330855534,24.58475256128175701065,23.64046560848840883295,22.65983859573659131570
26.84827329368383175279,26.12751495895497200195,25.35469254027981733657,24.52517890612505979675,23.63604711260732216260,22.69108810036712498004,21.70099533403153202471,20.67261636526811230397
24.91579127587719000303,24.18997500525203037114,23.41113098015700444421,22.57469669476191498347,21.67781440600051112710,20.72437823825829639190,19.72519562492225375649,18.68722700987806817352
23.75248255583418455217,23.02618752360579179594,22.24655317703286883102,21.40907727717708652904,20.51095131526453130277,19.55608306040906896328,18.55524570868569966819,17.51540467553983404514
23.95700417492407652276,23.21059788672174661883,22.40927926429099770189,21.54840390682944573086,20.62505858536232494771,19.64319272143315231460,18.61377414789886941549,17.54389678081826531297
25.23663350734772947703,24.44928138059536948390,23.60363080367221400024,22.69471176317140148626,21.71938053078127239814,20.68172969849675624232,19.59325565709819017002,18.46138529454318089051
26.70766564212176774618,25.86991203413597162353,24.96917819995688958556,24.00014191928040929724,22.95943141349210847579,21.85141120004179171588,20.68834557285662256731,19.47816614910621169088
27.70352064342760201043,26.82482417334389879215,25.87869671336815358131,24.85962702959294290395,23.76415382450915103618,22.59697028837005561286,21.37105775449208522332,20.09485584254343493171
28.27890289769141674014,27.37328375678253067349,26.39686328853883878764,25.34411939571007366112,24.21163885221344713727,23.00442839899489300137,21.73600470282974228553,20.41522249459438853592
28.82996111638108160946,27.89594584581264768985,26.88810740773229568390,25.80092585550660899685,24.63104696122966075222,23.38379024601747957490,22.07320213402267583547,20.70854710268966059061
29.52381264790608383919,28.55081982497254244890,27.50082631422219492379,26.36818828933493819022,25.14951331821997726479,23.85043807760583334243,22.48566700526584938302,21.06492741763177178882
30.09752398036396670022,29.07987923945614028298,27.98226106736035845302,26.79877023248275236256,25.52586981362873430612,24.16949196966787383190,22.74508720889512858321,21.26286027865308270179
30.19433456887808375768,29.15078729563121484603,28.02606468405405237831,26.81407078612250316496,25.51114520453147704870,24.12337751319372003422,22.66667825299564142938,21.15151945959099322181
29.93240975136044923488,28.90804526377148064853,27.80469526392296941708,26.61636549657220740528,25.33946055138577690968,23.97998029043120382653,22.55360299452982530966,21.07062558793246864752
29.90743929999003469788,28.94636663548119415168,27.91145055054806789485,26.79715440249817248741,25.60019248335340691369,24.32628941226269958520,22.99025025584284875890,21.60181243848311183342
30.87075183253654486748,29.99825399022166294571,29.05838539529439756848,28.04626862813239540628,26.95906530523370747687,25.80211839627171244160,24.58898832443412985072,23.32863741108286603776
33.05731030291630645479,32.27558138147004740404,31.43283694437165820545,30.52480046392304657843,29.54901624279438010490,28.51035094552057103101,27.42100070299832381693,26.28906485632367306948
35.47807134208211721216,34.77478870494989138251,34.01611507281025836846,33.19816706472091993874,32.31869155106980429082,31.38199211594902138245,30.39893263120106325914,29.37673571766018909557
36.46969868989964425054,35.83298990363488911726,35.14607229765097429208,34.40530314097991748667,33.60850672994482835065,32.75939382182474446381,31.86758407169853057894,30.93945244096107671794
34.91348909296199565233,34.33810985789578751337,33.71780562094264155348,33.04918215191176500412,32.33016270784919754533,31.56394042760755169752,30.75902385059571741976,29.92102472549758829246
31.02965276924171433848,30.51756185545039912199,29.96639222660026291578,29.37311715505854436969,28.73587477437206771924,28.05745137656962739925,27.34534167088872180784,26.60447278641670365573
26.38023001002117240432,25.92945449597939600039,25.44552529101732929462,24.92582684810486881588,24.36876203536759888379,23.77678814589448563765,23.15648813918227588715,22.51217826192544890773
22.84626949587635280636,22.43683750263211962306,21.99859285876185310826,21.52918170133674280464,21.02716775918174363369,20.49475442788052959031,19.93787285465035807874,19.36039338492981087825
21.41464762991824244409,21.00533454090585294693,20.56802408804372817031,20.10032717647094813174,19.60076421077814856631,19.07144877868937271614,18.51819815296642346425,17.94478715593336204392
21.66904034267726331109,21.22038228783858215820,20.74089440654021743171,20.22791165969368876176,19.67976203246640309885,19.09869252529187377831,18.49099512341508244617,17.86074688155284917457
22.35375119001515642481,21.86418781938986910518,21.34017897006546249372,20.77881345676577851123,20.17826486346403314087,19.54099690686652479599,18.87388552567755795053,18.18140204378267199559
22.54523432343470190631,22.04693403659942418926,21.51266913450316664580,20.93952648859989551511,20.32570220901783386580,19.67379587706451715690,18.99090893470910756946,18.28168767784802284382
22.24849733148631969470,21.78022953395169025725,21.27747880741791064452,20.73759981792275297607,20.15899530669675954186,19.54424723052096979359,18.90018126113473329042,18.23129587865738443497
22.26750175861925384879,21.84937060177487211377,21.40019115214463951702,20.91768151128317398957,20.40049976157252586972,19.85106416791254346776,19.27559319932241166384,18.67820615176821164027
23.51933454436624515438,23.13017071252711076568,22.71239139330244682924,22.26385439373028773957,21.78330019339771794762,21.27299583330989207752,20.73877887914666118263,20.18450115938479427768
26.06886266706099064550,25.66150591699525662648,25.22470396001710923883,24.75606784057886144979,24.25414646853912259417,23.72121594652391607383,23.16335441953075147126,22.58452006278663759531
28.95143188996337713093,28.48178008516185855115,27.97831636290859336214,27.43811378263363209840,26.85934057607085989616,26.24449930198828084826,25.60053858755028954874,24.93193271405749555925
30.92271401502710048703,30.36873240318691813400,29.77436053252776559930,29.13609208354602131408,28.45171972591452913548,27.72417843030057582610,26.96167398456034902665,26.16948461516219026635
31.30396578443677313430,30.68224818393879615996,30.01432216115308548865,29.29634809254025995529,28.52594126673712082720,27.70649651073277652813,26.84730182196610215328,25.95437482780218729772
30.44033140172465223827,29.79307489030610867076,29.09697438320329965222,28.34819724491372383568,27.54441424359717416337,26.68929286704924308538,25.79257916308383613568,24.86064813173723209161
29.44904573945685655190,28.82192680485465530182,28.14723380184656420511,27.42137958984406509444,26.64221931596757997340,25.81337560140243425622,24.94429709904879288729,24.04120689169596758461
29.36799061314994219174,28.79701174919947348485,28.18300086899974132848,27.52271476676733996669,26.81420870352070551235,26.06072767375019694214,25.27076464291775081961,24.44992137906756823895
30.48510403602823970459,29.97856434760081256741,29.43451479140941273727,28.85001764906308352465,28.22327133594964720942,27.55699917708831492291,26.85852588411384544997,26.13266469461801477792
32.33593405183993496621,31.87578425384399949394,31.38237377257682325649,30.85295153619572516845,30.28578109693268061164,29.68314669951252682267,29.05145394319452378795,28.39488644536406170005
34.10540874877210626437,33.66782764497806113013,33.19948465513235191793,32.69771388444267046225,32.16079350042239326513,31.59072478322234545089,30.99335584740261495540,30.37248780651420787535
35.07697497954166721001,34.65085758694650763800,34.19572029017844982945,33.70898035473556575425,33.18894800095731767442,32.63744188042790739246,32.05993060286512985613,31.45996572795700174652
35.01234702844625701346,34.60397992490399587950,34.16880657812068022849,33.70440736610395759953,33.20918860605706157685,32.68479133793380242423,32.13624376004349159075,31.56681867604430635765
34.21317678297219799788,33.83349155484590653487,33.42993191310954159690,33.00030422325738754807,32.54315396121803161122,32.05991015336173433070,31.55504451739072990790,31.03147386157944254137
33.31317737144900092972,32.96751861584677811834,32.60107143797691264808,32.21186777654989441544,31.79858518177788795356,31.36240684901568798182,30.90718564710056526224,30.43543629462666544327
33.03447675423160490027,32.71362905486959249401,32.37406167579668192502,32.01393285226242824137,31.63197516623364080601,31.22913629776155630680,30.80874935612714082822,30.37298795730800904380
33.75597632064430086984,33.42795047018728382682,33.08061038938691211797,32.71202440553246759691,32.32083608962473419979,31.90790094416632882712,31.47646662897293623473,31.02865016867412961687
35.26819019763999563111,34.88927730042623664986,34.48703339939793011126,34.05918290564169836898,33.60412744010083230251,33.12288248838124360418,32.61927000820606536990,32.09578598909414637319
36.97610735487797484211,36.51761687993150218290,36.02970499557463313067,35.50959587930507410647,34.95536294398257837202,34.36837593130143631015,33.75350861269879487736,33.11394746617146012113
38.11599872493137297624,37.59081021302659308958,37.03125705931141453675,36.43413362389877363512,35.79723355060542644424,35.12224014046288544932,34.41495025141994545947,33.67914698258484662574
38.16481669512121754906,37.61810523717588239379,37.03553261044017830272,36.41371091129574466549,35.75030603676413676340,35.04708433943277867684,34.31014892754496514726,33.54346527403033917381
37.39971650498050337319,36.86457872109734523747,36.29455346605186605302,35.68626299274345115009,35.03736632237719561545,34.34954871552754696040,33.62876521939714535847,32.87886325298381251514
36.84601239094543245756,36.32213942446480814397,35.76429927251108153996,35.16913594098605244653,34.53431336913446614290,33.86144987788172500132,33.15636656778677604507,32.42280608375482131578
37.50205500266664415676,36.96645457739687401499,36.39609557085127988785,35.78752179206612282769,35.13832834275220307063,34.45018570838173133097,33.72909525412951126100,32.97890612656556186266
39.46159258491831423044,38.89278401577389132626,38.28693181192465289087,37.64035159429941046483,36.95048623119055974939,36.21915074072830975638,35.45280116912279311236,34.65557277856213858058
41.65528217144414924178,41.05519315111855860323,40.41598676653234889500,39.73374740204811672584,39.00575708900160520898,38.23394223250610934883,37.42515922780602721787,36.58378978824136140702
42.60408826725218034426,41.99078447156883697744,41.33759876493908791417,40.64050948313420263958,39.89672237814972532988,39.10820055514398063679,38.28196054228899924965,37.42247795205112481653
41.65337186783606426843,41.04143433782812167010,40.38984274016026887466,39.69461486093734237102,38.95299332402152714394,38.16696993311405350369,37.34357923524908784429,36.48731281805250148409
39.43620729673486380307,38.82530425657122208349,38.17483766918310550409,37.48090733692754383810,36.74083953029442284333,35.95672485183234812212,35.13569994023004028350,34.28233802194918666828
37.26253322651010790878,36.63644518632212054854,35.96966792203774332393,35.25828685084794500426,34.49965971672700248973,33.69610081204000806565,32.85515185101281332436,31.98166188440706747542
36.15618405887261133103,35.49860836194786628539,34.79819556895384380368,34.05087755439873831165,33.25394718274342409359,32.41001043417386995316,31.52725790447556875051,30.61095686325712961207
36.19868901886862744277,35.50454844291669331824,34.76535006336924027437,33.97678356457218740161,33.13599874235844566783,32.24584683002258600482,31.31516816156926452663,30.34962942670476948592
36.79132512498448903671,36.06721688531744263173,35.29637692794824488374,34.47427744260999560311,33.59792890193386938336,32.67034520183613466315,31.70085077394513461968,30.69540224737264821897
37.35516351579387617221,36.61660576070354267131,35.83035405492150715645,34.99179646079338823483,34.09789491857195997682,33.15175575369828209205,32.16294050033423701507,31.13755729456356036167
37.60960982330155388809,36.87104249131930799876,36.08420705099910463787,35.24452834893646979708,34.34900366653324965682,33.40077909279688128663,32.40944410164237154959,31.38114671605379157882
37.60499377099780105027,36.87918777218543198160,36.10504630775939460818,35.27809734929769547307,34.39541106434393213931,33.46010017087289156734,32.48158902476244946911,31.46594642779945161237
37.53660147314681694297,36.83741659175873195409,36.09105600212446063324,35.29317502932968864116,34.44090977283808285847,33.53720017206664039122,32.59104368418975639088,31.60824088486192806613
37.61575216469219640203,36.94668603856240451933,36.23257403373307283800,35.46914888897921969146,34.65355302120909897212,33.78843978913575085699,32.88223567042903994206,31.94034825693486467912
38.03852505326894828386,37.37903086099293403777,36.67567622532503435195,35.92414947978778627657,35.12152152645284530763,34.27024949911459117402,33.37846249227754924505,32.45134318360975100859
38.78839298861382900441,38.08967615432698039513,37.34462041139947530155,36.54866150762992305090,35.69870449675865842210,34.79737851738478582320,33.85334061585928111526,32.87210631115494408050
39.94534279671971432890,39.15075768714665827019,38.30246358074841594998,37.39539370888405755977,36.42617986375316263548,35.39810162077329636077,34.32138883591004940854,33.20259995173405798141
41.74487057892174135532,40.82740851765328926604,39.84608256840736117965,38.79518358729363569637,37.67100670722084032604,36.47773572235794858898,35.22772769289243655066,33.92895938669314404024
43.91094780291972909936,42.89764533468819251993,41.81212269594335140255,40.64812278159638481156,39.40164032321488463140,38.07756380601601620128,36.68994290065377583687,35.24787585090412278532
45.61240678539756032706,44.57314607082246027403,43.45899354361473143626,42.26347092740256528032,40.98242688514632448005,39.62090572727181125856,38.19341153715537018343,36.70933111067339638112
45.86587642340835913046,44.86031277084457258297,43.78251477618071163533,42.62611182750490712579,41.38697741104946459245,40.06983820082669467411,38.68855059660371864538,37.25205680829570553669
44.18989757650705740843,43.22695148142585708229,42.19581420288501760751,41.09033650105013890652,39.90649680827257839155,38.64864733768181537243,37.32980913050880644732,35.95836313666810468703
41.18969455025658987779,40.23656134855207966439,39.21693550334431677129,38.12481055617962510951,36.95626800171031334230,35.71560082408992542469,34.41561657029223653126,33.06456518108633702013
38.13098649022365549399,37.14419918062945669135,36.08893988336051705801,34.95918391587400719800,33.75106442519525984380,32.46921690242883329347,31.12707223350361118719,29.73332246552222457581
36.26529809675566440319,35.22502564741269281967,34.11227487688424986345,32.92089051332230553726,31.64699939151496366208,30.29574606949400106259,28.88156578289973808182,27.41384966976279358164
36.08398017869230756105,35.00055755170217253180,33.84119973030541927983,32.59959728638931863998,31.27182450036224636847,29.86339189859018716788,28.38950559676025875433,26.86008780134522666572
36.90681049041192807181,35.80037508624567266224,34.61618415221775535429,33.34779305052035880408,31.99119188557222770442,30.55201125367934977817,29.04578318893111088528,27.48264651612628028943
37.69834451395490049208,36.58663839361441461051,35.39691076616054488113,34.12263634449840310481,32.75973083055427537147,31.31376775401597356563,29.80025105783390060310,28.22929043733275378258
37.93510555063202360770,36.82384036777008162744,35.63493961170640034197,34.36183614589209867063,33.00039611516959325854,31.55610319485651515947,30.04434575316150457525,28.47514392821553030899
37.95653877051728386505,36.84431440661460044339,35.65488678945989420299,34.38166904250503819185,33.02050439066400144839,31.57683320430601980888,30.06599311357260972954,28.49796009410174946197
38.60288207838594587429,37.49798814003267466433,36.31701323889097210440,35.05341206480962767955,33.70304454578324993008,32.27126131854498680696,30.77321562242987340596,29.21875464942377220723
40.19747170263082836072,39.11112680604010449770,37.95073930812680629288,36.70983402839021891850,35.38428399302227944645,33.97921261190469266467,32.50932400432478885932,30.98415671479479627237
42.20499203665696796861,41.13758636902079501851,39.99818880201553383813,38.78032913947158277779,37.47982626743630873989,36.10149339377500865567,34.65949662524397467678,33.16299326887682497045
43.43821241742069361180,42.38010226782493816700,41.25104220086239337206,40.04448227648350666641,38.75613251822650084932,37.39056163773334162670,35.96158235623769172662,34.47808687056762977363
42.79708717375212501111,41.73788923774653625287,40.60753251528542051574,39.39936637062649538166,38.10900863406223493257,36.74096115701824771804,35.30900570072200395089,33.82199190298995006287
40.52920704979609212160,39.46889276265780921449,38.33686181819150817773,37.12642528339372915980,35.83318312215223500061,34.46170424094818685035,33.02591479659367479371,31.53475160974914359713
38.27117112942880794435,37.22086275809081001853,36.09906247902409859307,34.89915459581497003683,33.61680660782128882147,32.25664138002387204551,30.83260864779441590144,29.35366525005508364643
37.73470235875574019246,36.70015555932143058726,35.59499571813544349652,34.41272110759614832887,33.14908284960552720122,31.80867275609632116584,30.40528263179099965896,28.94777384117433527422
39.41843346416165871915,38.38514076872787228467,37.28140403376598754903,36.10070767874390895713,34.83878110043068687673,33.50015942768087739978,32.09854814174367021451,30.64274847340711716015
42.40243298027161955588,41.34456915312805591611,40.21474763939623642273,39.00622591945436568039,37.71455524917167423382,36.34427392322303518313,34.90929510562053650347,33.41853455137743367231
45.32505773510478519484,44.22058920123263447977,43.04098008250512918949,41.77909024107430724371,40.43018251090193615482,38.99892580931753371942,37.49981304232533574350,35.94210347738107458326
47.36536493358678967525,46.20639244826036673430,44.96835463924008280401,43.64367375440111374019,42.22731766690161947508,40.72421700243805275932,39.14970746859683004004,37.51355995184719205326
48.57841603980499911586,47.37797835796735768099,46.09549364207764909906,44.72306439950006051731,43.25545893183498691315,41.69788106091273505172,40.06642698350286480036,38.37133112556563219187
49.38068214557376478524,48.15759988362951560248,46.85112765944798240980,45.45318690102086378602,43.95843992750564410699,42.37227787339873685823,40.71129016181112802997,38.98600228867196904048
49.77187491704277277904,48.53601867162941374545,47.21640480161764230616,45.80483352904530391925,44.29589354874110540550,42.69508290244706216754,41.01929493625357991959,39.27922040822674176752
49.52862192991342737969,48.28423915425102563859,46.95589534397701214630,45.53529257305781641207,44.01695602126809347965,42.40645021629575239785,40.72087880484146893423,38.97104120726653775364
48.69025773119905409203,47.43707587120692892313,46.09916133257468828788,44.66814676380664650424,43.13852019021550887601,41.51593859642998296522,39.81772703590723239131,38.05482129199016583243
47.67439992110018920357,46.41517608858195131916,45.07012375699228101666,43.63090000142941704553,42.09203581669557081568,40.45931947050200250260,38.75027424041768142615,36.97599053707653382617
47.13709220903706409445,45.88916614629163603922,44.55556139957324290890,43.12814184597618094585,41.60161373827512676371,39.98183729572746614167,38.28626973903963914836,36.52600851999038411577
47.16357740486847660577,45.95746634158992094399,44.66863318324831766404,43.28935265483348615589,41.81463456702659442499,40.25023357426906756018,38.61306086571519813333,36.91390431895339929724
46.99572388303742798144,45.86260895383950497717,44.65286846666629116953,43.35931635776680082017,41.97732676594499423572,40.51232560123125381324,38.98018957659532190974,37.39104492331710360986
45.94800875762853564765,44.90062159567346355971,43.78422405186358190576,42.59214121846390099790,41.32006163496230044530,39.97292868848861502329,38.56535000573342841790,37.10659657179606085720
43.99585024194881555104,43.02295462363635891734,41.98771209778816171365,40.88380574046799864618,39.70711291687074151469,38.46207079792203131774,37.16210805426817387342,35.81568085156508374212
41.80449905801503973635,40.88518212787157324328,39.90796747898738772165,38.86674006484250298854,37.75745332012738941785,36.58410127666856936912,35.35916864867876796552,34.09045972165723981107
40.40544505094143090673,39.52080935383894910728,38.58069145560513391047,37.57910051817327001800,36.51202270954531314828,35.38311197327729473727,34.20414586397678391450,32.98245803944809750874
40.40619054306891655415,39.54131372225173635115,38.62214024952218949238,37.64278851206515952299,36.59929095907187246439,35.49509732923793592363,34.34152640827941382895,33.14562628514751452258
41.44885626930150124281,40.59487311861266789492,39.68750883161088438555,38.72098341778789887258,37.69139226830608890850,36.60209536136294872222,35.46416644267518591960,34.28450747604563986215
42.31124144781077944799,41.46487594559864930943,40.56615597275472850924,39.60937139743681001391,38.59066508003959228290,37.51335249701348573126,36.38837588030258274330,35.22254982355492103352
41.94175727141409026899,41.09632719538763012679,40.19882525899998171326,39.24352972385108273556,38.22657413143267035593,37.15127021256965633711,36.02856768023934108669,34.86527496310124973888
40.62433604613483595358,39.76741405757336877969,38.85691426573546891632,37.88700559806590462131,36.85375005482091381737,35.76054250670073031415,34.61856360728371129198,33.43477070899829328710
39.58590910380126359769,38.70389735764945982055,37.76492201644143875683,36.76298544756469510730,35.69405368994786442727,34.56172324175818033609,33.37764865834184746518,32.14911812288334402865
39.76356036852765640788,38.84718162549508235770,37.86956349815531552849,36.82452197861491072217,35.70792886850004066446,34.52367579807059883024,33.28406884009044830464,31.99685534671776920845
41.04922345587681320467,40.10600656855435630632,39.09843321934705073772,38.02016517622209335059,36.86699697980533585451,35.64306423202596363353,34.36121708884417103036,33.02957494345769617894
42.43445180327238830387,41.48659723658583686756,40.47390309376120853813,39.38995527929319706573,38.23049870925530058230,36.99972204441870360370,35.71063345087322460358,34.37143856469655389674
43.11082266857025757645,42.17909194616743917550,41.18418787547568626906,40.11971141275081720323,38.98139613442918260944,37.77330174919413963153,36.50820629568839592594,35.19413041754546611628
43.06525204984560417643,42.15892973241575703014,41.19161842423271480129,40.15701536801669391252,39.05089431169239588826,37.87712293063633239854,36.64806439980959140712,35.37144814433581530011
42.66637375815557220449,41.77245185200229826705,40.81827637606013325922,39.79762614453828462047,38.70632378511804461141,37.54815816566567576729,36.33528003740663336885,35.07528826518261411138
42.21636801265400151806,41.30617053487350887053,40.33412122045260872483,39.29395634829181460645,38.18148842626418826285,37.00063473732102181657,35.76380096353127413522,34.47877612874984976088
41.73103153572039758501,40.78708662675113316709,39.77873605628975894888,38.69956104864571244661,37.54529393452781960150,36.32007484021151810794,35.03683352258891403608,33.70371428037639560671
41.07362843770009419586,40.09697727127500144206,39.05418644382034187856,37.93863398102171657911,36.74592164963919316278,35.48033900018427289069,34.15526559089632030464,32.77912392321574941434
40.17573946342815816024,39.17609514591194397326,38.10976423241736199543,36.96992904335579765984,35.75204317311020929537,34.46041721018538339649,33.10865673570410194770,31.70529627818769213832
39.01362438604811444520,38.00800185065691749742,36.93618685760122843931,35.79125851505250466289,34.56857431787530998690,33.27235855614256365698,31.91617060379513048929,30.50848276185964991214
37.58296706296751921172,36.59548338944922818428,35.54342701616369737394,34.41994901043369736726,33.22043561170113434855,31.94896082133112713564,30.61876266417664638197,29.23809031953761916611
36.04622696918589497272,35.09910517833009890865,34.09006012212984160215,33.01249593398761561502,31.86196642175628213067,30.64237904279547564101,29.36645477561082628881,28.04211160947887293560
34.84631681192938401637,33.94492331972628562653,32.98452790079286245373,31.95886073554610717906,30.86370538005688857197,29.70282783493530587293,28.48841041339736079863,27.22803716515112171237
34.49524490475772608988,33.61587254919172806922,32.67902731909029512281,31.67862796403515091015,30.61059534070316701104,29.47863573803619274827,28.29466088701698112118,27.06609416658288580493
35.36579525406433788248,34.46385772591550988864,33.50303548322316515851,32.47711704969561452572,31.38193341255174928506,30.22125737493314900917,29.00723385911387097735,27.74744024479405624106
37.52893646645356540148,36.56403732303090947653,35.53571124727556451717,34.43731253155561233825,33.26436899419924486665,32.02086208170531733685,30.71968111660360634119,29.36888050378938430640
40.64962021399222891205,39.60746307317776171431,38.49563657518579873340,37.30696707590343663696,36.03662738647364705002,34.68892990052492564246,33.27779425898859244626,31.81194518684587180246
44.11741148992774697035,43.01950923996684394979,41.84667067353375102812,40.59136274443584113669,39.24853624506526728055,37.82283931571101476266,36.32907446378344218374,34.77655536635847965954
47.00207156874054703621,45.89116406619601207240,44.70310351536123505412,43.43030151150280460115,42.06769958670632547637,40.62013875698256981650,39.10278807658770716671,37.52522333695831235900
48.42884648504971067950,47.33720102016275887991,46.16908254158857261018,44.91705496998371671680,43.57618017984314917612,42.15130631391933491159,40.65747089030939775967,39.10418174293621973447
48.35273034030291938734,47.28126931523026854620,46.13491484390309693708,44.90635960885607147475,43.59075227044785805219,42.19286105858272151181,40.72747317341814721203,39.20393084788295112730
47.47381978095204857482,46.38847134811591388370,45.22793723315932368223,43.98481022183041488915,42.65417008266820886320,41.24082897368209899014,39.75975012245460504801,38.22037139179228404373
46.52277227257814473660,45.37251072239144633613,44.14324976130673405805,42.82716964481246435525,41.41908789582932115536,39.92413841793835871385,38.35822366059710475383,36.73136641102607313769
45.68555235026650507280,44.44277113124311284764,43.11498660223729473273,41.69379361911475001534,40.17364747802014335321,38.56019602841091398204,36.87076645202132851864,35.11627912626500602755
44.78575828576740747167,43.46947891990996026834,42.06316888934323117155,40.55795722421459004181,38.94801995709260467038,37.23946277348393607554,35.45082864676230371970,33.59380595804823599337
43.91954071930628344944,42.58008333652438182071,41.14886902236692378665,39.61688398867943305959,37.97822882731475147011,36.23920350939894774456,34.41881663897579812783,32.52905162627622104310
43.45398015141850578402,42.14366335855128653520,40.74351670669393854496,39.24471844216844118591,37.64149744426116939167,35.94003347045990182096,34.15895382081838249633,32.31000053081918821363
43.69788911827991739756,42.44042370613959036518,41.09687657108371894310,39.65876139996149873923,38.12051486267640854066,36.48801993131686316474,34.77908879976613576446,33.00494344765083098991
44.56549933174156308269,43.34427762616427060038,42.03976299354302881284,40.64368195443316267301,39.15059024531996101359,37.56611390189249277682,35.90743070120720403793,34.18535157267906754441
45.43040446194952153292,44.21150042647375499882,42.90983598822772648873,41.51713397659224824565,40.02793041347484859216,38.44776038569445830717,36.79365070825503636343,35.07630799944460164852
45.68867787424250792583,44.45111462449255412821,43.12991869994696259027,41.71670004451147661939,40.20591479022765923901,38.60314198612137204236,36.92559133277497807057,35.18408298470757955556
45.27593173160900619223,44.03002283960093166115,42.70034805798952248779,41.27849625575426983914,39.75890820542957726502,38.14716596660032621458,36.46050972161318526332,34.70978328738575413581
44.54746355137638147426,43.32994367250836376115,42.03102912440395755311,40.64253022044483287800,39.15902636279211890269,37.58590889085797925873,35.93989408697139964488,34.23150011548730731192
43.96887700849335800513,42.82122868583959274247,41.59732595521225562152,40.28946401176301606029,38.89253213467620184929,37.41154114659458684855,35.86211690419666808793,34.25409078424772246763
43.87026040303614138338,42.81997556330079390818,41.70027337294414593316,40.50412542433888063442,39.22686472557158054997,37.87303372512011634399,36.45684206118554726572,34.98723235454149715906
44.27108831041706338283,43.30709897149867515509,42.27944142259021731434,41.18171825934587104712,40.00968992256743206326,38.76753576089189579079,37.46826892595218083670,36.12009510992356098313
44.93527429091738412126,44.00422361034257079382,43.01118289703805430690,41.95004684928603211347,40.81678957649340588887,39.61551082010023350222,38.35881705140363351347,37.05468864783593119228
45.54457053282047240828,44.58441282184463005933,43.55930479437608937587,42.46299324492613180837,41.29137013827619284712,40.04872646014753456711,38.74811893586872457718,37.39784550220545611410
45.69936707279894250178,44.67151901724147933237,43.57297415088038405884,42.39699262142919167218,41.13913909071211350010,39.80401087535562965058,38.40561315139073172986,36.95285700249697669051
45.23467154997999983834,44.14292995543275566206,42.97522446958275565976,41.72427104071091008564,40.38524581427100201836,38.96296636326261619843,37.47228948252660529761,35.92265058359816265465
44.60705719650851364122,43.48744362933534546301,42.28948025365027518774,41.00555788379983113145,39.63059990654842579261,38.16944654057444097361,36.63727288253759439840,35.04368744085489595363
44.50405461038271681673,43.38718987801438231600,42.19201780994102080058,40.91085534203526208330,39.53855093672756737533,38.07985852458286046840,36.54986429684344528823,34.95809835590489456081
45.32935357519318131381,44.21970628344399045773,43.03217022902793331696,41.75911269937674319408,40.39541661078142453789,38.94580938439248996019,37.42528507947663740651,35.84331747950676572145
46.88516149094976981360,45.76151505001841002240,44.55883445714909640856,43.26948471071863622228,41.88837573496402910678,40.42038821301203199710,38.88078446644955477041,37.27923602529586588616
48.31779441664322405359,47.14873890359440622433,45.89729390802949637873,44.55565689202724399820,43.11867233146855227233,41.59157253788973207520,39.99038132124066891038,38.32529200152711723604
48.81140635214031675559,47.58620049705334764667,46.27471376125524216150,44.86889698930325920401,43.36347569223675435524,41.76407778331034137409,40.08763882807473777348,38.34496240747429141038
48.11575693536126863137,46.85859978543837911502,45.51339253811101315250,44.07194401289757479390,42.52891102405787648877,40.89014357010618283539,39.17309966463837156425,37.38892215473389768476
46.52331339339484372886,45.27416289210553657085,43.93825456672728790863,42.50747266408106384006,40.97653463690576103318,39.35128841294471158108,37.64913459071102863618,35.88116790769615960244
44.83313608542933792478,43.61841811279441571969,42.31993864936804783383,40.92982228139143074941,39.44295507470978634501,37.86506825076891402659,36.21315674944705165217,34.49804504996630072355
43.98751847031012829348,42.80305830223352359098,41.53718264952111383082,40.18223689708021595379,38.73326828463961390980,37.19593648363850491023,35.58692140138801107696,33.91684357648807690566
44.46160016671959880341,43.28008728781910008365,42.01727912878322968027,40.66558544091138571730,39.22011957438050444580,37.68662137442299098211,36.08185412794280466642,34.41650099146851715659
45.88940968865016145628,44.69039907251249132969,43.40874139098615103194,42.03677113737956005934,40.56956707474649448386,39.01299993963570500455,37.38412683552380855190,35.69383030241776566527
47.30566063650496744231,46.09883658681278006952,44.80886560395094875275,43.42802033957310214873,41.95132529009773492135,40.38462302219609512122,38.74497559838886218131,37.04326936801150793599
47.97981039573128470010,46.79836274707862742162,45.53561081690738632233,44.18393873635502444586,42.73840800794621941350,41.20459575311887334692,39.59900018783375941211,37.93214038477225358292
47.83931487202126930924,46.70694502530205483026,45.49649354615631580145,44.20059538481108774022,42.81443711316857303473,41.34321889413755712894,39.80255253923027680685,38.20238522157381311217
47.20298789042731613108,46.10848766297308287676,44.93792869783006693751,43.68413877230682373920,42.34240646221508796998,40.91767720019073095727,39.42493557411508220412,37.87373081115232054117
46.40666292197041542522,45.31746702859736330993,44.15169072330607491494,42.90216832037151561963,41.56418731730838089788,40.14266989196835311304,38.65253947884838936488,37.10331666355925506195
45.55255177353642181970,44.44713923783849907068,43.26311937653191108666,41.99320223079856617687,40.63259533918763111160,39.18632446739103158961,37.66958960675535195151,36.09209916008574481339
44.65072457925255378086,43.54117269037565307599,42.35198869367642515726,41.07582674596940819356,39.70785128527244012275,38.25310094283388906433,36.72683531192384975839,35.13880803160949284347
43.75597583743933682854,42.68208999129056735455,41.53058955502280724659,40.29429400952286499660,38.96844771157030606901,37.55783072365163377526,36.07709529549851623642,34.53560318409454765742
42.66095615221282599805,41.65337257546049443135,40.57265551930974822881,39.41193191285778141264,38.16659467575525610528,36.84093450024289495559,35.44847135871339816049,33.99782082058113275025
41.02946801467956561282,40.07884236037152447807,39.05922899720255259126,37.96396659517507288228,36.78852865067747046623,35.53675123192715545883,34.22117268954635704858,32.84974030120324783866
39.03680535745012747384,38.09396980153594114427,37.08299199995691708409,35.99714350470134149873,34.83182424408452249054,33.59075703449190086758,32.28634585462810946410,30.92641189214559460652
37.52613210367053397931,36.53233037502724300793,35.46685158641473378793,34.32264550470310382480,33.09492673892980008077,31.78777354755673201225,30.41449815945566825803,28.98349424667929241650
37.48821897355559684684,36.41692471873741254740,35.26801095088875115380,34.03406768641978175083,32.71014548648173558831,31.30095287566867057194,29.82121706226028479136,28.28027308932400529784
39.05250199526477672407,37.92783353317994254894,36.72088248591208525795,35.42408854542743057436,34.03248029959280529511,32.55128191261444214888,30.99624301971244477727,29.37741664931317231435
40.96497386841576826555,39.83974014938544172537,38.63132953103487920998,37.33232750492138762866,35.93790228275867804086,34.45341780564302069934,32.89472662813250281033,31.27200593351908608497
41.57533393527729970174,40.48332850042850594718,39.31020332001404682387,38.04879507567710561489,36.69443635230577172024,35.25231889107177352116,33.73776734093833340467,32.16064127010280770946
40.30563432401987711273,39.23882341845244781098,38.09322284242720257907,36.86174343550936782776,35.53973167742196181962,34.13213968059532987809,32.65381544988055395606,31.11428133279728314164
38.09454431444223843073,37.02648320532928494231,35.88076435701670874323,34.65012937148379279506,33.32976933710742883932,31.92450639826921587883,30.44912970225244208677,28.91305332092378321818
36.57105108770724655187,35.48714530848648252004,34.32571660813223246578,33.07926781881527489304,31.74280734589543939705,30.32117040751888836780,28.82940044373764720831,27.27700493614432275535
36.77264124378958598527,35.68538407831984216045,34.52096502788281640051,33.27184260937941928660,31.93300557159718877642,30.50936076508363115067,29.01612722341226557887,27.46289878637290016172
38.49520294836689515705,37.43896166561525262750,36.30745900431313089030,35.09345770327328750682,33.79218707087238016129,32.40856000510095213940,30.95753519738865477962,29.44856849944479293413
40.52754186457899976403,39.53568482753570378918,38.47226977643739331825,37.33062716716013795804,36.10640334438283360896,34.80436052638894750544,33.43868115044755029430,32.01838156259115208968
41.48071845609842256408,40.56778748575083426431,39.58819047690127490569,38.53585976212041686040,37.40685291781890953189,36.20560866717756454136,34.94520215780472227607,33.63398336467592031340
40.62973036874060994705,39.78439436135527529359,38.87720503731413401738,37.90250358582206047231,36.85659302692850758376,35.74350900630999205987,34.57526089792831669456,33.35951337912271696950
38.17416336147607580642,37.36686384358349499735,36.50105743923025158892,35.57121961714921098974,34.57369590486234045557,33.51218255000588897019,32.39798613591221965180,31.23828251040868408950
34.98842352985796111398,34.19113382876532369892,33.33677146303556071416,32.41978623768138589867,31.43647063684683118368,30.39034099925321896762,29.29242237950600369345,28.14967479756560564397
32.12966954818254805559,31.32556883750356746532,30.46424352046574313135,29.54010235485747415396,28.54940278328404446029,27.49564443614231734614,26.38986386534195105469,25.23902633606765633090
30.47629932224325344237,29.66195369123662928246,28.78957904617939789205,27.85360082176238094576,26.85030020203402756351,25.78323524588618909092,24.66352807494359922202,23.49822797643544447510
30.61223661307970189682,29.79639735057057592371,28.92228760707434886967,27.98441548951797841482,26.97913474354789897802,25.91004528387075112050,24.78826713964033956472,23.62087981155237059738
32.57976079780854661294,31.76927212989640381124,30.90098305518507615375,29.96946675307773233499,28.97113520566853850369,27.90962295758324529515,26.79605567079767425298,25.63751957008952331307
35.67136643320024802506,34.85760991190198865297,33.98619438834042938424,33.05162585461854973801,32.05028777951968521620,30.98593504641973694902,29.86997159113743194325,28.70962850755079287524
38.63426535667885985958,37.79119768684045510554,36.88891667035490229409,35.92166180024453581154,34.88566356226114351102,33.78496526766201668579,32.63172221120250782178,31.43359541923694422394
40.28847492200698354736,39.38171661161140235663,38.41166601920598111519,37.37209848339576012677,36.25896627399603033837,35.07676380933701665299,33.83885454043528540069,32.55363233094283970104
40.34002569927864101373,39.34290350084373955042,38.27620406979250589075,37.13313409011715293673,35.90930122491175069399,34.60974156029828208148,33.24927046101333161232,31.83720416459992819114
39.62603011115398032871,38.53173331617888663914,37.36052636971761131690,36.10509632130595747412,34.76074815345909030384,33.33308586515435223419,31.83836898962859152107,30.28687621153411768660
39.39557215596204287067,38.22705247622157997966,36.97534356078281092550,35.63282783498340222650,34.19466248215803716448,32.66694951472402408399,31.06707158556725900667,29.40609648832845834932
40.30468381676634237465,39.10928200297129819774,37.82764149606617110067,36.45213885246187857092,34.97798240590828555696,33.41157993927161840020,31.77083657199295529949,30.06722210853449084311
41.97665875746789510004,40.79540042953040313023,39.52814591382036013556,38.16745700736641566664,36.70870555533807078064,35.15839756811073613108,33.53443633101309728772,31.84832512173383278764
43.51676537575695391524,42.36080710102374524695,41.12055084276821759204,39.78873152326466566819,38.36085655163206098450,36.84342503202186236422,35.25417619086535836459,33.60450375158567482003
44.39593715357761283258,43.25083762146795152148,42.02274565371765646660,40.70443204533874137496,39.29142990528475820611,37.79021675337452279564,36.21847235280588250816,34.58752595872581991898
44.71209041499856340351,43.56007906832680021125,42.32537278782383793896,41.00065807745210122448,39.58139380113483696277,38.07400878157621804121,36.49618386817692794466,34.85922492465638811154
44.79343974886828050330,43.62586621051184465614,42.37506928926322302686,41.03363402636426826575,39.59692430468027168899,38.07128808998513846973,36.47436088544343135709,34.81741987096845036831
44.82565103072494849812,43.63594322694898863801,42.36163746457878431784,40.99525161601665246280,39.53209159298938857319,37.97848271333837288921,36.35208014312089375153,34.66420641931295421045
44.83942593469574688925,43.62648342378196986147,42.32739385499434803251,40.93463970586430633603,39.44351079744460264465,37.86039810834306251763,36.20310250214116365441,34.48308075089198609930
44.77872159344715186080,43.55621646370791921754,42.24724935647856227661,40.84432201516518290418,39.34275355392961870393,37.74900655575618202420,36.08099594525234721232,34.35026878588934096115
44.60907814195257969914,43.39899318547742268493,42.10405225209612467552,40.71684408004291810812,39.23275122921184276947,37.65820043239158110282,36.01097985593385431002,34.30253936301578221446
44.50101897796725580747,43.31891736807774861973,42.05489881144816166625,40.70167208193358021617,39.25467781476393014373,37.72013973612545356673,36.11540058146210441237,34.45158888628414217692
44.68477970295112555732,43.52804847873522930968,42.29192747033801680345,40.96922372261669664795,39.55540246618345179286,38.05640369065237393897,36.48899717795095654083,34.86392007101562739990
45.21175477361430239398,44.06439768895700126450,42.83833143503282059328,41.52639529838621967883,40.12403366065941412444,38.63694769288574804023,37.08145802942843261008,35.46802119738990199949
46.02661902274635963295,44.87008429859639591086,43.63355191132092869566,42.30979002856922477349,40.89416060439578615160,39.39223805926565802338,37.82017020118642136595,36.18832812434488488407
47.11807083371756021961,45.93920474287141786363,44.67800560370729101578,43.32707190737270508407,41.88162846147019280352,40.34724317856242947755,38.74018739224040075442,37.07092940320727336712
48.49099552002494561975,47.29243293833075512111,46.00997505973197831963,44.63604672333368483805,43.16574042674425015775,41.60465092089300043199,39.96924576945671248041,38.27011266001652955993
49.84101155503442726058,48.63271998772776072428,47.34061818701989210467,45.95704398704452842139,44.47702665024153390050,42.90618042565419187895,41.26109628455591860074,39.55241762380443049096
50.42531096289941672239,49.21137174690157678469,47.91454943055914839078,46.52719642178139736188,45.04436542220249606316,43.47171909995394400994,41.82594242554172581094,40.11772472133211664413
49.68147756367423539814,48.46276316906354963976,47.16205025011724671913,45.77175345179550447483,44.28698466987567883280,42.71344777382240920360,41.06786493473270382992,39.36095200948171424216
47.97993723421435419141,46.75215119222256276998,45.44241022874258106867,44.04311140221969367303,42.54935232731838823383,40.96682934750424465165,39.31227710796610352872,37.59642248985947787787
46.48940902942637620754,45.24592359700804422573,43.91945568925186904607,42.50223863672460566931,40.98923152869505770468,39.38608193582820149459,37.70958305873459437407,35.97048688985211128966
46.19964547926890929830,44.94209162407453561627,43.60034354864775707483,42.16644026367222153340,40.63517768760580395337,39.01215400312986503195,37.31424233362935893865,35.55222551730685154325
47.10148974013175404707,45.84255157746143538589,44.49908355023134731709,43.06310892944755863709,41.52941492799595835095,39.90362138208664077865,38.20264951485916071761,36.43731465621140586109
48.06898681091053759928,46.83228847461317911893,45.51249181111291619573,44.10192103781101735649,42.59561658463037048250,40.99928271805306678743,39.32972300656394537555,37.59771776638770290901
47.63478981811599055618,46.44485616330487687264,45.17515353380894538304,43.81855427375217715280,42.37054203324056089741,40.83687787901600074747,39.23398527736747354311,37.57246041716773277130
45.34803114420851244404,44.21609668805285764392,43.00868639913660018692,41.71922808098824475564,40.34363392095039557717,38.88761203687793255312,37.36700977282603020058,35.79209254802260886663
42.16883520584104871887,41.09030683231095082419,39.94048781497719602385,38.71315453392644201358,37.40446009830751705749,36.01992781428710088676,34.57478288938025912103,33.07887853250201004585
39.57509127700687656670,38.52955550037808052366,37.41558016524005836345,36.22700915378926822541,34.96001054409487807106,33.61989802160279339205,32.22147975605025038703,30.77428524137690146745
38.62584479071941956363,37.58112894464246522830,36.46830259694202425180,35.28105068308806124833,34.01540236934681615821,32.67659420563050787223,31.27944413001327816914,29.83343209245203553337
39.31642685631626932263,38.24464061675769244175,37.10269329828347650846,35.88401505095679056012,34.58445239084002054142,33.20933789858175089194,31.77387970595290767051,30.28778614168765415116
40.52830102413798130101,39.41982332330428562273,38.23821505760155758935,36.97668230341680128959,35.63092982185671786510,34.20647797175421800375,32.71905449924759068381,31.17871201569744954440
40.90495260744951622200,39.77193696869687045137,38.56370373621407310338,37.27334280245131026277,35.89649433127675592914,34.43882498941853498309,32.91641500332546854679,31.33956237989789528342
39.88989897299081377469,38.76091828676219819272,37.55683383218280368965,36.27076696924934395838,34.89838009487952064092,33.44532816182243806225,31.92764040725760565920,30.35558724699266264224
38.26512653566859967214,37.16152604797879632770,35.98457727884476042846,34.72752609142194302194,33.38610427878214181874,31.96581564515049578290,30.48231455266212108768,28.94562152992938308671
37.63211464435681818941,36.54080677282853883980,35.37691268865339822014,34.13371657632453803899,32.80696023374280656526,31.40204236149823202595,29.93439745123094297696,28.41389774062118078746
38.98317418388034383270,37.85982079891149965079,36.66123608263531963303,35.38049264691077411271,34.01319295476000803546,32.56488404711985396034,31.05143979630303618933,29.48302099355563399286
41.98052616363951727863,40.77464831147703705483,39.48694111959724750704,38.10997976267609033130,36.63906601447031619045,35.08023442138756564646,33.45063824331339219498,31.76127820531174705820
45.47734106659285657770,44.15375251826954894341,42.73886801967281456882,41.22456599461857251754,39.60574045660411002245,37.88917899006321476918,36.09394938707127664657,34.23230839178113171783
48.38644413299845581378,46.94229666096872932712,45.39706946758910532935,43.74192893863795461584,41.97135458299494104040,40.09291605876207142956,38.12765826321371775975,36.08913632308583885333
50.13182082156104257820,48.60166686390834911435,46.96332414719650927282,45.20744563874774257783,43.32820602500633100362,41.33370974377108808540,39.24637392899108334632,37.08065856456743603076
50.55475073596981872015,48.98405062240146889962,47.30149801209531545965,45.49752237027285417525,43.56616659795349022488,41.51577756220883230753,39.36938047313695676621,37.14185122422398421804
49.89713416548728730504,48.30553485598240115451,46.59996657049665458317,44.77078161044730819640,42.81198670329783340094,40.73206624207954718031,38.55434340761146216892,36.29391559461647887019
48.73661999432329139381,47.10860912570519332121,45.36372125358818863106,43.49210663377785834882,41.48765061294297140648,39.35904062312302187365,37.13012756391805169187,34.81636282321571940201
47.63514818732311795202,45.93660379726381393084,44.11628979169631747936,42.16387654135319706938,40.07293616099077127046,37.85249622498445631891,35.52742707194671822890,33.11382179035265238554
46.88834854332971247004,45.09862478888970827029,43.18117529408993959805,41.12502944530161386183,38.92333489698670945245,36.58553769593845572672,34.13781303138194544999,31.59706173535079898329
46.28126544475118464561,44.41471088925905519318,42.41563355998975026750,40.27254387437178451137,37.97824865430201413119,35.54254569356842807792,32.99269305683866804202,30.34626387472769692977
45.20584856472662949045,43.30255545454164689545,41.26459206886128328051,39.08027383637374896352,36.74228917426905383081,34.26061769279286295387,31.66301447955214953822,28.96737452311250748949
43.19808946157893103646,41.30635492868187697013,39.28097188684176899187,37.11038685802044057027,34.78738004886448464958,32.32186999671722560379,29.74139232242161057229,27.06371674790780801345
40.36620407089352369212,38.51552414508346089406,36.53425310943623571802,34.41109811226387193983,32.13899888785045533268,29.72763200088687796097,27.20388209295305159685,24.58510124914223382575
37.59885224399000946960,35.77716511919181385792,33.82725741657768026016,31.73796038391990492755,29.50227555242154764414,27.12968605505204067185,24.64663383953155317840,22.07016369708732028698
36.07158251416524308297,34.24032396022630564403,32.28071902740590104486,30.18147031314373407440,27.93548310258818290208,25.55226001394379053977,23.05839972659238057417,20.47101442538949456207
36.31192293293956652178,34.43314052769309796531,32.42322477599153529582,30.27057083601821574348,27.96789335916230712087,25.52495898327409307171,22.96910922342533822871,20.31791539156655090892
37.74138575759485547678,35.80278589194929139694,33.72907594924260621383,31.50834918843499110608,29.13315522922482614376,26.61364088172140185407,23.97808369472508616127,21.24466895146402123373
39.03313747071661055088,37.06323888368213204103,34.95588755551447235348,32.69906602282343044408,30.28528140249823152885,27.72491742926288438298,25.04676216952597656018,22.26935414347059349893
39.06992888983506162504,37.11705207126363603720,35.02762707242791861972,32.78977288740246365251,30.39609754330332336281,27.85695246451663109610,25.20094467851165376260,22.44650835138417122039
37.66974171887979139228,35.77161863212515413579,33.74049865940705927869,31.56480773807152218069,29.23734994527263353348,26.76823678640067427636,24.18538078160254300997,21.50676099831694898512
35.79391770709802500505,33.96208850385603739142,32.00177623480941235812,29.90173499470055418215,27.65496329245338102965,25.27123415521394989014,22.77757665611808235440,20.19137613191111668698
34.93695156077399843753,33.15396514171960262729,31.24606980946386869391,29.20223405061524601933,27.01556507122336370230,24.69551660368821544012,22.26837176993146272252,19.75100878662966508159
35.73633240774231012438,33.97607104712636783006,32.09281624313244662972,30.07563024725293843176,27.91764907884858359921,25.62808772046109950793,23.23273235184486296134,20.74812946286655090944
37.37579935366099448402,35.62650805403739440180,33.75527497599569670683,31.75123264702844139151,29.60754014927290000969,27.33324247454164890314,24.95376902299200949642,22.48544179589526592622
38.30621983580113010248,36.56593247078364328218,34.70431960946870475482,32.71062298498002718361,30.57807535256601028095,28.31565857077207226666,25.94859424598784869431,23.49309103858626102124
37.52673511281749085811,35.78608090257506546550,33.92361406616430485883,31.92867095383930475805,29.79458007350489978649,27.53043912934582593266,25.16158250727623979515,22.70432458846678613895
35.39340867938554424654,33.63663505099628281414,31.75624501699857660242,29.74157883240851418805,27.58601477238702059935,25.29890148566413543563,22.90599993693288638497,20.42393416297657893210
33.11295811178242587403,31.33610174054441088742,29.43368634917489146119,27.39500384525818432735,25.21343599140487867771,22.89855476909903586602,20.47654720561420305103,17.96433843620912540473
31.88234214804599986337,30.09675698817888900294,28.18472160492749978289,26.13550420859746736824,23.94247877636005483737,21.61527833260565500950,19.18021302241674064248,16.65430240105976267273
32.47544809315724023691,30.68915544174715037684,28.77619702605762341818,26.72582225740639927380,24.53137656209380423888,22.20242478309356570776,19.76517042024204684481,17.23656986492762044350
34.82431250009094014786,33.03401356227240626140,31.11647758132466279335,29.06088221964723672386,26.86050377867915273100,24.52484592379419936492,22.08006247470199312488,19.54307582347206562190
37.83343925501100812880,36.03666355379841945705,34.11173721558875371329,32.04771938323313662522,29.83779101294392788191,27.49145031246735371155,25.03493835725540606063,22.48522059693333829955
39.92256100664587137317,38.13010206365412102514,36.20943806346922855255,34.14954461747888814216,31.94353167881234867309,29.60087178993442691421,27.14782962322140846823,24.60135620527559296988
39.99652943979380381734,38.23797898125264538294,36.35372722519789334683,34.33283628027991341014,32.16844693872602078955,29.86983160706015283381,27.46283102115862817527,24.96408059209761987063
38.06146115411127794914,36.37655297349884619962,34.57184229746008696793,32.63674197360609952057,30.56457709298131675268,28.36412780829022750595,26.06007509825776224943,23.66826620572861727965
35.12878314314103533889,33.54739250591738652929,31.85455013538621216185,30.04024272687606256227,28.09811109684408947373,26.03620892613624704381,23.87745498972723012798,21.63653344640494680107
32.61406334497793579885,31.14511659155584055725,29.57362749055053185998,27.89024309302303450409,26.08897522416075176466,24.17708557348599640591,22.17553802363005388543,20.09774380694023321325
31.46311429876465481925,30.09049540923497545464,28.62266361953177096211,27.05083834090394034888,25.36935897659046545982,23.58483539078607194028,21.71659288173996671389,19.77698207186444889771
31.56513024395439259706,30.25122997010961256592,28.84624975676752356435,27.34175029532394063381,25.73227769703620992914,24.02411463367659649748,22.23571271905498036858,20.37885496747258073924
32.03686936691532594068,30.74346978309485223235,29.36013414532847676242,27.87852604098103981300,26.29326954312467634622,24.61063104255213929150,22.84893971614345176135,21.01988990503417298328
32.01537128792551101242,30.71973308461578966444,29.33374799191649984209,27.84904298630840813189,26.26023725817636744750,24.57372211770134384778,22.80807556123751211885,20.97513933510695238738
31.25164016995379157038,29.94573628771489737233,28.54874091519219447832,27.05221532256130956284,25.45075219497179475070,23.75087346719470460243,21.97144465780478839179,20.12448504361687895425
30.25255072655133048443,28.93463175697502265393,27.52489588477695647839,26.01485439963147783260,24.39907743323118083367,22.68417370420690559740,20.88920689916658801621,19.02632720227251894585
29.83956532686575613411,28.50113937841193134659,27.06946878935267619681,25.53597077607421539369,23.89516108607157107713,22.15375276725614028805,20.33107496536387870378,18.43945979998160211721
30.46799516292760046099,29.08990307081554860247,27.61559807354053219797,26.03628336319885860917,24.34634875908107787268,22.55273410581849446999,20.67535128581857861718,18.72692017784743256925
31.95741672653896259249,30.51800305834667881300,28.97773595888906683626,27.32747143378539433911,25.56139772571164314741,23.68683614934731451740,21.72466766639145419049,19.68824816164547542030
33.73724966004238012829,32.22745174946215485079,30.61136627377370444947,28.87945393485900780206,27.02567861221208289635,25.05782382214229642159,22.99792123047784997425,20.86008269299459882973
35.34345884193670173090,33.77849396180630492381,32.10273662284468088046,30.30635260074861037083,28.38314390674864284847,26.34127095108011218372,24.20367578025302890410,21.98507752998120068355
36.56677077788603469344,34.97308126445385312309,33.26586772377528689049,31.43515337658898900486,29.47466060227825579432,27.39273006785715836031,25.21273332194415672802,22.94969103028600443395
37.22539098772917043334,35.62566336996900417944,33.91137323720237617408,32.07251564482673700240,30.10278773135539864825,28.01052255642074939601,25.81909214942358232747,23.54353809240278394554
37.12173905677327212516,35.53746722486519615813,33.83962230337377263822,32.01826782914302071958,30.06712280947672866205,27.99435447430952805803,25.82298134864606709016,23.56781840974392139287
36.21533708025454245671,34.66252817792633322824,32.99905872859955735521,31.21512567443353702856,29.30450537685316447778,27.27510719797908578244,25.14939132577534763868,22.94178549341395267902
35.03525632748297624630,33.51623585768251700756,31.89022495460080008911,30.14755961840787890083,28.28208276557608158441,26.30146310587180380480,24.22763817423088283931,22.07465230915818210633
34.60477640609408922501,33.11161878394477042775,31.51463829780274750192,29.80429233035784974959,27.97449452756803722764,26.03276683798802437764,24.00070563119840372224,21.89209326472191463608
35.44120523833669977876,33.97026791468651651940,32.39796998132558769612,30.71492536162873321359,28.91515909259602779002,27.00611948005653673022,25.00915164004358715033,22.93785873598280389274
36.99360499112939493216,35.55726312329530003353,34.02233950772125581352,32.37970888596204588339,30.62357754166893641923,28.76126208069357659269,26.81365341575455119028,24.79406639964204117632
37.95316929872389266620,36.56478216751933274509,35.08118155549882999367,33.49356951415654037874,31.79636570251505744977,29.99665281546360517950,28.11462374356705140599,26.16315355465617287223
37.08958203705273604101,35.73694768824898204684,34.29131208199192570873,32.74411992225614653762,31.08995063136203995668,29.33572468250127585065,27.50113227652704850357,25.59873712851638316579
34.26125329224947790863,32.90637209193396017781,31.45760861319531542790,29.90642030380501736886,28.24741222108669802537,26.48759332828911894353,24.64678645859355299308,22.73765896900006922010
30.42176525104780537845,29.02693722528447750619,27.53426105259721978769,25.93496128956134327836,24.22351850499074288336,22.40726221619216929071,20.50676408001038097950,18.53519360160131768112
26.85651246714170170549,25.40904074476836171925,23.85869952613922251317,22.19636735068729649356,20.41631951422915136618,18.52625176749971203094,16.54766149489455528965,14.49432778225232176794
24.66733421116980551346,23.18562217172485162564,21.59767336675215432251,19.89409938859590454285,18.06900181037895691816,16.13027799218297175798,14.09999833402305391417,11.99231094007699383042
24.36438213771706884359,22.88265708118781205371,21.29439473917576819417,19.59014995348342225157,17.76397234426282523145,15.82372433948250289859,13.79146008696439196228,11.68130771526118039105
25.75083872483980584889,24.28687036701819579321,22.71771347745003666319,21.03402924541434515504,19.22992744393986086493,17.31314591888534692998,15.30542816305796272047,13.22070201256024724046
28.28326121393496350720,26.81842769309170293468,25.24828114700834902351,23.56355519857283908891,21.75842315516263525410,19.84065861012081555259,17.83200259173241519761,15.74640666942091371538
31.38938054016100309696,29.88191596924172799277,28.26553053720452624020,26.53080260561834435862,24.67184141370028882534,22.69673394710552472020,20.62789709074979782599,18.47975972542914036012
34.62259121486481916463,33.03522106014378323380,31.33236042533724940995,29.50413389725498092275,27.54438369138149056425,25.46168257221333419693,23.27968266086131521320,21.01363623386058421261
37.57090853402870322952,35.89988170944676681984,34.10680968164057702552,32.18123193549998717344,30.11660861816196543828,27.92193397827620060525,25.62210274135355803082,23.23315958885678256252
39.55862494713692001369,37.84440269217014929382,36.00524374974679631123,34.03030039848156462767,31.91275389866643408254,29.66173414851205336618,27.30271656504308452895,24.85208300208416432042
39.83885851294151336788,38.13565663872158495451,36.30930930560981551025,34.34896647840262318141,32.24777846292820981944,30.01471160487266232053,27.67497287488764357022,25.24473415538250975487
38.18772505360617941506,36.52372525477339593181,34.74051990323343375167,32.82756214424646401540,30.77820012209960864880,28.60117291734008304616,26.32104134858660060559,23.95355809027391202903
35.18288914960009350352,33.54673766220565056528,31.79386727912330101731,29.91408217881547670913,27.90099967697482341578,25.76331522413540042749,23.52521290683872479121,21.20224333985124332003
32.08443204113495994534,30.44187690881947006005,28.68184594071838233731,26.79429150173024964943,24.77298160244220071036,22.62679389642025284957,20.38009659674925444506,18.04861651123500365657
30.29312937409453354576,28.62300818447127426225,26.83271319216819250641,24.91210581294200210323,22.85492539356445007570,20.67028359148379124122,18.38302654219609877373,16.00922456452330067123
30.61578668655040758040,28.92616533807610323947,27.11445631126925448484,25.17032754507181024906,23.08737829714221234667,20.87479032211342655501,18.55769398195388930617,16.15233246119740684321
32.77268526442350093930,31.08455207395407526860,29.27453844572800178980,27.33218144226835022437,25.25095439831669708042,23.03991770401590244433,20.72410560179723404417,18.31965944613629559967
35.32329537693824761391,33.65029280015010471061,31.85710601463205549067,29.93331419629884138089,27.87239787610591434941,25.68327432856550629481,23.39070009532948901665,21.01061191533884908722
36.47949329076534041860,34.81958696658693952486,33.04123384784472960973,31.13419082703592621897,29.09207895551169187343,26.92380982926185239990,24.65398734971819294515,22.29845918912074154150
35.36656247983183476435,33.71451813675935937908,31.94523536192241763843,30.04867818108047572423,28.01865131631149097302,25.86416687067460173921,23.60983418086085805498,21.27153110825634385606
32.49871610943782940240,30.86660879052881156781,29.11905466891378324590,27.24621417660362610036,25.24204586355250867769,23.11555191786353091743,20.89115872509364635334,18.58463415054989198438
29.44264395861375405161,27.86358479175544289319,26.17303984878817857407,24.36139721679140279775,22.42273218201895090829,20.36571400214581117893,18.21398935920421990886,15.98279007602863366344
27.93479309646863484318,26.44543444192611048038,24.85097337684033647065,23.14213757066718102351,21.31314561439920751695,19.37201226145912968946,17.34093905870374996425,15.23416986934827654920
28.71892231416329366311,27.32813134486560002756,25.83905944768624962649,24.24285474177614929658,22.53393138769992987136,20.71959252020663910798,18.82041977996303216969,16.84957080536643303503
31.12162242047646643073,29.79369087150411132825,28.37159032446755446699,26.84678044949626496418,25.21384013234387921898,23.47965211458698320257,21.66378143426068803024,19.77872081363642564611
33.68098441168803702794,32.35524004008670573285,30.93496597057185937274,29.41164800766402365184,27.77988791992929407115,26.04658595820898980833,24.23130654996376165400,22.34655526802704272882
35.18921420416739209713,33.83052927051549119142,32.37446512433696454991,30.81229888671437322500,29.13850605060874343621,27.36019246454161191195,25.49745808907401567467,23.56316010225204848894
35.44542346444968927699,34.08104573493640288007,32.61864328770744236863,31.04933468649251082638,29.36745398081250257860,27.58002288050687411669,25.70712880599072391874,23.76159447490924492286
35.20483789123821338762,33.89124016840800379669,32.48335483565487180613,30.97238581990086814244,29.35262631691971080272,27.63053013453829009904,25.82511486661713107083,23.94846075936690965591
35.46573414783972566511,34.22546779426389917944,32.89648004248904555880,31.47022486537974117482,29.94105038266641116707,28.31466355849755700547,26.60855658064748752167,24.83378309293488328535
36.62906312195755731409,35.42041975287439470321,34.12556590692909708196,32.73611592141237736087,31.24647351680116713624,29.66197539377542824468,27.99932584171876470691,26.26907219276031923982
38.22642550896912894132,36.95593999336979607051,35.59471876419341640485,34.13418071225526517765,32.56865652435359237415,30.90391277933879266016,29.15757585061230017232,27.34084454618056625463
39.54352857825543310355,38.13100633946654482997,36.61707333275165865416,34.99261124739302886155,33.25174031647235040055,31.40135228374959197595,29.46150882339793852793,27.44507239406099330381
40.29026577255354624185,38.72847989536824542256,37.05390154533466073872,35.25681697900026989601,33.33110839406200653912,31.28488896500710936266,29.14087329043047347454,26.91372182930167511472
40.70504800382065013764,39.05336928687378161840,37.28199656404893147510,35.38080140438678000692,33.34347523015186709472,31.17884929584195674579,28.91125406421922150457,26.55642787696332973724
41.28934885857898251516,39.63015336122629861393,37.85087375144541255167,35.94122912155008719992,33.89478706366462290589,31.72035678230468391803,29.44236671022321516489,27.07658427044534121819
42.25011224937001230728,40.63463332203881606119,38.90294631206831610371,37.04478258828197567709,35.05362332129669766800,32.93776484336154908306,30.72073774199294859955,28.41765145836840389393
43.19038861248652239055,41.60982523079302097813,39.91638844353765591677,38.09980426753215709823,36.15346269811123391946,34.08519537290381862249,31.91773593974565059739,29.66561147134697407068
43.42536196409046311828,41.83127011940148065605,40.12361398176879134780,38.29197880413302357283,36.32964102656094951271,34.24441653288953091305,32.05913884730437501958,29.78838175935246113113
42.37121589447913549975,40.71725815350617239119,38.94487239187473193169,37.04336265242707781908,35.00586990595403591442,32.84066830024008964983,30.57163220202873787912,28.21403668958324573168
39.90702088913451461849,38.19237505542726296426,36.35387598939116315933,34.38058673937046449964,32.26556546480330212034,30.01765846213531219178,27.66193789098449329344,25.21449784397990256934
36.68153828159550045029,34.96295968322647951254,33.11941628244795765568,31.14002341941898421851,29.01791684792640779733,26.76214044382458112636,24.39805451384857093444,21.94196724673991027998
33.81621255037352824502,32.17381049730455799818,30.41186993578995867438,28.51995902238671476425,26.49149387111711462239,24.33511538919595906805,22.07508057927447353563,19.72698066710733755258
32.23840656965958118008,30.72427331735031330595,29.10055073801473923822,27.35753669492309470002,25.48907122764049759667,23.50299280778915189671,21.42152441565773912657,19.25891859333975730806
32.21820593812417854451,30.81819036061268235471,29.31773044095418612187,27.70779268807832451671,25.98261146998748216674,24.14931802250080394856,22.22832511071936423264,20.23269336813104146700
33.26437105442278863165,31.90999124034853906551,30.45893919253105153189,28.90247731692381094604,27.23503094731803031436,25.46350317012716502063,23.60765604460708289025,21.68012279588728574709
34.47274502587004008092,33.09086298562933592393,31.61022399235676871854,30.02194350984239790137,28.32037519006631143270,26.51265378993453580847,24.61907521399390574857,22.65261922980056752408
35.16348471347168924694,33.71865200701191866983,32.17011196378945214747,30.50856566511401624098,28.72811002287508586051,26.83625090044833072511,24.85429125400460392825,22.79585776161610155555
35.36259889985720406003,33.87808681686979639380,32.28648555316718926633,30.57817104383267547973,28.74700722516213247104,26.80062923489952098066,24.76084236922448056362,22.64158946459119192696
35.62821316912283009515,34.17158776124567509669,32.60927736711978752737,30.93174737068465063317,29.13286992983719869699,27.21996206902585058174,25.21418180925283181182,23.12905563603351666302
36.49019574327585502260,35.12508111679492373014,33.66017250747481170947,32.08648020164059744275,30.39818117670473185399,28.60194781789783036174,26.71731759140128659169,24.75679519749968804376
38.19791416116839144479,36.93686618901871554499,35.58277359636813486077,34.12735124752086335320,32.56521453043046676612,30.90243111301672485070,29.15684772364852506144,27.33992116068876754298
40.62033420695021135316,39.41788244418404474345,38.12603355432690221960,36.73695297608232124276,35.24556384093467187313,33.65769041365694391743,31.99034854873015376597,30.25449589298051478181
43.26035901388470961138,42.04482380288192189255,40.73871448754979240903,39.33415277822713562728,37.82606423890977254132,36.22046706134592852777,34.53475262874666640300,32.78012705767889656272
45.44696470155974310501,44.16226256585921561282,42.78201647176356914315,41.29789064239385254496,39.70454191186721004669,38.00846807233812540971,36.22830381474759064986,34.37603605803951722919
46.46950184679045037228,45.10709653829086107635,43.64362368542427361717,42.07023207709831069678,40.38126412374083429313,38.58369783950578124632,36.69746346840247497312,34.73536358176881577720
45.91520533701633155488,44.50250302214401898482,42.98505248648095289354,41.35372136566456191531,39.60268703715475169247,37.73922616762394000034,35.78403757731238243878,33.75042833716155854518
44.02272530487496027263,42.58548002472581117672,41.04151554174890748072,39.38164811760491090809,37.60004436259172422297,35.70414143756918434747,33.71495997434373492752,31.64605110786188646443
41.66704383756797369642,40.21388831711910682998,38.65270247164113470717,36.97431410861659628608,35.17292621694137721988,33.25612209252481221711,31.24516489725148460366,29.15379808856350862811
39.91612819369102993505,38.43594689217822235605,36.84570645283687895244,35.13612540054310784399,33.30136708861351735322,31.34925864644879212051,29.30158548720838140866,27.17244024494949528048
39.11092375205503657298,37.59058554334271917696,35.95727581479653167662,34.20146964399888389607,32.31720109527106643554,30.31262365671737413209,28.21030908544828363915,26.02484861786157210872
38.56080392560322422923,37.01578471453005647618,35.35611833772613010751,33.57211954975411316582,31.65773804962602611113,29.62134470789396800683,27.48603572367861502812,25.26672742685414618791
37.23897355920823315500,35.71438905778202155261,34.07695950638014892320,32.31713729213399943774,30.42896710773854707099,28.42074482534515666998,26.31532063225175122056,24.12744535003390922157
34.40059225504787576710,32.95622138070337570070,31.40558282559847569360,29.73966619424519208792,27.95285729668706409257,26.05301147268090389275,24.06174922019355122416,21.99302557410782199554
30.13094338721717235785,28.81982669341898528614,27.41346337259906817962,25.90371671102020201261,24.28552058154542336865,22.56597680775764303007,20.76464299834209725759,18.89413270696844193708
25.50620272379966380072,24.34629507345010068775,23.10383990187677483163,21.77165270528250218263,20.34525556735571782951,18.83087738063727911708,17.24574139098583813734,15.60092690654351521573
21.99621311221503461297,20.96550895026525651588,19.86324202301320340780,18.68298516880438242538,17.42071473643133217024,16.08189017081081573224,14.68175076638365794679,13.23005153293878777276
20.71222837269490213430,19.76699782005323768885,18.75733365578079769875,17.67723263263779642784,16.52290486740225006201,15.29926947913556212200,14.02026425867463998998,12.69475464711312362454
21.46329711146713137282,20.56377049818920710322,19.60299206474008570922,18.57512222092926279515,17.47644101433472485496,16.31155616628612037289,15.09371531635402519100,13.83130653867097592524
22.81719523981988118067,21.94645917329255269124,21.01550472078226761141,20.01862247677282624636,18.95216224981624009160,17.82056932142361205251,16.63667580915796406771,15.40860950669792650558
23.46481715997487071945,22.62095405114887114451,21.71742452921519372921,20.74874177509133943431,19.71141225970599464290,18.60979784617009258341,17.45636650808333456553,16.25905610581242299872
23.12315904088323037513,22.30149786828458147170,21.42065241357691007806,20.47538180862242640501,19.46237622269906353267,18.38595753009256483779,17.25828921334527166209,16.08716796562611506261
22.85970210577637118377,22.04627870136763689857,21.17379074733714361400,20.23710191378633993509,19.23297790660107864369,18.16571110859772630874,17.04731331623956336330,15.88551121098184992775
23.63786108302268118564,22.81685348859994988402,21.93632641089325829853,20.99104734261502258619,19.97769919224530710267,18.90053756593614053827,17.77159508472484361619,16.59860017168923462805
