F3,F4,FC5,FC6,P7,P8,T7,T8
7.14387394500109174089,7.04788963015206437746,6.94541258360522650861,6.83566230335662972095,6.71819228765444176332,6.59386917616426337929,6.46491009489758639006,6.33263699434504445662
8.72947431282421426602,8.65223608016110823371,8.56892642033392348822,8.47897317079661760886,8.38209841207502392990,8.27920104802579004399,8.17235746070515034489,8.06283903149089908879
10.69756217572056655740,10.59454057304184360078,10.48241650633703692108,10.36053675709536214811,10.22860308758051495204,10.08775655505656843047,9.94054966411718154973,9.78860446096982883546
12.43638701427986426040,12.27575595933745233879,12.10084820578419417814,11.91067385329202998889,11.70472800451408090794,11.48447310235479079665,11.25330239830500111964,11.01340878594389671719
13.27856929485057868590,13.07316647748314508704,12.84985256768904982039,12.60732031639030736869,12.34484474424310285201,12.06405256876691822754,11.76889535724290425378,11.46192853175345938155
13.13527848731476765920,12.93513644106660009925,12.71780404720805890406,12.48194979485873901126,12.22680524441092764221,11.95386646354278248339,11.66688229161269951817,11.36825987531228498995
12.32205974781002844054,12.17698280634377283604,12.01956607673658616875,11.84878260488932077976,11.66403719906278979579,11.46646473044007308317,11.25892872847558123794,11.04323936733195132831
11.34211884722171426176,11.26041983922127620588,11.17192122528605757736,11.07598659669916862924,10.97226765426395367342,10.86156670815650038264,10.74583900954088555579,10.62628585215197141167
10.53557691392392037244,10.47830368389525546036,10.41663861759815645769,10.35010373809932815448,10.27846123031271119430,10.20242891594050682613,10.12368672962710114405,10.04324190760093493680
9.94540743425613626982,9.85845585534483248580,9.76514196082482399675,9.66478468547010471923,9.55702123360833155630,9.44275118226018861378,9.32415422492090861795,9.20254717948052736176
9.44623551349416068490,9.31152822138771441018,9.16687260200741960148,9.01125708010013326543,8.84410447997781012930,8.66655844159829946705,8.48151361856612595602,8.29074016267116320478
9.00197244844897781491,8.85674332239153905277,8.70050926766362842102,8.53219625349821342297,8.35118974539394187673,8.15869905000496942193,7.95778367438914280285,7.75032683337671191026
8.73510628063813676647,8.63378805900576828947,8.52421109831679935098,8.40564809490717124163,8.27772898342808360894,8.14151535331488318548,7.99949753024366927434,7.85321867785819005547
8.67134559273098481924,8.63809000147502992206,8.60104209008236075817,8.55999894121935867020,8.51495832691396437042,8.46674615063578883678,8.41697374799022313141,8.36665069465535538029
8.67374681245100731530,8.68352445952757534542,8.69226156130081761830,8.70005852264416290609,8.70711989681311315792,8.71410460703541822625,8.72206039825297274604,8.73164800839328769655
8.61596234140984229555,8.61241721009576544077,8.60678630277665490667,8.59901637954670938768,8.58919197447896110020,8.57797879202237467666,8.56656960026929148455,8.55570213402272017333
8.51226276079415278275,8.45674962504644867067,8.39575370498659445673,8.32876519475837362450,8.25553135758163847413,8.17683422086205169421,8.09447543602571784049,8.00954636696323696299
8.47605857950653707178,8.37663991936716634257,8.26914101762231901205,8.15267843853936291509,8.02672326563459392901,7.89214916313072212262,7.75125426098072978220,7.60541579619977703430
8.59164150203994481103,8.48590189139866524215,8.37192122103893687779,8.24879533307336743064,8.11598488147735608322,7.97439201826704291420,7.82638753129262010333,7.67339574174277849750
8.70953220052182963684,8.64039842467425600603,8.56549942360902960559,8.48427928274479548065,8.39645874533207425827,8.30286577255305324741,8.20543364275580522360,8.10533862563828577663
8.33931647705429668349,8.33254181043607289325,8.32431309358429949441,8.31455144288180036938,8.30330793238626263530,8.29117191237598838427,8.27923796875989737032,8.26816803371221986652
7.04154086444533611200,7.09425280755228904184,7.15031074890956741541,7.20993433018039020510,7.27333358736628987629,7.34069091259897721358,7.41213465281237038340,7.48767646480060289349
4.78335168205702121469,4.88490332300102902963,4.99483793232151729313,5.11345284096026908571,5.24091900593906157013,5.37687551574049660275,5.52045499800874583940,5.67094210696346756606
2.06450127938002925276,2.20974739877275183630,2.36861702196388757002,2.54143653689122217543,2.72829736991367965970,2.92827812769969453299,3.13953736090591606356,3.36063220488068647995
-0.09608963898799599557,0.08676757725079198291,0.28774840221464370593,0.50729764041105329664,0.74552741291808188873,1.00111560674052246789,1.27144345757613308479,1.55450602618112077025
-0.89176794411681181707,-0.68548289418772534454,-0.45862143558893514461,-0.21053942731587196868,0.05900835020704341821,0.34856585442747972658,0.65511698021690512039,0.97640293068278027899
-0.33032368193027428216,-0.12927726629627572796,0.09166931605794174931,0.33325317359293987751,0.59581350792555176632,0.87800754683389636845,1.17693076562189991030,1.49043826105807575289
0.94428737614802815692,1.11483195602494888909,1.30238296571136880075,1.50753190494407540712,1.73053512753778004907,1.97022699781991916801,2.22412882905426023683,2.49039960894293699312
1.97529430007075346154,2.11621010286687827318,2.27166304024008658402,2.44196849673180382823,2.62717355271884089873,2.82616162250743618856,3.03677580470536634394,3.25736853839987272607
2.15140112724709009484,2.28097095996498744341,2.42450102862636951428,2.58209121816166442542,2.75360504768487945881,2.93785137673605278863,3.13273540792804627841,3.33660690834632145396
1.81040647784979080726,1.94586412280329179580,2.09605662728210884183,2.26105306967331820545,2.44068143165010109641,2.63368641011072446290,2.83789408249814423257,3.05157516314145871306
1.93773040428395626478,2.08110755887637921546,2.23957317078360418350,2.41331964261924714066,2.60228410954329580917,2.80527534883260409870,3.02012066332868434060,3.24511196187317496609
3.33401174692137969302,3.46459198363619336192,3.60822353278467344850,3.76519618694248103807,3.93556836375043861409,4.11839549238738467096,4.31183332034795885335,4.51445471396777442408
5.92726464705891764595,6.01222275402694972257,6.10508186962945575971,6.20604436151892979723,6.31517474512576004742,6.43194516125883453128,6.55528675384358727740,6.68436530728330691176
8.77754021228580150193,8.79421725399746456731,8.81183730207281534774,8.83033458024007877896,8.84965410589963674681,8.86977545883054219189,8.89071958808984241784,8.91244081267544530078
10.76302344769594476759,10.71870004476504156798,10.66937085208376423395,10.61472370909831219876,10.55459573128777428508,10.48943825400389506797,10.42028894845373976352,10.34782424410503587353
11.24487201370472178041,11.17566233698902777860,11.09877718013204450642,11.01391660904074143446,10.92098957281799798125,10.82078323968975830383,10.71489908192073770010,10.60443496086793402355
10.42212058091334903054,10.36218286893223705647,10.29480522915648954552,10.21995369307483159105,10.13778310097987045424,10.04927424380813683058,9.95612845965902160117,9.85956661660144106918
9.26723515613763204612,9.22290941837918865076,9.17212939171593433230,9.11514878692728736098,9.05236810250445955717,8.98486829409831067039,8.91427203672787271671,8.84180110394381912897
8.80586769913752753780,8.76174116488370380296,8.71135114453362469078,8.65505664383971762277,8.59334964229332243235,8.52735497633182681909,8.45868215733254658062,8.38857217705099778016
9.35812329743337123489,9.29712028878152096922,9.22903795625177991724,9.15414066360106026821,9.07284996436099078210,8.98631071817444571082,8.89625589187694743032,8.80400718121382297454
10.49102438484143107189,10.41246280373380805884,10.32584550945025192448,10.23131290558613848418,10.12919332050685028435,10.02065406759697019368,9.90757998234431624951,9.79138573582571147824
11.40836343838112654225,11.32830382057637663706,11.23985652568316240263,11.14318086444588473682,11.03862779454087039710,10.92740769584129267855,10.81146069947998000771,10.69224857443184006911
11.50537669221021275234,11.43654281837273423150,11.35935360753272327372,11.27409125801052169891,11.18121526892829287192,11.08200364661136738675,10.97839558589539699085,10.87187601175396878261
10.81234485303962067348,10.75042430476788091198,10.67975927904139687996,10.60067285816025339784,10.51366780258051214503,10.42008671551614895634,10.32193287698206418668,10.22074216679918379214
9.86157125656438715566,9.78998192735670969000,9.70844115359327908266,9.61712494876311119185,9.51642557548011502888,9.40771793143347068167,9.29318304671794415128,9.17445462949929613217
9.33337665413326611485,9.24353974476411899275,9.14260364726360030829,9.03049639294374628662,8.90740521494986303708,8.77465367034584176054,8.63455241801771400389,8.48878254821688216225
9.72749272600044889714,9.63157704842648243471,9.52495543743099126743,9.40739217805819905038,9.27891507484699396002,9.14068135069883958010,8.99486628798737974932,8.84302034862963459716
11.03789594755067859921,10.95559560618817762645,10.86452621789059769242,10.76448391529685721935,10.65548614175854602593,10.53849524495922374001,10.41533206685117818324,10.28729050051249949149
12.84478999700488799363,12.78647808437900934564,12.72148441390435813503,12.64978728208142122469,12.57152860122947402033,12.48756648569177940544,12.39938554129906833623,12.30806408765707082864
14.60897801808801865775,14.56713546710989426458,14.51920951488980371380,14.46533888008715251772,14.40580048709660765383,14.34150178736430447657,14.27386478594565311084,14.20394777058043800366
15.72301425179908918039,15.67615366053195558038,15.62162055382337122467,15.55955728877085775252,15.49027785936158529978,15.41487974662907234347,15.33509618577759958669,15.25221022476767984699
15.58094941975538816337,15.51202115289818017629,15.43279681688032667353,15.34329056881069952567,15.24375708075320901003,15.13552212082831616158,15.02081544690627090688,14.90125594857024360351
13.91846516142788559023,13.83246495653295227157,13.73474222475099892904,13.62520626905511811344,13.50404970437579699194,13.37270832729786462778,13.23369348901962716525,13.08880858619533960052
11.01921008461221695995,10.95122116045163274123,10.87353589151964428083,10.78618629032744635765,10.68942831036270568745,10.58451636819807539780,10.47354727617607927925,10.35805270825380652866
7.32263210856211443911,7.32211556577204802920,7.31825329127917267868,7.31149097510200007832,7.30230749265263145986,7.29140256958234278528,7.27956084871294883953,7.26745144464021830544
2.92539838558043552297,3.02707079866930905965,3.13481072901864932234,3.24959979575413404618,3.37217843386796678473,3.50238242817289613384,3.63904414793707253750,3.78152450941395157358
-2.28070192337947430516,-2.06951168769908289136,-1.84195202461739038213,-1.59660567216392856871,-1.33257898918622652573,-1.05105893316815635075,-0.75534956534965280728,-0.44756397434028866167
-7.85114564938830028495,-7.54754337833342248132,-7.21842143093314270175,-6.86212748163746422136,-6.47776276047698473803,-6.06748644066400100172,-5.63647276367535443597,-5.18816777890942049112
-12.13698443073178268037,-11.77113220479766120263,-11.37320218746659783449,-10.94145058758154931411,-10.47503948696063424961,-9.97684845743179948840,-9.45336117985913659822,-8.90897937740506229432
-12.76280953994966083087,-12.37360901813076274891,-11.94973380104695337423,-11.48941258969486334252,-10.99183873836363289911,-10.46017963669002170946,-9.90143289638601054037,-9.32037714430664188114
-8.27377334702716282777,-7.90965922223142126057,-7.51353991362166251378,-7.08368795841689724568,-6.61928068787581747046,-6.12321051412436112571,-5.60196870807516233981,-5.05996288079620892830
0.45488477080087130755,0.75464751167355037520,1.07927713686482307232,1.43039199700292307682,1.80886628507342273053,2.21255651964070976234,2.63633947298610671339,3.07680740559251697519
10.52967975983586335076,10.75432255553023530581,10.99518723812775000681,11.25377401006684152662,11.53103263902865371904,11.82573964762413254448,12.13443622140359323680,12.45493114919086430348
18.79655639033421721251,18.96306675137061859004,19.13872339444326442504,19.32493962932584352643,19.52273349086443587908,19.73162988742855006308,19.94951194066169719576,20.17517140296841660074
23.36481735103303947199,23.50358729779453526021,23.64770049573475318994,23.79852541714955194152,23.95711457709786884607,24.12337824816938081085,24.29588569849287793545,24.47393301593467285215
24.20410632505973325124,24.33983834576465810073,24.48006893218803980972,24.62615465433084693814,24.77915390116812233146,24.93906278383839847379,25.10460189957466425881,25.27517475772946298207
22.70916675710986964987,22.85033522587922050207,22.99655932830480509210,23.14920772733667320153,23.30934644522102772157,23.47695840076786666373,23.65073379646500839613,23.83004384084380689046
20.51882751859612952217,20.65505740223716912851,20.79649926194570497273,20.94452542411327300442,21.10022009205424708966,21.26363994529860335092,21.43361002404705573099,21.60958425078565525723
18.82194084444142845314,18.93346236119454317759,19.04884898486199418244,19.16941514499859522402,19.29623967745462920220,19.42958642764193655239,19.56870118101659983267,19.71332509891562523308
18.01804079811025616209,18.09600725035575408128,18.17553088391653659528,18.25780020712100792935,18.34383366441247886769,18.43410000318567298905,18.52831537197217670609,18.62654761876364872819
17.62262970894912328390,17.67670865700253912678,17.73055598872002391886,17.78521503746238607846,17.84159826658084924134,17.90022239122447089699,17.96101234392573076093,18.02418069555139013005
17.03097188197755329497,17.08213903856500692768,17.13280279960114782511,17.18391803976613019245,17.23630082380265804431,17.29033090908127690000,17.34576833181152721863,17.40271096328382682827
15.94336267903504200660,16.00908146233365059175,16.07530134522417242238,16.14298282248238081138,16.21290629805627503401,16.28524240313732818208,16.35937825746022866724,16.43515560655831109216
14.22300104366936857048,14.30575420286018939464,14.39026636170891570998,14.47756015050053868265,14.56844000591608256912,14.66294451271107490697,14.76017548930074596569,14.85977895862031950003
12.01987504578498722196,12.11516188837069840645,12.21337271962039849882,12.31561397716331818231,12.42274821992861788544,12.53476835422333657277,12.65062738461574376458,12.76986957639440056766
9.69099940569884665820,9.80093476721226330994,9.91554905590296442597,10.03604075997332856218,10.16332494329395785826,10.29728174503266480144,10.43659713289047452633,10.58063117208913261891
7.65191376323839556051,7.78647973719861674624,7.92862803108979452560,8.07963554384562776534,8.24042240334384068490,8.41056030896111472828,8.58814335965712238874,8.77211580436414628537
6.39189722480599087362,6.56237609599177318387,6.74411525515708643042,6.93846554916263436041,7.14632024534165388729,7.36679425627882000782,7.59713285290737694311,7.83568235837956095224
6.22822192134558161314,6.43620293923696706884,6.65859377692258558312,6.89682556373539501493,7.15177626207139649495,7.42214442570802557242,7.70438182325475651169,7.99628113187079048174
7.00672293680693236695,7.23284464533718729484,7.47422208690231570927,7.73232073699381494691,8.00801600872840069201,8.29985544503272087979,8.60398869715616321230,8.91800222991154534213
8.22948241883118569717,8.44270720362745130672,8.66912645673081883047,8.91017644728501601037,9.16674617213213061007,9.43758634329304335608,9.71921056619591183789,10.00947019088569867051
9.38169013542317742349,9.56437363501558657219,9.75690900621079215682,9.96072265376057153219,10.17676991976268929818,10.40420262826936692591,10.64022782878979711541,10.88320900107699884529
10.00320548118389218928,10.16196821471426225969,10.32848610689124058126,10.50426116017300692818,10.69036929396073709597,10.88628778750402226194,11.08972135191896590811,11.29942124405088144101
9.81895452885190067605,9.97955054555967002727,10.14873228461253162891,10.32814727010589628264,10.51899351702877183357,10.72078140140309265860,10.93115663796404923858,11.14885898464870095381
8.91783060453088083364,9.10589384349123776019,9.30580584324192550127,9.51934743718125275791,9.74777529177751134171,9.99034274459598492513,10.24414872066057213829,10.50754927429685459117
7.62277408113048071669,7.84191758908322711363,8.07618888147758440255,8.32740133775805801974,8.59677959064948105095,8.88326134068001316280,9.18338134306996778378,9.49506743036894285126
6.32330711654409327593,6.55368479716549146019,6.80025423532708472862,7.06474685427247361957,7.34829675111483027194,7.64970050759133801677,7.96532255649981557610,8.29293052566892896493
5.36586164871156423573,5.58128736738211550517,5.81146541620411660745,6.05798991500142136601,6.32190284584863526618,6.60208858742359350202,6.89518034965493331612,7.19911102077850095782
4.96788591662178458108,5.16399661472478932467,5.37316252418033535321,5.59693277604599614961,5.83634165729608689333,6.09042421205831185915,6.35611160895593396702,6.63155701422007659573
5.14520788150720509435,5.34812811228438000910,5.56472742512478557586,5.79674048532288566093,6.04534532621438991384,6.30956562401115306216,6.58615074120903010169,6.87318078460474879421
5.58654604135146470867,5.82926116864587573474,6.08894072074182357568,6.36768990205384355363,6.66693006950068944860,6.98542788005713966015,7.31916241250848464972,7.66575480749332438535
5.74401266636171126123,6.04110309902814268668,6.35936851905035460675,6.70128197623898280710,7.06847609851732361363,7.45930384503597920798,7.86869983362193270438,8.29362765155186387744
5.28463818861458367593,5.61646106539835532345,5.97175453020761271006,6.35313050935506939965,6.76226601848506714276,7.19717564336441295580,7.65207473207234123436,8.12345599736589107920
4.40812368065839432774,4.73324173194443531543,5.08069303326775134622,5.45291507132052899465,5.85143316031983662384,6.27419390618212702293,6.71543562246390113302,7.17164454846680321509
3.58337879458397434718,3.86943044397987767624,4.17436784309175568097,4.50030522696364965185,4.84855606013419482281,5.21729766442611175847,5.60144658597396905009,5.99791044608975987273
3.15362854983412654875,3.39077855471578137880,3.64310418128410251626,3.91245713932670247104,4.20002300376683557204,4.50439426466884018652,4.82144349801563087965,5.14869822537685895014
3.12015536254688452544,3.32397574421465513694,3.54089145623429812915,3.77266710412748107473,4.02048810204885054276,4.28330211599242272058,4.55768675437244663584,4.84164123361046794258
3.06640492865593516925,3.26405386163123845122,3.47492527957956687246,3.70085485790330048772,3.94310453352739243016,4.20072427051546615218,4.47041777702220599622,4.75028384989150076478
2.49504390946086518355,2.70572635818006679287,2.93108031266596213982,3.17304847478752360956,3.43294421629219970171,3.70964199668288685530,3.99945081158404125432,4.30022266412049258832
1.18721827557025072508,1.41229068285507519676,1.65337830714955935640,1.91244370781989436736,2.19075577189075776374,2.48687385807983751818,2.79653990372114513718,3.11723217341898806154
-0.69793470100683896451,-0.48364540061499877721,-0.25389340368324031516,-0.00687792833366921395,0.25851091575912138465,0.54066817249711573989,0.83519122522965982824,1.13944843986598298713
-2.52371213833969720852,-2.34962411131870618775,-2.16267738224319039375,-1.96135424561479232430,-1.74474109254945530800,-1.51430343626614694053,-1.27394744532678538818,-1.02599582213611029147
-3.53329142914540961229,-3.40411492589146780219,-3.26506644011702595876,-3.11484436452338364631,-2.95264074137767407180,-2.77958447300763156207,-2.59879790233332341742,-2.41209171680632161738
-3.54387828653703751414,-3.43575796525012666649,-3.31920570606304110584,-3.19293991437792490373,-3.05611167418156748354,-2.90955462097646311292,-2.75585367926544755335,-2.59645404271888935455
-2.99563661524743496400,-2.85637755179573282760,-2.70638555716046225186,-2.54413290219577703510,-2.36858797262264841876,-2.18064656351503449727,-1.98321625566160797405,-1.77794312643583518607
-2.48208848910741686211,-2.26327193528560899338,-2.02769689104124806178,-1.77342122237363941650,-1.49918508158689434140,-1.20640525115565289127,-0.89926052554353541613,-0.58024119517376060440
-2.41350359584798468404,-2.10648896457747047961,-1.77568385154981300822,-1.41879942950444415395,-1.03444416044015441436,-0.62478500912936241196,-0.19560892923433942370,0.24949923630106499162
-2.82354577912111803784,-2.45297799283346318333,-2.05305235309882272432,-1.62131750248876183029,-1.15637858759693390454,-0.66106715303878538226,-0.14246208899164408690,0.39494760115509364162
-3.38694885057079098090,-2.99631827839310416195,-2.57398581465013709391,-2.11752310303003010716,-1.62561158670706307205,-1.10139685601048165076,-0.55247394954261908051,0.01628391382291363709
-3.67876641599509213165,-3.30344397778493137352,-2.89720208689772684707,-2.45771936515313615956,-1.98374971870562277765,-1.47837954333161891718,-0.94900128078042811364,-0.40036678760372668151
-3.52436341370325179057,-3.16644175826346030433,-2.77923355923268688983,-2.36045777191126182615,-1.90886482906180643404,-1.42735228037573347315,-0.92295219673390471726,-0.40016136434824867152
-3.16494506882192450092,-2.80055580663836556354,-2.40714439050332629222,-1.98235347481233836753,-1.52486374271738633901,-1.03751571858054592035,-0.52731971889268869358,0.00126174191647754753
-2.72636530922112552133,-2.32370232031530710159,-1.88984163363706625383,-1.42224394280280685976,-0.91948688700854119826,-0.38461833493016556185,0.17481974058650806558,0.75401635958365209600
-1.89080178106146501449,-1.44434111694601741149,-0.96373155576503533037,-0.44625483884681005353,0.10959379069882545232,0.70045991385691230846,1.31810450454845629054,1.95724674536962139904
-0.52342682048847000154,-0.07064131760136194149,0.41676902493848361209,0.94155162706276307460,1.50522063755621937631,2.10435111494708682045,2.73055486520474177681,3.37845447708322987879
1.02922131944123673719,1.44499433027438417554,1.89268126004592529554,2.37494117677324911853,2.89326639074636382531,3.44448665690969502151,4.02073557204356646366,4.61701643927528770917
2.19982465837728780045,2.56472776926696921507,2.95757661652661640872,3.38094781413794542857,3.83634410227305577834,4.32099833138329358917,4.82781623772700019259,5.35237370708381199336
2.67640703249601541458,3.01174057274692108521,3.37230953783026032866,3.76068912729006665785,4.17843565648708192839,4.62307730593783894335,5.08802833234331597367,5.56925529292675225435
2.90665262285879544280,3.24965554239942866488,3.61771714104587527316,4.01349449132736424417,4.43861375391164436621,4.89063796508507131477,5.36295921568032518678,5.85155084877141007382
3.57065135447374437661,3.93786641246925483983,4.33114851657387767148,4.75321677882120052772,5.20572477350079498848,5.68612781180148907367,6.18756415888583344298,6.70582761913629621375
4.80671904456623177992,5.17703166360336552998,5.57297027940125566658,5.99717193463238018580,6.45122588918963479898,6.93259378548230120742,7.43448752545163138450,7.95272617308633655853
6.28713462147398338686,6.61626185047414416829,6.96747695198615701884,7.34315192846430875306,7.74472081881439855522,8.16993245501052278712,8.61272566589935273385,9.06939124600180512914
7.56337095252436686366,7.81505324870639395130,8.08272850626722316747,8.36840883411098346301,8.67334700288462379092,8.99583647246858930657,9.33107720417520347667,9.67621368634432954536
8.49522929443175733866,8.66512019442328629282,8.84457425231552996081,9.03531174516597168633,9.23847083528916890316,9.45295941269190542755,9.67530027175568640985,9.90356025701980335896
9.35959799581451257211,9.47607404792589846920,9.59768698867759795235,9.72604852238598205361,9.86229693317805811148,10.00579870380312286215,10.15396506340224469511,10.30550903538223295186
10.51219394532189710390,10.62202283520773526959,10.73597509585687426181,10.85576434354026709173,10.98263784378899110550,11.11611913713822907823,11.25379627660508319309,11.39454620694586850504
12.15923075211342663238,12.29450132655186500585,12.43531100768749553254,12.58357224832191789687,12.74067565996059947508,12.90607802715627627776,13.07706979858683027373,13.25235308556183611017
14.11423576069525331889,14.26857756754005812638,14.42949110257651312850,14.59897636142203936060,14.77848111169182310221,14.96740160372042005577,15.16284091403215761318,15.36337350824789460546
15.66924475435558150593,15.81992403618029463530,15.97654808633308753940,16.14104637656244989330,16.31482004498561977357,16.49731460658958326349,16.68577627988533507164,16.87886063410612891289
15.94366247461730878854,16.08446763976241911109,16.23019313646686256902,16.38269425674149815109,16.54332996810425981948,16.71163389436730994930,16.88506708866882277675,17.06242281970256513546
14.56147466689877667534,14.71731133038306715832,14.87923913821880539388,15.04921275708287531359,15.22865651233171746526,15.41703458760732914357,15.61160089347938928483,15.81101428379199269614
12.06568002511221848749,12.27984356959577638690,12.50511123811768321445,12.74376612694548605020,12.99741699792811111536,13.26512846328269823459,13.54317939601305909036,13.82957872787976327800
9.53089547206766596332,9.82480706138670889516,10.13706570684633412327,10.47034175969301905695,10.82643010098463776103,11.20375441938771565731,11.59715474216387320894,12.00366213292070227681
7.80337793331035900479,8.15837382135028477137,8.53784044045246304222,8.94464764682163426812,9.38063226945205386187,9.84359521955286354000,10.32713743958200680595,10.82741869692822334059
7.07338826587335400831,7.44457301310885277701,7.84258589208411027727,8.27021701087881488945,8.72917989803486804590,9.21694615608056366796,9.72662833730486120487,10.25400541115440766760
7.03586348768483116345,7.37322869899342592248,7.73509233605600421413,8.12395549029300667598,8.54133134214055012023,8.98483405493379194695,9.44808141123413314233,9.92715188051655772483
7.36976151941114654420,7.64700579726422891014,7.94346405749840478450,8.26132630542870316503,8.60195364639589854505,8.96345801564677557849,9.34058769173780945039,9.73017588015266987611
7.93231756821284417214,8.16003659995682006922,8.40186168431726088102,8.65986033622079887095,8.93539783130951548173,9.22713060781183713743,9.53084416945371870611,9.84411218791487563351
8.58166187226149546063,8.79277470548466766331,9.01542055324071966993,9.25180160237139759261,9.50344708149083494675,9.76933277614949702183,10.04566290940086226158,10.33037225913560774870
9.02674920887611165199,9.25084038279100795421,9.48682662753877181672,9.73716814171095457198,10.00359074411912452263,10.28504421548719172108,10.57744979386798078735,10.87862998077418730247
9.02986846092433559363,9.27266577374381206766,9.52895038628575719031,9.80135286280842166207,10.09168932319269451625,10.39868024920277456147,10.71769722988793560603,11.04623405145698100682
8.63746672701430107111,8.89008604554808989917,9.15746138857158875624,9.44223753878829263897,9.74620290628420526957,10.06787000636898454786,10.40224124807472882992,10.74655846540177961401
8.12497702023597945242,8.39117511089791356937,8.67349982541838393502,8.97458837343615378757,9.29619832799300560566,9.63670633719681113405,9.99089028792974609416,10.35581275335293938156
7.89309172393131941448,8.19597550600361302031,8.51777342696838424274,8.86126804682059976415,9.22830696532315464253,9.61713206753293015083,10.02216236667232251989,10.44019162040821768755
8.19792925419013940314,8.56259203333795859692,8.95087147630843560364,9.36586020854343637154,9.80960564263668999274,10.28010747151335380067,10.77109542524609864245,11.27887965342733345153
8.92740412168937069737,9.35875127749214641426,9.81919140083520325391,10.31212767143276565207,10.83978018494577710840,11.39975949547866029832,11.98485374720351614997,12.59071852512702882620
9.74782156431859725387,10.22516402347975983389,10.73580929924452220803,11.28332586283840299757,11.86998607755714907341,12.49298140930709344332,13.14423498014541991097,13.81879963185400939096
10.31200197528504425293,10.80596335720910872169,11.33495622803726909922,11.90256167662461095347,12.51100335509116057153,13.15716203298990372161,13.83241215521215750073,14.53143078144418254283
10.40519876727484316348,10.89296373091933745059,11.41506327907045026393,11.97502458448177264927,12.57500653224983899747,13.21177941863719063065,13.87656514716500488760,14.56395641508842331291
9.90235762215688630761,10.36927198477619782579,10.86818040881317770641,11.40256578857143310302,11.97457388672381739525,12.58110115307735554779,13.21361428496483547690,13.86691065097581088139
8.68679026039053603370,9.12681914395572135845,9.59611716058372543614,10.09814199289620617606,10.63506869807337906764,11.20406170499677145358,11.79706603797136033052,12.40924222581175229152
6.83068869389715782603,7.24118344397658653122,7.67867850470069246427,8.14657761622844667215,8.64706666623235342684,9.17759223370750731874,9.73063866844303682058,10.30175014397769928109
4.81007671335982411875,5.17872052197258714301,5.57196243803792601312,5.99303373307957265581,6.44403868110595734464,6.92270335853691509698,7.42216276131728047716,7.93839142703881783802
3.41206814648938427936,3.72012110271586360355,4.04919095586203692250,4.40219266208029758047,4.78104728000300660540,5.18382091324978588887,5.60453388505915661710,6.03973273942173172202
3.26196148011622577556,3.50109449856118981614,3.75646299453318111006,4.03062240867213184004,4.32529333686375139223,4.63897612448640295213,4.96676993365451924234,5.30592976713515973586
4.34936855631556884560,4.53182878193836025105,4.72573155607031303305,4.93336379199770735937,5.15631813767295543727,5.39354178634598202535,5.64114116587550729065,5.89705151293723783823
5.92312187363573094956,6.08797242336079502678,6.26175340994087736846,6.44670971236695944384,6.64444565519945395948,6.85415584954881218493,7.07239763353491657227,7.29743354255553278165
6.96287732515946711231,7.16761617768128811434,7.38319915958985006910,7.61212358075740969099,7.85615876807941226900,8.11433028346914930751,8.38266272177809845800,8.65909440093615323519
6.87443298163239546739,7.16640793034919365567,7.47546543123271245435,7.80455583855654211334,8.15569289698685118140,8.52731086532215343254,8.91400006930052590803,9.31275686302490690593
5.98813963376661018145,6.38317007003459568892,6.80353195929056653313,7.25265039654009502357,7.73276781214715303037,8.24154532369213121967,8.77181555824901515450,9.31938765456198581205
5.61116800832570206126,6.08723824022823922775,6.59560293719211099273,7.14000574420555444988,7.72282523912229201812,8.34110535774345684956,8.98633698534891856013,9.65339296139946334563
6.78467816513940391587,7.29403897049305882661,7.83887135214003016870,8.42300180501045403503,9.04883424211409881366,9.71319150335427927700,10.40711867572099080803,11.12514508079276431829
9.10109713253211261019,9.60666538865954500181,10.14768898897054150154,10.72795732850260996827,11.34986823557113666538,12.01036045008397579181,12.70072060913333444887,13.41561414371098592824
11.17461098249940576466,11.66737345291650562729,12.19461566794542584091,12.76012093375139855311,13.36632322887062152006,14.01037500889437659168,14.68394301600295470678,15.38195039787615492344
11.58720976044063988297,12.06775934512534398380,12.58169123167540703889,13.13282082052126931160,13.72364028031969596100,14.35147702622839105402,15.00827275182915876428,15.68915956327469096721
10.11013014288503342186,10.57551916343541442700,11.07292839745076840074,11.60618367969592412692,12.17780583607149225145,12.78523450074682443756,13.42059331568036739668,14.07917088057524246381
8.14991760125054298669,8.59021440350702292221,9.06047738014865444711,9.56446535265574659945,10.10466565242989389617,10.67862561222518635873,11.27871046994303938504,11.90040323976992375776
7.20065224068038656213,7.60241962235017876282,8.03118168793994335886,8.49052929422481383881,8.98284975477331748550,9.50586620147365835010,10.05239425626372096190,10.61823905375213961122
7.62031538092644478155,7.98428524216032897698,8.37252167730445329141,8.78842119421278411551,9.23425321445695601597,9.70792866920513830564,10.20276158063317595293,10.71489365584231201467
8.62888689157336408186,8.97252565679595370796,9.33923123723090498061,9.73226446956182300596,10.15380724599943285114,10.60186983750099543045,11.07006357803948581875,11.55471342181281890760
9.00659136505410273799,9.34758145100739135103,9.71179077819372515989,10.10240682534853462471,10.52155293226300436515,10.96723051756271694046,11.43310584061490509100,11.91551404185264395608
8.33087759732786814482,8.67987344238381197670,9.05277953369184373855,9.45276521843541672752,9.88192398901266244593,10.33817300603854683061,10.81504898836859318578,11.30878152944280046199
7.15371156139026442844,7.51452485845295292677,7.89989236116158544121,8.31300620335435525021,8.75595526128609513705,9.22654007481984450578,9.71806946821029882244,10.22661845208037334487
6.27430036837912208370,6.64120855959689926351,7.03278439208553773909,7.45222307739950196037,7.90159710409165327860,8.37861254546564637735,8.87640408692956661696,9.39093572653461272637
6.25115922994832917681,6.61687785597531874515,7.00703662543018790387,7.42479576590551371140,7.87218889602088722768,8.34686559975877706563,8.84188927541585378833,9.35317760931347486064
6.92107682178220695590,7.29168503094089626160,7.68735135276028458406,8.11122620441984487627,8.56531652471564441953,9.04717050381576903817,9.54968634206469424441,10.06866254709890995400
7.52237754939112157615,7.91163202782983265848,8.32787368375282355260,8.77431202270034482638,9.25296534671812764827,9.76119101269173405910,10.29151031447608310998,10.83945474525268082289
7.46662293534828069852,7.88243941413597060119,8.32768471371515595081,8.80568283661848560939,9.31850298405504418042,9.86328999086878432934,10.43210097651678047725,11.02014568839974195669
6.66299773351236446217,7.10343370349067448899,7.57531035595046819964,8.08207241422337041570,8.62585372341730405310,9.20363579992964631060,9.80708783633462921614,10.43115613313012346453
5.42210407224414847605,5.87480431107252609735,6.35988627373185622105,6.88086273610076304408,7.43990674670549889669,8.03392332076463766555,8.65438892214201516140,9.29612259991982803342
4.20649679026943879023,4.66091350488999545121,5.14798435414372068664,5.67124672918064476335,6.23288515033330980941,6.82976264933657528644,7.45326236216070547869,8.09814777767715199275
3.24956233748471090550,3.70299461246445327234,4.18937746305327518570,4.71226142541732784252,5.27382513130407737378,5.87084516675362344529,6.49454615399563994771,7.13959650847950122454
2.61573339643392177578,3.05894241315994586117,3.53471610581766126913,4.04656133858787470103,4.59661435991887667996,5.18160920846553807451,5.79273829085930813676,6.42465742492303348854
2.59853000561385272249,3.00888930422640310525,3.44933185834722211283,3.92321088147594476681,4.43258009148430431878,4.97437825919775722383,5.54028888229048721570,6.12530144728127101672
3.53338705102388406232,3.88265043603078918721,4.25676323808343681776,4.65882968265673014230,5.09081257719227675551,5.55021110886243906890,6.02989657883077523337,6.52566550715516058290
5.26723944135556987334,5.54019425670712717391,5.83123196357912387811,6.14319144184697663036,6.47797170181332493399,6.83384614026055192681,7.20525640950777201965,7.58907682930136218147
7.05550447786219780966,7.26393354839355165353,7.48472355137410882975,7.72052337662256515927,7.97320805745063942993,8.24172130700975813511,8.52182971687109258596,8.81132748922513719947
7.84221533344567944823,8.01577861828769222541,8.19875707607851289538,8.39370181499525891411,8.60247151915541152789,8.82433374345000842709,9.05570130774762915848,9.29482258750687684312
6.93983058285052401004,7.11185628049861939814,7.29341114662378497968,7.48700944257478795407,7.69446570258687412291,7.91496750311898278341,8.14482259767255456495,8.38220552898142301501
4.60676194404444938613,4.80849772115497486880,5.02248658589678242947,5.25127891373221800109,5.49664432179864981265,5.75738050720365812651,6.02908878706619333343,6.30944599806652561824
1.74630370676157142817,2.00351450165970268458,2.27763275195024572639,2.57135409971087103287,2.88645784365039759223,3.22118484701217733246,3.57004337770629653903,3.92994697320329988699
-0.62176743403723511161,-0.30317941739932158240,0.03740309522780398827,0.40287855441324221806,0.79508462611127961317,1.21172180837077281268,1.64618434743066943682,2.09461145957766126102
-1.63490141676407740867,-1.28383566046735864141,-0.90779243235903583908,-0.50377510938138481134,-0.06992259459675191635,0.39117494031757232831,0.87232690085990238771,1.36925649317247843939
-0.97933837226736064618,-0.64082999516626859560,-0.27773626317908267636,0.11283954827333970983,0.53268898656735441666,0.97926460953764038475,1.44554670153583897374,1.92735177474265606534
0.88196024903098402259,1.17989494094811253611,1.49967509004590260346,1.84398072159400161496,2.21448205778967421864,2.60888992189144985900,3.02083011141914692388,3.44653922830441139524
2.90776208788921763926,3.16987160329904993361,3.45099523065184898840,3.75362739428251623863,4.07934168122660523181,4.42611232245462460355,4.78818559580905578343,5.16220949236320780784
4.02173791139194847233,4.28394459238271618773,4.56469444182937866827,4.86645376558889442009,5.19078198988948713577,5.53569905643588722199,5.89554908853783210532,6.26703959254934872547
3.92887827741555106797,4.23057839420318426704,4.55326134878252553051,4.89954015087497918302,5.27104955445732059616,5.66559938056918088733,6.07703173463023649248,6.50170563422371028395
3.46628646121189420981,3.82291332566471098175,4.20436463149901840097,4.61347990504531679790,5.05201217385705270146,5.51745287787973914817,6.00288719699460315837,6.50415177154673695981
3.79488972745153585464,4.20315168027768049086,4.64012689204797990072,5.10891984106075369709,5.61143477670719548200,6.14485706954147037351,6.70150672434278948941,7.27670711715155515975
5.18637348328779612672,5.63073608399862379770,6.10652680996894492438,6.61712058631917532381,7.16459599052862916579,7.74593398534794186361,8.35286063902442066365,8.98033109300924436980
6.88544452549992858081,7.33712519852497191408,7.82054458692824283617,8.33923016148258255953,8.89537619548334568265,9.48594450849471471088,10.10248919300745207295,10.73989454837334101001
8.03882572070890510929,8.46939355224418299883,8.92964590188153906070,9.42307712759918914003,9.95188602235108277227,10.51320290039232396850,11.09889663212463695174,11.70409494056185017996
8.46789056389305017092,8.85598215457251569660,9.26997752711061018260,9.71315708253749932055,10.18760979904259222906,10.69078282811712909961,11.21527618593497166444,11.75671366955348418060
8.79203263008703217452,9.12037021250416124474,9.46960531825955698082,9.84265277460564291800,10.24139139737689419007,10.66368430275369227900,11.10317016891668195910,11.55615064600876529255
9.70554347347881396502,9.97385227848597821776,10.25825039329910914887,10.56129100770837325740,10.88464406188160005229,11.22657702209984442732,11.58174679151323616111,11.94711798545652747805
10.97863679113203438931,11.21386618716258887218,11.46259651094248432912,11.72724076420672112420,12.00940936626073884952,12.30763940728243888145,12.61718005073222315104,12.93539591493964913127
11.61874257168821245045,11.86268678000886112045,12.12076903132174976463,12.39556795216985740637,12.68883788582180827120,12.99918561871206001967,13.32183774658759389808,13.65417161962640157924
10.84174325297590968376,11.12500722512143447318,11.42529242549344559166,11.74552419634187927500,12.08771111316580970652,12.45035839380096831519,12.82821208755673580981,13.21836386050587464069
8.76198157900477170301,9.07784869832752505658,9.41307515526253268945,9.77082906195184897058,10.15328821774973278025,10.55884062409414170247,10.98181446068299216279,11.41904087156428637684
6.56849586155197417980,6.87304428997681693403,7.19615404632596877832,7.54089568778344965239,7.90937927174433230704,8.30004030499184430880,8.70737611324305937899,9.12831826021536407723
5.78737302838664824378,6.03161078957790497412,6.29006704951408757154,6.56540280859786751222,6.85945849430362386556,7.17094992224225791233,7.49522412420436534575,7.82975205302841370525
7.02893663344027430639,7.19211042540378109322,7.36345264846119551549,7.54515056440726095133,7.73875231576609223794,7.94340419128166175256,8.15561838748311629388,8.37363192934579991800
9.33804159853957571613,9.43930753915594245029,9.54384115341281358269,9.65355178305349603818,9.76984117910878424595,9.89224451954592609582,10.01819079590305960892,10.14654903564179555531
10.78534409402585225735,10.86851884987158456397,10.95314574632264026377,11.04115837169041469679,11.13401481023939432191,11.23145267875459296647,11.33122555744018455925,11.43246032665269851236
10.07687177229938768619,10.17847372824978613437,10.28262379604665532895,10.39146076611956637237,10.50660835099563428230,10.62782617459823519823,10.75272336408457718449,10.88035885349248843568
7.59179469463542933028,7.72127463236718725170,7.85560631211561410936,7.99709238639889363753,8.14747400197767746022,8.30644299524035112370,8.47135254594444120357,8.64107910040946869401
4.96899410222206583398,5.11337762803437634318,5.26412548609990071924,5.42355575852449778296,5.59341300981700229045,5.77333506213666236562,5.96057578006669164239,6.15390865121765973100
3.92129720651454105607,4.06142667555732472806,4.20762597741719002187,4.36211740459254571078,4.52657326741225229938,4.70064655143728593600,4.88170264014482313542,5.06856337279933644169
4.94633132060565561261,5.07603965377539445569,5.21048836563377637532,5.35181470638268308448,5.50162778283695708126,5.65960753953927842019,5.82323121612328620245,5.99140148028194463592
6.82415433676371208094,6.95701140030834697114,7.09403047579631351738,7.23738715712174940364,7.38870451988682841460,7.54758830264536495491,7.71133749583681549211,7.87876998515744020324
7.18866382187062313847,7.34709293542247010578,7.51146680625170048984,7.68410418810812956281,7.86668824098626817687,8.05855124444303960729,8.25638477659532554753,8.45862422474276343110
3.81411221983427006776,4.02141960287333777302,4.23975084030059168327,4.47160080992034725256,4.71869106287067907601,4.97981204965761481418,5.25057529366160036233,5.52866770443046373629
-3.56859155773691538727,-3.29672720476928438060,-3.00613015361901014799,-2.69414177589365344545,-2.35904982956406383821,-2.00282182560148314110,-1.63126951809339404420,-1.24773480527833480203
-12.38516785248124918439,-12.05370261189682956626,-11.69571114496951302897,-11.30845482533755763654,-10.89029777003823795667,-10.44397625507402160849,-9.97666331616910362357,-9.49271442458720748903
-18.44609495683841515756,-18.08220490898202825747,-17.68709589927366110373,-17.25807658858200710483,-16.79363986665873298421,-16.29702762863671594573,-15.77621955196402403487,-15.23619837313425051661
-18.42200960573073942328,-18.06591165081053063091,-17.67917284809358235975,-17.25924751490483899374,-16.80474681640349032818,-16.31893134168867831590,-15.80968578621060061096,-15.28195917469022901969
-12.03359715722989342623,-11.71455544791576919295,-11.36973090866213276229,-10.99672492381760946500,-10.59418868951865633221,-10.16496212064786952567,-9.71609840607376717969,-9.25195386674080388900
-2.24134994970223555555,-1.95465808097902749019,-1.64738822928727546291,-1.31715400235931756612,-0.96252087442501055303,-0.58579883027649637395,-0.19314711755730498699,0.21175006430847362338
6.73227512221522417235,7.01746638476747808255,7.32116802054498805319,7.64593157012084301272,7.99337892613648826057,8.36151946140348023562,8.74457839113803281350,9.13919414471189028859
11.79328812902257794804,12.11717390983448972008,12.46202160517307078180,12.83068459508202430186,13.22501175414612006875,13.64295600969577648698,14.07837516048588355488,14.52768544072551470947
12.42763641424085108156,12.82113021513021777764,13.24136793872200179578,13.69157581560482661587,14.17382661937850230061,14.68569443992072010019,15.22006034612090097369,15.77267400388843654468
10.38529875616038644637,10.84239079189677035231,11.33157214226698172865,11.85637469716836278621,12.41903982779268744707,13.01675096767033679157,13.64145027074257221500,14.28823913711446103036
8.06766725706275344976,8.54468721501767092263,9.05532095896493061105,9.60322116084525667645,10.19070863491579537197,10.81488200413720512927,11.46743090263229625236,12.14328892298459017240
6.96665903628752136711,7.40486469315723194740,7.87333022137176730126,8.37559041585618579973,8.91393359604832724585,9.48578271080166146589,10.08348961366298546238,10.70245864744182107131
6.82390070750342658812,7.17158273102625898332,7.54218282676590945357,7.93884779678717666940,8.36367770672027077694,8.81472427432642113843,9.28576687630047814537,9.77319463412364974886
6.40205261935193625789,6.64001177509551432365,6.89229357747186366367,7.16146389670801752914,7.44929038523565179020,7.75449352052532070445,8.07252148713236650224,8.40088123077270942929
5.11593824919091755277,5.26686567318952203465,5.42552194092158046601,5.59388693123228186721,5.77334984321699007381,5.96307345830998958292,6.15978900302317189386,6.36182395373433173802
3.51003957979708358650,3.62644410737854805404,3.74822183689571764020,3.87699580216196393323,4.01389381491050034612,4.15818036914749011856,4.30708036102450897431,4.45919507533147285727
2.55037456052421163122,2.69265555901997277743,2.84267896514000772967,3.00212108922070353145,3.17211422612455162806,3.35171861066493370629,3.53776354728029795993,3.72855317924802820428
2.51715206086940268548,2.72376558268141577557,2.94347239899923440731,3.17835437907421702874,3.42979397901472982113,3.69647826975371973646,3.97423899278703673943,4.26072619794012741323
2.74661298333587433618,3.01897832718906089511,3.30991661341602583235,3.62199605937295032732,3.95691230540327643084,4.31297724182222452782,4.68495026884991006000,5.06980288955884006441
2.61518937815876606479,2.92572015790771633448,3.25806074399683121001,3.61508009493107307364,3.99866502692220215920,4.40688313809002263355,4.83380904142002876256,5.27598782008615696526
2.10328409003369554142,2.41783130872359741659,2.75453309179412864083,3.11628499430600847120,3.50498190143588717049,3.91862418865769956966,4.35114558451720334631,4.79900405072241476034
1.63565892967967219107,1.94239515456825517781,2.27047522065481111042,2.62268878376316472156,3.00084914179486128560,3.40296865890580280123,3.82309100770990051288,4.25773358750696306885
1.77186916678241201950,2.08450618925783359714,2.41871010537665664941,2.77723742482238833418,3.16186741451947472825,3.57057142172987562745,3.99734773305852586489,4.43866585016374592954
2.63886442715690261451,2.96773119573568777696,3.31949354702421572938,3.69698226148504272004,4.10201934911123977656,4.53249033951666824294,4.98218116836412328041,5.44741165956216910615
3.74772160515058194719,4.08295709029462283723,4.44198908547459492269,4.82771974137033321739,5.24202400040769234124,5.68276531748804014654,6.14363558611463389525,6.62089392111034324984
4.36569502489554306379,4.69291398668472581335,5.04362307174460244852,5.42074272867587758640,5.82617959091047765696,6.25788538870100019551,6.70969494199998628403,7.17797256038918884968
3.86248999445189511448,4.18056722719241147246,4.52126853879395618208,4.88751858320099863420,5.28125116606906264138,5.70054530432862360811,6.13945203367591751942,6.59449328768542208934
2.11807183171981794345,2.43709405305594906110,2.77834274696437555363,3.14475641876391076579,3.53829015089697307417,3.95708126450801955798,4.39526389277924423027,4.84942075851399412301
-0.28445477614562802993,0.04644825778231383151,0.40031657284772304006,0.78010439877700310518,1.18776670002101747414,1.62137499082224745273,2.07493316608087097208,2.54492282883666742777
-2.50692228451020948654,-2.16250903891483803321,-1.79344715655316089276,-1.39681032623408762916,-0.97069659476835723488,-0.51720562304185080382,-0.04259702764043631767,0.44939575302563200543
-3.93326535118205322661,-3.58542233269662879991,-3.21124823082545507447,-2.80793808281626322554,-2.37372264558847634319,-1.91091113533827217097,-1.42600094802772359159,-0.92294222406992210139
-4.40478218717017711015,-4.06215018602924526903,-3.69202081374140211878,-3.29176308763888636477,-2.85978095584205904700,-2.39858809828727759239,-1.91486355494606264038,-1.41273613708883805096
-4.17405249930743682540,-3.83332607559570925915,-3.46433614857108373997,-3.06457603328384076136,-2.63258369220841226266,-2.17106995389330181823,-1.68693692202421585691,-1.18449668334670055181
-3.44769230858186803701,-3.09983012073656638563,-2.72338003645326631741,-2.31583461871221185646,-1.87575982485527403831,-1.40601289449652111507,-0.91375736541468188801,-0.40347428968850423958
-2.28236625300182405240,-1.92656730269697029634,-1.54265752455023896772,-1.12802192979713034049,-0.68114329788132943477,-0.20487499774606723890,0.29351434348350707859,0.80951532532918013541
-0.69765711541191133271,-0.34720422330374489661,0.02979028098496029273,0.43602999786384238901,0.87313633318691619145,1.33844895761264748302,1.82494086547709377655,2.32831151071793440721
1.30879267066662041685,1.63717571869843503407,1.98979285936567462656,2.36930064387937111547,2.77733421163726701408,3.21150717842716204586,3.66530286757740597636,4.13478204572659802096
3.35135460793668782387,3.65237355931231100215,3.97564310015041399993,4.32363113683813971022,4.69785681408024125005,5.09610510000755301263,5.51232522797455892771,5.94286962245712135910
4.69685805103918063708,4.98574070931374002669,5.29649024360969544745,5.63137291424332797618,5.99173708578774188993,6.37530043368806342841,6.77607885412604460385,7.19042559246075096979
4.81069617434773810771,5.11627927255400827278,5.44547566206887623252,5.80051627884857090578,6.18266702539070323041,6.58935399769621366062,7.01412107955231700629,7.45297628174470361273
3.55185152056421715727,3.89164112393383021526,4.25789815679455241337,4.65302859768261889428,5.07837572212197319033,5.53104505864604156784,6.00387043547875265403,6.49239367766178343544
1.28089843307642969883,1.64746024654180489577,2.04276236714776615599,2.46946515159553126040,2.92908554262231213272,3.41858610214356106738,3.93033189561423546010,4.45958534791772098771
-1.31254007584186349611,-0.94396342184094839123,-0.54603409713302208939,-0.11595252726063862148,0.34792503196088925277,0.84264616658270929950,1.36061050457861809626,1.89712688809458551731
-3.55028169318042596814,-3.20510904151320374922,-2.83168235538277457408,-2.42728891437897331684,-1.99030929166654946272,-1.52347173964580462346,-1.03389726187561903359,-0.52597055065712017274
-4.90146227112431276396,-4.58696119697091209133,-4.24602129889575596877,-3.87615717797401071465,-3.47588640329173248489,-3.04772252429898715675,-2.59820336978797961081,-2.13136426866178219086
-5.23533764302317639050,-4.93190028389614365523,-4.60288215677524981118,-4.24594870100341470476,-3.85972646154242715610,-3.44667850890526805685,-3.01312213766102354739,-2.56297673441129747474
-4.97042326902483644346,-4.64340019033335060783,-4.28936784451946007124,-3.90591050259992833560,-3.49162793125921089299,-3.04917602786624764022,-2.58528569046928469177,-2.10415294724360490974
-4.88796578244456902951,-4.51816412762614039167,-4.11829669870275427712,-3.68569322248676467524,-3.21881220131120260319,-2.72061962196986817375,-2.19861415556196160281,-1.65748211900209385661
-5.66678619967324159745,-5.26599391636445712805,-4.83244720808857675109,-4.36325305745045621819,-3.85673394782187095586,-3.31606678375592522912,-2.74930834545696267668,-2.16150011357169402615
-7.36869565278421401189,-6.95992931600722020136,-6.51691700711739674290,-6.03670128327890420650,-5.51756507094041115380,-4.96275333004971663797,-4.38048373052712136655,-3.77591453847138369682
-9.36702660235688888690,-8.96256823261254531587,-8.52320706879372913534,-8.04604859880526213090,-7.52942537246312593169,-6.97659335839531369317,-6.39571820483542730074,-5.79195572089885590827
-10.80357263664338951514,-10.40160754951755528452,-9.96458544478989161064,-9.48968709396191378858,-8.97530621002336559400,-8.42471313836664137398,-7.84602677831544603748,-7.24439836432242234565
-11.14338313416943826439,-10.74194662308669734330,-10.30617449688722331302,-9.83326412485235934469,-9.32161987119452817296,-8.77449263279255120551,-8.19996370969109378279,-7.60315088251651083340
-10.32092730389918600054,-9.93589106461613980059,-9.51915287533204867998,-9.06792159434633759929,-8.58057745380725300777,-8.06018088412876743121,-7.51449342646821705216,-6.94837262722574866558
-8.71138602201977541029,-8.36905022699944112219,-7.99956343465677743865,-7.60022067354646946313,-7.16939577885020806747,-6.70974161960113857361,-6.22825463570854065409,-5.72922129823990999853
-7.02368850665241417630,-6.73981437662826454726,-6.43377089462241968931,-6.10303550211871215225,-5.74603223127159434824,-5.36491311121359348846,-4.96564982668526422316,-4.55180663055396372840
-5.75484162045664948693,-5.52764221284650147936,-5.28231995670844334256,-5.01660183049039787306,-4.72902330272216975260,-4.42128942046252060294,-4.09836876000159655575,-3.76315829253200551108
-4.85287746395877483963,-4.66107109717709278129,-4.45336753619960390438,-4.22768745464782469412,-3.98266548947808196601,-3.71973051012975952645,-3.44319114502291157009,-3.15552564445884220490
-3.96498410828379599380,-3.77137854618058332434,-3.56167503539385821298,-3.33376740060101850460,-3.08626118449149400291,-2.82054528177688945689,-2.54088005165651686923,-2.24971353404313578750
-2.87212102489366438718,-2.63975647093885346095,-2.38881143691379005389,-2.11689979294007946109,-1.82244252028327302639,-1.50701453673147001133,-1.17545273377329428932,-0.83055813071445150353
-1.80675129911783205472,-1.51311562046507019907,-1.19688677099466533882,-0.85527544341942651762,-0.48645432233947216716,-0.09235799257925092487,0.32118582881112561767,0.75075757323495728723
-1.08391655690853516703,-0.72676801615163477699,-0.34259186641893685232,0.07174968379860485745,0.51827844759968266786,0.99464043429268766960,1.49396491983613066701,2.01215512815864538965
-0.58792917177016923436,-0.18678545727145826061,0.24471067315876152137,0.70984777385412023420,1.21070612566380320096,1.74461134197746137175,2.30400229939762013487,2.88429962785746329956
0.01822972853136513999,0.42500580902292306451,0.86271827930985101052,1.33455728278185570268,1.84251369703404588307,2.38384625979799835704,2.95096716306726980505,3.53923324368681768703
0.98374615208229643226,1.35380754773241496203,1.75200602279734796163,2.18126520283517866261,2.64341651437641322886,3.13598389595945503672,3.65207664844223867107,4.18748445357963205993
2.26310220881429691175,2.57664115555424011461,2.91370153274839349677,3.27692812687731782617,3.66801577238942888570,4.08493054454673298892,4.52179267547261698468,4.97506717864871728096
3.45548410563901686743,3.72292741918195568829,4.01002229964338585688,4.31922098136887999686,4.65212967066257654380,5.00705326612504908468,5.37886521960826780031,5.76455188077023539250
4.23768340432502643722,4.48152131683790422301,4.74309262043462354086,5.02473310129510686295,5.32797944899586006784,5.65125763775251410692,5.98975111018806760654,6.34066176768466505109
4.63698898535689085776,4.87660352333877522568,5.13369595844556503295,5.41052902658985690465,5.70857708800272334315,6.02624095184670860448,6.35872469645314186693,6.70323077711346737573
5.02235206567298853031,5.26107683612748289192,5.51711843056907635940,5.79269162857756736429,6.08923467884753577550,6.40515714276994341247,6.73571947161358508538,7.07814759868635867690
5.93722405663023700129,6.15675738286183005243,6.39145249425073824767,6.64346351509939925251,6.91422184395429173520,7.20235938433996913943,7.50356735904384830604,7.81537554991322025444
7.54916888383993800460,7.72708989104619714539,7.91554431395476676414,8.11660712114976945486,8.33173168872384550809,8.56001027858691010408,8.79798386495250106520,9.04380589422250125153
9.41849751300510185104,9.54714937189516810179,9.68076409406583415773,9.82135474462772428694,9.97042976676719128193,10.12764857539778695639,10.29056746132414090766,10.45809516005072126177
10.76246130005657164475,10.85799814566955134865,10.95461230603135760475,11.05430822743302599065,11.15866969565322008862,11.26780269051447014306,11.38002973488608304820,11.49482960201801517997
10.98116926244246549516,11.07764738150199157474,11.17495774547087705741,11.27518012582100936925,11.37998587984399101458,11.48963017903249905771,11.60262713743649065634,11.71859540804693189386
10.29939383793057139371,10.42096263378697429403,10.54587095969434251685,10.67631439384207148180,10.81403739885663028986,10.95918966163042362894,11.11001178896298213772,11.26591388452463959879
9.66092741720274972295,9.80368233829929813794,9.95221366087616132745,10.10877458088090108390,10.27512646623156733483,10.45125823478649351728,10.63509392463509861670,10.82579808911559737794
9.97739461244253611483,10.12036710241829595702,10.26958327670545578769,10.42727204283964148601,10.59516830814755472545,10.77321814630637675236,10.95929909547000846715,11.15253066346583210589
11.45146069168411884220,11.57874220939653397977,11.71114450835191433953,11.85082536947620823753,11.99947568871805003710,12.15710626040506348033,12.32176977452499322396,12.49270934080905881558
13.33244652911937855322,13.44899098425870676010,13.56994904098488596844,13.69740126034394656074,13.83297597397507949779,13.97667587281583934100,14.12660732058677481859,14.28204909076062989470
14.53388240378721718571,14.66563226683610032808,14.80337180766567506396,14.94917924809656639695,15.10463889322191910480,15.26952749523381669405,15.44156477108226965811,15.61974981179505839179
14.52734960765289251583,14.70367589500140681480,14.89007534562026613401,15.08875637397249214189,15.30132528449723494646,15.52712623520617185591,15.76302063543971598847,16.00740262583337170099
13.49550750861133607827,13.73089275873329739852,13.98169113787190198650,14.25033233986761871392,14.53849994281338098290,14.84501653057134795688,15.16565290610878413702,15.49804525868037607950
11.86470111606382182856,12.15471770245028260149,12.46516893413823900971,12.79871011343412945394,13.15711594086992519692,13.53874231463850463797,13.93836185607414712706,14.35292037832745037917
10.06117273114831256464,10.38149000171847902152,10.72516407996369025568,11.09496654351688249562,11.49271527475127996354,11.91650361048655426544,12.36055414450876099863,12.82142630754082546218
8.58203186058103995038,8.89650897633974580003,9.23399631052427594113,9.59719631150645646755,9.98787896872550717831,10.40417052220484883662,10.84041349359711503553,11.29323141273943065244
7.86425492476007637066,8.14414459228031795135,8.44399330513447843316,8.76629686904113647472,9.11271448366229108728,9.48165040699451111550,9.86810721345683994343,10.26914035196657692950
8.15828786582295073515,8.38505336263962952614,8.62702017715757207839,8.88641695234788819846,9.16477069702757773939,9.46090653398874259494,9.77078406280822164831,10.09210508752909518648
9.40914916587024663386,9.57778891524037767624,9.75639682126987750621,9.94697401904521427696,10.15095470131235977362,10.36763029491395293746,10.59395967087918855043,10.82834345529251329765
11.08897508518738739269,11.21856135477928262389,11.35437122537934584443,11.49835250997683289143,11.65196420536138965929,11.81486075796199664012,11.98466790503379364452,12.16028769303324352791
12.51541691341879136701,12.63511423858264137721,12.75962077095682545291,12.89101509942910794848,13.03088965043984437386,13.17906840984121252802,13.33334696250028805764,13.49280793364780883792
13.27882941091344726203,13.40657558349497158190,13.53924460010083308248,13.67910569883051330464,13.82790675940075608708,13.98550585840533067028,14.14958273441738256793,14.31919713791864445795
13.35051977112883925258,13.48194498577977107345,13.61836746580956436503,13.76212963799670774279,13.91503950500537101220,14.07697046101023019560,14.24556162144535420566,14.41986492402915764899
13.03346069504938320449,13.14987992353467305406,13.27025102078207119405,13.39678526927096058330,13.53119911849604406484,13.67342740006980861267,13.82133258117656993136,13.97409839199811898425
12.70803588039557396883,12.80894117503615525777,12.91274022686783418123,13.02146510830978876072,13.13669681203694850069,13.25839948212959562568,13.38464524254702681105,13.51472804611304923128
12.67406741330168173931,12.78106235640351151517,12.89134348272763475052,13.00689419296033300100,13.12923916329873463837,13.25824799207419069091,13.39186925948661333052,13.52929436023078757501
13.07783396938322617586,13.20808947117222764689,13.34315644962249258754,13.48510355304030206014,13.63549453620079354721,13.79405151732987810931,13.95838795924402653270,14.12746445071015521933
13.70146563204974476946,13.85934558517336689931,14.02384554957678908238,14.19719063905845146678,14.38104868488384724401,14.57504040392508670720,14.77646243023239769343,14.98406568816649908626
14.00003271839854157577,14.17563135723001543909,14.35898873778046258565,14.55246636057632514394,14.75783561159580692390,14.97469634667401372496,15.20018765530183912915,15.43296414438838759509
13.57508449745131784425,13.75031081075696093308,13.93316102848335091835,14.12604150060825780599,14.33076844466431332137,14.54699280965267149668,14.77190221610656450935,15.00419660890550765941
12.69824322855478193617,12.86330590955110686480,13.03528047927642319337,13.21653588556640812612,13.40886665151625756209,13.61196589444648274991,13.82312767814833520674,14.04113011604565031121
12.02599225201904076243,12.18040553499379541336,12.34136363999103025435,12.51113554512483361236,12.69143083837979091300,12.88190792754059010861,13.07989339667243022802,13.28417429955577233613
11.74682916935225307498,11.89998521392052488466,12.06034129900826101789,12.23006189670240040357,12.41075217909444816655,12.60194741266519713463,12.80086181243506793237,13.00617213250203185737
11.54695245117286717118,11.71626640054755874587,11.89464556314823973082,12.08424683316168568581,12.28663857742361109615,12.50118523787419988480,12.72482032479381430790,12.95599464469794703803
11.18124483531528667868,11.37137529714198613817,11.57235177112819179968,11.78641490435884264798,12.01518180294351800796,12.25792080875122636030,12.51132928024473045525,12.77368235491085002309
10.60114160329426802321,10.79623769324560100813,11.00236773929036537822,11.22183810659514158203,11.45632700296176942345,11.70515213282484978663,11.96503761301861779032,12.23428449981345877973
9.72279278717959094536,9.89692738788936487992,10.08039295187582595759,10.27544674115136125181,10.48375712895090394738,10.70479685486104237668,10.93560096197371933613,11.17469913485703081335
8.44436539844687672485,8.57235874382891971379,8.70646619004747890358,8.84876367583743395073,9.00082131198058554844,9.16234893102375025364,9.33095595693859003461,9.50557702818905170261
6.92051106934978754737,6.98935101660786717304,7.06020598902007012754,7.13491980838191608427,7.21494233425520903324,7.30031492939855830571,7.38943223761352818713,7.48177647410758250857
5.63039340209871053133,5.64157970391836016688,5.65044404221769536178,5.65862518448818718753,5.66748834869796969116,5.67748337929401891699,5.68789653256539295967,5.69883202631948737604
5.24099466707733796511,5.20730452157070988761,5.16730553955900173690,5.12248620111838093294,5.07416882131647195564,5.02320802125526988391,4.96971900001391997392,4.91438583332660883229
6.21997551838230755550,6.16321844208576585800,6.09726526718838801600,6.02353484881506684445,5.94334842725856749013,5.85785463603666123333,5.76772586231382788924,5.67404208273689825148
8.38387765125181338988,8.33006986072384414399,8.26608361082284659460,8.19336460151081880099,8.11327267253084727372,8.02705867596989008916,7.93553227591224441539,7.83988059243685242450
10.98493862847414881401,10.96229107254972667818,10.93111540971524142662,10.89299272307765775736,10.84935897739626042835,10.80130917091148212705,10.74925236082886215172,10.69410982749485050647
13.06263938909824062762,13.09420991797093947184,13.12149007130613576066,13.14628179237420013692,13.17011935390728361028,13.19369559248398537932,13.21652696958032358054,13.23892275641508575745
13.84494830291816747092,13.93400311967045190897,14.02400832224071258736,14.11698487267389978683,14.21455054268537310236,14.31691802914764011234,14.42258841958235215941,14.53116065538761780829
13.26881924535459056358,13.39283817493419981304,13.52151058458660770611,13.65698023632976543240,13.80090263611260503751,13.95316760849891402074,14.11162205409225478547,14.27539699156669072977
12.05528948671880762333,12.17337664400502461604,12.29625571877296152934,12.42603501012045974505,12.56434342125352898734,12.71107223732390956172,12.86411096361356243278,13.02260866550373918926
11.17915251159045020302,11.25167084795372396400,11.32546657386824051628,11.40246300321718742055,11.48420258119435999333,11.57089197394696533649,11.66113111821245063027,11.75455913293915699569
11.26329478597122424333,11.27287981561764418359,11.27854600932587025852,11.28197727018900664575,11.28460897711855714931,11.28708605451862823088,11.28897432844161485832,11.29059288827494711427
12.28937019205326919291,12.24652333453525798745,12.19530280658860554865,12.13723347362354409995,12.07369528911979550401,12.00571068382173578470,11.93363400561671383571,11.85835603454392561673
13.66110965109494479464,13.59125777749443564346,13.51052962841180260511,13.42043506105875749768,13.32238649818135201031,13.21764734009750696941,13.10699729655023837438,12.99165737424697297797
14.53965130042654863018,14.46341823518677749405,14.37536992924382417414,14.27706297018901793194,14.16996365513699451810,14.05543120316038319118,13.93436399471480413581,13.80809427985522930271
14.33044204329667081765,14.25438911594710944541,14.16606364997325329114,14.06702617585763270824,13.95874750703954525477,13.84259931905491747273,13.71949065231471998061,13.59077092754208138103
13.05457994630993390217,12.97397987689638121367,12.88040368765480181423,12.77534708910573257867,12.66023311479737500918,12.53645408137525052439,12.40500611506803529949,12.26729094222804228309
11.30537934820774736977,11.21175324644142712316,11.10411989227919704604,10.98387266518516014457,10.85237014607382555198,10.71108969476592065462,10.56126504035840873996,10.40444424271398915494
9.81895721095652440624,9.71086760909441437661,9.58791601341178356677,9.45144472491548093274,9.30279979661017897286,9.14360138805535171969,8.97538176269811316388,8.79988430225534123963
9.09039273900373423487,8.97583777851242992085,8.84623321987239563668,8.70296418612397992831,8.54743432090208976604,8.38138584627159310969,8.20653223926162844748,8.02474774042017457987
9.22698105281590841287,9.11487077073465634669,8.98806933549524700311,8.84802092706036447112,8.69617925579120765178,8.53430361387772151716,8.36408858288260681491,8.18740441088031722927
9.95284222340530888573,9.85064437878360621426,9.73447491986055624125,9.60579519305048279421,9.46604954436282852726,9.31687782952511156509,9.15975003485061201047,8.99638252875666744046
10.76873561613355967381,10.68311789318230786705,10.58467701371310631941,10.47487379406414831351,10.35510992705921218260,10.22680476243726133134,10.09104105501744541584,9.94926344599108603006
11.18137386776730046734,11.11756931900404588021,11.04260194723275212425,10.95797750081399613009,10.86508781561560965656,10.76511400607312118893,10.65868294015563222388,10.54692375856844321902
10.89713839153432495266,10.86537222705782212984,10.82498185956088754267,10.77765035384377512173,10.72486918359264507217,10.66760601302001276736,10.60596192819238758887,10.54071859451740067470
9.95324353822050156282,9.96423977590595022491,9.97008039836565096437,9.97273156654792813924,9.97387028672515896233,9.97426123813854204059,9.97340855025097106079,9.97170410508171833897
8.70911056872498257064,8.75877235214118599060,8.80669512509551744017,8.85505121465769740041,8.90564273119373162046,8.95902916857307651810,9.01418565525304593677,9.07113710180918175752
7.50981750186530572222,7.58331039050159283477,7.65753678901197520901,7.73469886513140192363,7.81658296458943269158,7.90353254347882483444,7.99413102802704766958,8.08810149101661579607
6.31387698016612031182,6.39936717599638171805,6.48713156003714797038,6.57931144343469664904,6.67760376178839809569,6.78212709246978384670,6.89113489828162073536,7.00409088034743554374
4.97080801603829058877,5.06261548561110874545,5.15765682977290751410,5.25804562787152729442,5.36541916545210639811,5.47969427527113772669,5.59880201919210396255,5.72197978023622777499
3.73017338024029676546,3.82339206148521792983,3.92025494614627101342,4.02290941793055090159,4.13299793299426987403,4.25032433971743195400,4.37259530918425465273,4.49891532265256888223
3.13259790064011012234,3.21569249956359382026,3.30180858368255858437,3.39310361553277228808,3.49123671118587708406,3.59605850579743613338,3.70534945901467560603,3.81828508785961995287
3.49006610950665452364,3.55240908416650968960,3.61616680245125277082,3.68341390639333265966,3.75577673127422606569,3.83327780894265002232,3.91406974040958122174,3.99758048640696195264
4.47613322188162943149,4.52252279485440489282,4.56896144946079463267,4.61739417705736787667,4.66937182552703600180,4.72505764128582406158,4.78296199121204956839,4.84273243348622628446
5.23840057481336263123,5.28635361858245556022,5.33438780225817765768,5.38437084039546043357,5.43778917757419755219,5.49478662647656435070,5.55390689130722048361,5.61479183667225978382
5.12020676591347445594,5.18875383819333357849,5.25910497649550112698,5.33317255764939268659,5.41244155800839887860,5.49686024357586955347,5.58459444201003663011,5.67501648673841252446
4.22903568758310566267,4.32866413539434891078,4.43288837140489366817,4.54377982152871062738,4.66289871192901195229,4.78992521799026071960,4.92242430353082305317,5.05936659585934389582
3.29799344393828786082,3.42262693001307560792,3.55413394782585623233,3.69477299217330079628,3.84622213086190090081,4.00800184455715857723,4.17724058857334856754,4.35263041957951024585
3.17229277995309066895,3.30175196555678551746,3.43836636433754083697,3.58449432640031329100,3.74190388792819828012,3.91017492825160850600,4.08645175174511354754,4.26945417070219779276
4.21183349302822307436,4.32057867370192472123,4.43432942314051281585,4.55537231940565945365,4.68546620562126925336,4.82444520112188079963,4.96995233469078545596,5.12104963308263894106
5.83619718962253042349,5.90303231941583117504,5.97085997769667820023,6.04172942511248667330,6.11727862729634530581,6.19769820006417671010,6.28144871932150916649,6.36813678771231561626
6.85465188350507581561,6.88014933802712835842,6.90280409851149379108,6.92439423514975960217,6.94639624441809466759,6.96928359005502162660,6.99223674231602210227,7.01533464419173480309
6.57459711058584783672,6.59094983900735531535,6.60362837170441441259,6.61430345623018922652,6.62436789341608367465,6.63430173974826331573,6.64338817608054910124,6.65176278144096322364
5.48552326177888982528,5.53514967456895234932,5.58410433511448189847,5.63420247183162370419,5.68689704146890484537,5.74237999983302049856,5.79931252043499512183,5.85740471484012914516
4.82073618087815969346,4.92716470714054022295,5.03798348117427607917,5.15530543257330098328,5.28073917211074661537,5.41405196174548386523,5.55291529308631748307,5.69637215003657271239
5.52231968036641518438,5.68360831901408491973,5.85401448431526549854,6.03595229464772575767,6.23119505915435833998,6.43912047290074784911,6.65646574024024317850,6.88164982606204578275
7.45303801334910964727,7.65200611976644839984,7.86296370852603043744,8.08854961786502890675,8.33066673949058333903,8.58844207301744866356,8.85797877782686704506,9.13728516960424208548
9.59380021763444901239,9.81397081090596756781,10.04719426588916952880,10.29625863569920873886,10.56315915381453507393,10.84689600083516225482,11.14321122015053155963,11.44989822623303155069
10.91192591751361895547,11.14428973031816028083,11.38991031442367685145,11.65167603445737753987,11.93164789198959319094,12.22876426597347787606,12.53855946304617141607,12.85871640938364635076
10.96386928453957132490,11.20499646570596041784,11.45961765777597562987,11.73068579705399372415,12.02030630967607471860,12.32738773688319433575,12.64734906941811765080,12.97780969977644360824
10.12213076654325227821,10.37399134157030999859,10.64022356339512498380,10.92383612044705643029,11.22697440868768659072,11.54852354817702142498,11.88381509510619338243,12.23040276111460045172
9.21128577752986821281,9.46969059150087844046,9.74335231480979402363,10.03532197729808039810,10.34778461048519915266,10.67965173079915075505,11.02627192024933400205,11.38519530122965051078
8.73921660106460507222,8.98179342671074998350,9.23879694729635758677,9.51323575754103067936,9.80729425787229303069,10.12005207521182370556,10.44719520028586501326,10.78649556184831403982
8.64813714128947097493,8.84096946712493192422,9.04452699914281410543,9.26162659591543224735,9.49437011961407506533,9.74219976128622811018,10.00160255022229449651,10.27090055476798013956
8.49734422243377451878,8.61182200751746762535,8.73080094589611377387,8.85676396159958301268,8.99164775559771456415,9.13541816435731135471,9.28576191985366961035,9.44183000316689025055
7.92871960236899564478,7.96379315856454716993,7.99669593480144058617,8.02958016789725270712,8.06422149103878638243,8.10112178538827620855,8.13918009666741504304,8.17839556399174405499
7.11540290109593698276,7.10049865877795038926,7.07858501573001408502,7.05167607643120675220,7.02151360812914315801,6.98900880633613130755,6.95387787597075224255,6.91672043113444612317
6.44250610117596433923,6.41017334330713328683,6.36836632409093894580,6.31915526605579369601,6.26437131027529225946,6.20517676690231123615,6.14165853252372073712,6.07472412657720539642
5.97204874054072565315,5.93878314045132249532,5.89524860132902173149,5.84360083755217996071,5.78575665430218588625,5.72298247027744277915,5.65546077649522604958,5.58419921358350546114
5.19337781818742438844,5.16029284752192562991,5.11698918397098445610,5.06557431031928739884,5.00792031687979832810,4.94525780444128226776,4.87774953743510231163,4.80637586513692394163
3.05079151877559340278,3.01394845032769342907,2.96751038616746809495,2.91336829013335263383,2.85318847574706779824,2.78800773138718716027,2.71785327685295596822,2.64355152730402886974
-1.47850341772577720256,-1.50972938200358042238,-1.54841242595661099379,-1.59288192371271764003,-1.64171660654698525761,-1.69427152111523415812,-1.75098598062740284931,-1.81142709002989676925
-8.51274343213804485231,-8.50667213675533062656,-8.50291813799255535855,-8.49981940644352818026,-8.49607886070347362306,-8.49169156066887076406,-8.48817302851107235995,-8.48588031261831687857
-16.56327381384677366327,-16.47985365116891642856,-16.39034480592044928926,-16.29282266167410497815,-16.18594659540511315754,-16.07059691151012259525,-15.95002694656777997295,-15.82580789407979438010
-22.84457508329548502957,-22.66117447633826742504,-22.46185672924615417401,-22.24427742853009704049,-22.00694123356280940129,-21.75167943939183246016,-21.48373893558494884815,-21.20606465239985638505
-24.73463057687240862492,-24.45760592931089050239,-24.15617090203777905799,-23.82757054279222330706,-23.47012471433725977477,-23.08641275915639567984,-22.68332392098426453231,-22.26493637958093074758
-21.10964168449216060708,-20.76991623579690582346,-20.40086167079092760446,-19.99945248733361324867,-19.56386076099548176899,-19.09701750896075367336,-18.60665693298733103234,-18.09745022217497378847
-12.94659504231319147038,-12.59588541179234688627,-12.21605090304135821100,-11.80403553830353047260,-11.35795935488197194729,-10.88060122129422602200,-10.37946829769109768904,-9.85909607109883801002
-2.82638395963851518644,-2.51641174129631961520,-2.18238276704842260045,-1.82143121062152490985,-1.43171863524287057423,-1.01543762832354955705,-0.57893246339604442774,-0.12595445664456930701
6.49799064084214172965,6.74776598113521153266,7.01445359295472492533,7.30071577206843524976,7.60836976653927976599,7.93598044149155690263,8.27866625885180162925,8.63369924031756674765
13.17735798083778142598,13.38162738578357391361,13.59668915317856097147,13.82518466546577329268,14.06903906353948130459,14.32749904946961905239,14.59685157336011229745,14.87523443429404679250
16.75540577954754439816,16.93985714750159843334,17.13140171276777934395,17.33283539259712924263,17.54629103508273146872,17.77149037125906971823,18.00538106617464251258,18.24663873714802875270
18.05973993096006680048,18.23648472772792672458,18.41843760926152029356,18.60854531469993133896,18.80911000819963163622,19.02013244399662283968,19.23889566993219801816,19.46436745521037536832
18.28947541585106506545,18.44506987031781974906,18.60394471878367284035,18.76900224832431618438,18.94255115974728553851,19.12481455197586655004,19.31349766168233017538,19.50786906349756577583
18.09414318742307159482,18.20096002798453227456,18.30767474505405090213,18.41690603700471839943,18.53079347678539789968,18.64984458645723819359,18.77251359708685285455,18.89855319251610055176
17.17692261156678057432,17.21547259407397589825,17.24927307696787792679,17.28055255077122254193,17.31121298398624830384,17.34212784102384574680,17.37273833942807499398,17.40343862032943889062
14.81974536922271390438,14.79893722662701271986,14.76942800930801524828,14.73316677790413287141,14.69190042571546861438,14.64684351470073941925,14.59828417904225261736,14.54718353187040769114
10.97376835539195027991,10.93412343725493585112,10.88496097627483472081,10.82821044666713738991,10.76562481661533965394,10.69852815468127893439,10.62742543746448120601,10.55343812587053164975
6.50232747933173449439,6.49543044619837584008,6.48225197190351831722,6.46493996767545731075,6.44537186368234049638,6.42461340028307414940,6.40253881424390680621,6.37985646517065152494
2.73126631874710490422,2.78941020893913993461,2.84700020721739477381,2.90647301559977044860,2.96983327994463008892,3.03760857635802050680,3.10849341549507096616,3.18239078280761811257
0.76613276872151170327,0.87633887750092809288,0.99056832594342036913,1.11138970572303996676,1.24081682387949188140,1.37887005674047280479,1.52325272546246104355,1.67316607631508107445
0.72291009497863700783,0.83858079495310455798,0.95907337235987932811,1.08682948375305299393,1.22372548802325775696,1.36958073467669194656,1.52186387401699341204,1.67957654639781517325
1.80497372332097905101,1.89044018523220302974,1.97858068293292355122,2.07158517381530149493,2.17115002648032451305,2.27719128212584553950,2.38756781590012101546,2.50151608600829655771
2.78639927120408836814,2.84048473326272477024,2.89480543681867930061,2.95140316096077448549,3.01189541137216965083,3.07640038857484299228,3.14325784713028655304,3.21203099565092298207
2.48235202624306516839,2.53737375645479401598,2.59266293439397133014,2.65037974037225865231,2.71225092408069334837,2.77847942004822501261,2.84744896520786427985,2.91878227660322675519
0.66160313879006826809,0.76778149681913376856,0.87834639759302279849,0.99583738350446038279,1.12224005628205536489,1.25754075497894657332,1.39941873659538296160,1.54704889409693269187
-1.59195978187409448168,-1.39840649115100390532,-1.19323941732103699920,-0.97347728229628605057,-0.73688769203185322532,-0.48402951352873552215,-0.21854980565096782108,0.05782321965316496171
-2.72722895317441249574,-2.44372271184407008349,-2.14101637981805525968,-1.81584272512377964404,-1.46587870623897753575,-1.09240561539842939709,-0.70056809411427178880,-0.29315555974102985859
-1.92472526242260788543,-1.58127444795240013065,-1.21366860938408716031,-0.81857786763067463820,-0.39374726620469724381,0.05891710334721069614,0.53313134454936450535,1.02527950868124229089
0.35830713112007694932,0.70542250017250474059,1.07665367706894676836,1.47521246710619235998,1.90322134637859541328,2.35857232817584483442,2.83472529191926936321,3.32787466367108741849
2.79501144771184906190,3.08306229856562019620,3.38991427199142236759,3.71852624390900565743,4.07088855753313261232,4.44526132028193288193,4.83595234604786750054,5.23976069677361611099
4.06331370231752586619,4.25820091755932050859,4.46402471961587998805,4.68342774989527566021,4.91828680960322905946,5.16759017477712667699,5.42717900958772681008,5.69493519814599480355
3.64352034701071225697,3.76631686913247332171,3.89426291587663930827,4.02978091910219493599,4.17469357114785921681,4.32862340767313735768,4.48870643844557726254,4.65372726658378610409
1.93353392749609431789,2.05731472186463149043,2.18653092924484226955,2.32366352053565350388,2.47060146358790566623,2.62706857967170170909,2.79033156247788172166,2.95926238508950634198
-0.21995319850441930054,-0.01564789933723247442,0.20079960503220500856,0.43222249394201395223,0.68068510379708913050,0.94536170729652302391,1.22226305624714948195,1.50939163203795856383
-1.92462347162957803093,-1.61177667451259831743,-1.27772361280699597863,-0.91920857466242267275,-0.53399774484922513107,-0.12379038589661443825,0.30554351795066697628,0.75070742903401299628
-2.73595230106454456731,-2.35386843695932990173,-1.94464404475891750046,-1.50479727856964107247,-1.03204199844686916876,-0.52874757331552557638,-0.00214204549068709857,0.54353965799430414840
-2.90989739030445537793,-2.53925886944793344213,-2.14218750207577945943,-1.71531535348838071187,-1.25646108666872735604,-0.76807122438532238196,-0.25740879595996496443,0.27126441841585891002
-3.02246673002957511045,-2.73796629160695825789,-2.43387790561135197720,-2.10725221343576407662,-1.75614056210493973964,-1.38246872065873827040,-0.99223212345603828410,-0.58882685359564834737
-3.60401035510539768936,-3.43092236265792083216,-3.24710602272768422694,-3.05012791290066420657,-2.83830251236376218671,-2.61279076498200790724,-2.37781001297251037840,-2.13554706530229854167
-4.84342288683607780087,-4.75085423744397061796,-4.65372395616312939381,-4.54998086234704324227,-4.43813194996484572385,-4.31876268587199518834,-4.19475289999935885277,-4.06739235162976697779
-6.40631099527994596343,-6.32892384663934937095,-6.24765058535152650876,-6.16055571296595161357,-6.06622043878570949005,-5.96514652508659448671,-5.85995848563108090445,-5.75179861527325098081
-7.69184604116802628226,-7.57235544750908573519,-7.44509114762618473549,-7.30799656861862700907,-7.15962604659834411791,-7.00085158868928392195,-6.83503840952736485548,-6.66386007648142708604
-8.24725296874992963581,-8.07890310579445980466,-7.89870980679432399540,-7.70445053703604809670,-7.49462997321995683109,-7.27055223424540919552,-7.03647648468650377396,-6.79469599708259419657
-8.11047068667293302724,-7.93104490015173890782,-7.73922919086751015527,-7.53276327811515322708,-7.31014902503732155736,-7.07282792014788874724,-6.82533785476760090916,-6.57014934890107227261
-7.60778913776264609226,-7.45725643602816479216,-7.29735969879780110858,-7.12592945712128322810,-6.94150075573920410932,-6.74530147313156991373,-6.54143185670609383919,-6.33203413489178235096
-6.89422226965636397722,-6.78640810630800483949,-6.67333356109000419565,-6.55294589947326144852,-6.42380231803376755551,-6.28675163423622329617,-6.14514465883895066867,-6.00058055343380924995
-6.14236987170830328608,-6.06295773103518875757,-5.98075512763901873114,-5.89376764885111548153,-5.80054650577275321410,-5.70166259944116760039,-5.59993553200033034045,-5.49658379525917162312
-5.71791637253511630945,-5.63152561886622837761,-5.54134282763071883693,-5.44529965121099301939,-5.34189288436938802818,-5.23171882672704313677,-5.11769821762593224435,-5.00111652534063200193
-5.93570832664819469926,-5.79889393128781716058,-5.65338207092744760018,-5.49685260365753336487,-5.32767668249330395014,-5.14684639278877131829,-4.95817621881836601005,-4.76356544578172780291
-6.83388576031288419443,-6.61573180390971060660,-6.38147949731668440165,-6.12842223699905819245,-5.85474731327229136468,-5.56209703821083412123,-5.25573947909971828096,-4.93856587460893958763
-8.01926784442379236850,-7.71980988030861414728,-7.39727128024051161503,-7.04854122754927825412,-6.67160288677128221480,-6.26871179861730531968,-5.84654699760593921098,-5.40895212126542102027
-8.95611375618656779807,-8.61529795855608959698,-8.24818059197304265240,-7.85140025796526863644,-7.42278959016258443881,-6.96485379725590725286,-6.48492514259001318067,-5.98727308519977263757
-9.48809949705643340678,-9.16392341886963102127,-8.81513538666344409478,-8.43839115316876764439,-8.03150007646679853224,-7.59676898621858587290,-7.14117528801196055355,-6.66872932621861647107
-9.95815878674603638387,-9.68353888208660684711,-9.38842019339421796076,-9.06967966618274701318,-8.72523279669044704576,-8.35702153699776495444,-7.97119902483785125469,-7.57121180701834095572
-10.88787176858343208607,-10.65263492980171022850,-10.39966229790337415295,-10.12607637130542492798,-9.82995703016988997547,-9.51309171165344125143,-9.18114736914859363992,-8.83725395891029918971
-12.49971915837125635562,-12.26479934427952578346,-12.01121135978690901425,-11.73619846132168120789,-11.43798110259663403099,-11.11859250325421477612,-10.78401064929738417675,-10.43760500445537786618
-14.55394270305855819458,-14.28431845837322100579,-13.99192629091028372557,-13.67400648459080159114,-13.32887927037320530133,-12.95912887586262129958,-12.57167719104679726172,-12.17057670992592299797
-16.28873653752342676171,-15.98019044402429678087,-15.64457897085542370519,-15.27911152687310725184,-14.88217926901022813979,-14.45688171816216893717,-14.01104742539149405900,-13.54939045912438544406
-16.63665726040915515682,-16.31992372670624291686,-15.97504806164874935348,-15.59928679241875926209,-15.19108991410633180408,-14.75367697372858089011,-14.29503718845327675524,-13.82002573313852522574
-15.17207325446893406706,-14.89856203303343207267,-14.60090527115025160754,-14.27656985551667823131,-13.92409561419179908626,-13.54629520752856564059,-13.15027357068148994301,-12.74029279228974509408
-12.55011836963910276666,-12.34751378122556531025,-12.12764384916446935847,-11.88825355327522714788,-11.62797787385549419525,-11.34895988926137100350,-11.05691524881946641301,-10.75514239282638939699
-9.96937995262565479493,-9.81067505234800130154,-9.63947648150709923698,-9.45366135338866087068,-9.25188844663708565008,-9.03586148301680935901,-8.81043634862257896145,-8.57829209296040495758
-8.46086926105029846212,-8.29152100945489323180,-8.10949462423683442580,-7.91257623973623669400,-7.69936282095465962527,-7.47160342539150512664,-7.23432299355634356175,-6.99028888847069218571
-8.31749495011618300566,-8.09648715705479382621,-7.85864498387941168289,-7.60151737992068632366,-7.32359079580506922014,-7.02702058830190434691,-6.71774488825256455016,-6.39914583638973422097
-9.18448044415920428207,-8.90679136151133654664,-8.60736466561682078691,-8.28352257825567050986,-7.93365925540124550253,-7.56039342001422109973,-7.17066064216239329454,-6.76853232788199932202
-10.47675618009125386720,-10.16718682896432035534,-9.83303498036720569075,-9.47149922119769804851,-9.08092456091389088613,-8.66418964356169141183,-8.22878488137189378904,-7.77916875641427818522
-11.53937417636034190593,-11.22550967384090725432,-10.88685902412531625316,-10.52053758468543875892,-10.12482079156275283083,-9.70256463564048665660,-9.26129457750304929675,-8.80547409582403695083
-11.87674250693162925074,-11.57341470594224475121,-11.24657581359539371135,-10.89323714521415631395,-10.51155344676227976208,-10.10417077657359996579,-9.67834653263302335802,-9.23831586754007716422
-11.27036813671864656783,-10.97591118943212151748,-10.65890468452238692976,-10.31625549372622785427,-9.94599545635227144658,-9.55055394695109960423,-9.13690521333439953366,-8.70905563814595851113
-9.92391722144108534565,-9.62495660354412940762,-9.30306964395726332384,-8.95509017991425437799,-8.57897502821154311903,-8.17706465378318547721,-7.75623950999425826325,-7.32044186888085857134
-8.61699186943309314302,-8.29812277716935398075,-7.95465813863421722374,-7.58340031770182054771,-7.18230020632591603658,-6.75380320163022584978,-6.30499592550868204199,-5.83999076755270962735
-8.06853431466578641107,-7.72332760851851851669,-7.35142274853121424627,-6.94963839154255857977,-6.51598819174024601608,-6.05318388089926795459,-5.56876042630194323380,-5.06717395945839488292
-8.30674892160894806636,-7.94990706589182227759,-7.56556225928711167938,-7.15058255171877199530,-6.70305798957114351566,-6.22589620009559396863,-5.72693302224272393630,-5.21084704765572759300
-8.82251628846312563326,-8.48258903959436239006,-8.11668888170762947709,-7.72171769933155260901,-7.29576915697790795434,-6.84162484535989001699,-6.36687580055480140118,-5.87601463341651175654
-8.86050475310379681559,-8.56327574507185218522,-8.24358733067724891441,-7.89837905011982854830,-7.52568384800686196456,-7.12780371494808040467,-6.71146304243997349204,-6.28053139360274936820
-7.98038416275222939333,-7.73825585003220783875,-7.47810707891770221067,-7.19698698666843306171,-6.89289491996132586138,-6.56749985293411064902,-6.22632699106228493235,-5.87241435133363509635
-6.50450351565765139128,-6.30765712706102021912,-6.09662645877854725285,-5.86862336377817417343,-5.62168428130937858356,-5.35699592147518455221,-5.07910358335585332412,-4.79038276605953416976
-5.02423863149001803663,-4.85054233218575525655,-4.66514375870614461661,-4.46539452035857831191,-4.24940711704384188607,-4.01818130843596144075,-3.77582516059390593810,-3.52441868347032238873
-3.88871979888887553400,-3.72270069458911123661,-3.54654586088367285157,-3.35767457006753033966,-3.15425793194653891760,-2.93731055587789802175,-2.71092482169877957432,-2.47714939322057725590
-3.13118242991939732534,-2.96531510114235974385,-2.79015062518386480761,-2.60311095456632513034,-2.40239069312552278035,-2.18910416044949984737,-1.96753147299119968139,-1.73981468488872814682
-2.49234750634301338579,-2.32519831522134001744,-2.14888045647630843149,-1.96082186102394784299,-1.75924282166732726118,-1.54536251498343935040,-1.32364454043947921136,-1.09633973119893179948
-1.76780938290488243148,-1.60572476132776853497,-1.43454948676110949357,-1.25179478413684108773,-1.05575188958220644864,-0.84767037675891987458,-0.63198948624788109374,-0.41096327632356832726
-1.13271123182165611709,-0.97760922358705781843,-0.81364429894966583401,-0.63845348301092630372,-0.45042117628617395209,-0.25077028461920691793,-0.04377752654780438929,0.16837410049044063132
-1.02774409700387847622,-0.86592584166609753993,-0.69483373295507189216,-0.51212256692956259485,-0.31619067331452871406,-0.10826250592821379248,0.10739820919200963878,0.32859469095074567146
-1.67541764006635718331,-1.48327880637890596738,-1.27996696987592817329,-1.06293816074565894425,-0.83045262025816557472,-0.58383142973988078062,-0.32768563331631472835,-0.06443197944005484012
-2.67803155439501727741,-2.43963291652116165409,-2.18684776907438083171,-1.91677239990124625990,-1.62741934107806640597,-1.32029722347027478335,-1.00066287880928039833,-0.67132714373002688735
-3.28693663197436469758,-3.01544344167711786397,-2.72703194428787298875,-2.41848914182785934557,-2.08760659756136135456,-1.73601379879635042691,-1.36944833698679624412,-0.99100364966886633766
-3.07049808617418440448,-2.80037592473805263538,-2.51321347728602528804,-2.20573144433990098179,-1.87565723274877593774,-1.52455978308066808502,-1.15812519547920045326,-0.77939791309401917907
-2.34608025301709322008,-2.10379257896523785831,-1.84631235196735588033,-1.57054154820088309741,-1.27431794511252083346,-0.95904183068260995260,-0.62994196488176112947,-0.28977643195344005012
-1.88984573127878063836,-1.68549943777491351149,-1.46861625828355979451,-1.23640505875781525624,-0.98690938211034062721,-0.72134155551446088595,-0.44433014450759833469,-0.15827143444337324341
-2.22587142114883373978,-2.05588870474460927440,-1.87565616883643082602,-1.68267759438245190218,-1.47520307528165917077,-1.25431128062450225613,-1.02413476133543923652,-0.78677783402426060277
-3.32227030302502024384,-3.16943274031757260545,-3.00708046233613313092,-2.83287684656087934698,-2.64519413058291430474,-2.44509649027750652905,-2.23654337253311696898,-2.02154984636010937038
-4.61391936133893310057,-4.45421955453065887554,-4.28388657771277348019,-4.10054391248924421376,-3.90254839284194332549,-3.69105426056025498482,-3.47020404596677334297,-3.24214073447557993291
-5.31839098901774498529,-5.14076463837321284700,-4.95087336191433458055,-4.74618577962174459373,-4.52495407038508812292,-4.28842692931684243973,-4.04104290510785091328,-3.78512849642147486406
-4.97283992028488075476,-4.79200503554566736852,-4.59890400466907678378,-4.39091910520547568098,-4.16622686748396731105,-3.92603334139476034537,-3.67478183678853120853,-3.41477947199557974045
-3.73642619992682956109,-3.58011709548418055604,-3.41409518147726043225,-3.23583345210049966312,-3.04353408155501758969,-2.83815435601453280867,-2.62363448465303727986,-2.40192955935409280244
-2.44160253088563017343,-2.33058406354979918973,-2.21412065999195073474,-2.08993070378255341168,-1.95633902497567047085,-1.81392180482261267116,-1.66575177702322974049,-1.51320318946309373409
-2.05533481610782775562,-1.98197865488279734159,-1.90662875612597448871,-1.82724503117899605975,-1.74228907765043294908,-1.65204909064475602420,-1.55889259393824319844,-1.46373363518786803184
-2.93714142917041609593,-2.86103311108479241298,-2.78286514859872680105,-2.70065183413250009536,-2.61290701124778168563,-2.51996786391799254545,-2.42424187190879303344,-2.32668727887630666373
-4.72958636526430442615,-4.60729260735199730448,-4.47922710159462944546,-4.34323934194538718856,-4.19778848545342864185,-4.04361132261457267845,-3.88395404246392184078,-3.72035166815407736252
-6.45544849998367897825,-6.27100584775852976094,-6.07585829874584426591,-5.86756808925302042468,-5.64446037636245900870,-5.40776230703044458181,-5.16182426438752539610,-4.90892215636873530116
-7.02859922737000708537,-6.80546235285138401139,-6.56879786930189357719,-6.31591744240204278071,-6.04499005041233328228,-5.75746067831213892418,-5.45828059033093637709,-5.15010909060275423599
-6.23793201508363814867,-6.02108681534790424195,-5.79163321615855952729,-5.54678290910651572432,-5.28458577131945173022,-5.00627111141568992281,-4.71650682105734819771,-4.41772834367097111397
-4.94413675740525793145,-4.76281705457582216212,-4.57184033161693736957,-4.36845568846260867701,-4.15066000876835872191,-3.91924611275364886964,-3.67808968114960155305,-3.42906694380335697048
-4.31803543328289940462,-4.17222491162514597107,-4.01906101645190805272,-3.85591895537180739950,-3.68083509527126340188,-3.49429045122660530964,-3.29949910348761710210,-3.09789565660295318494
-4.72363656172451484849,-4.59610798766046357855,-4.46172661786368784931,-4.31803326848899438062,-4.16319290620411486259,-3.99768394342617305881,-3.82455790316344090840,-3.64517200638816829539
-5.27922468329200711423,-5.15581874031866327357,-5.02513471402710631963,-4.88486621032424128686,-4.73333825999356783143,-4.57124249499204626801,-4.40185995095185589321,-4.22673363647694522172
-4.86393132837597796936,-4.74780151603789057901,-4.62510088950876507852,-4.49361787921778343957,-4.35177411571675687441,-4.20037119439707318236,-4.04280444840397290562,-3.88068943642381469772
-3.19311825325102116580,-3.09833010883757431486,-2.99975922299759778511,-2.89519258768856424524,-2.78301078445747096524,-2.66379078583750716902,-2.54055675894976351614,-2.41462111614496066636
-1.08585397901419611344,-1.01651885744601089279,-0.94673989941028258155,-0.87421086631589128846,-0.79715832516582552092,-0.71572036372247116454,-0.63225790223519429123,-0.54756397283084734529
-0.03201324957754758671,0.03262275887534719920,0.09664575771909739155,0.16251109632764260127,0.23216349181327941564,0.30575312708187701860,0.38128310444569657456,0.45824776865904398582
-0.93027662319641946098,-0.83729665003239717169,-0.74227324935610516921,-0.64262283430619104863,-0.53632573272871919556,-0.42337766237050783458,-0.30613240050397394487,-0.18535645685674687067
-3.29712746315935856245,-3.16225080583537554446,-3.02071490508657403140,-2.86994541895958654720,-2.70802292491960150400,-2.53544966513714475909,-2.35543261321423269550,-2.16939032465182490839
-5.62432043762920574892,-5.47143511696713868986,-5.30916372245740486591,-5.13513512848508035802,-4.94767601604251527903,-4.74775490176691494781,-4.53919508424010942349,-4.32391820240724378266
-6.31095324953422309733,-6.18523394051374530989,-6.05188715733370141692,-5.90885059056613570760,-5.75470080579697373935,-5.59044117553514041674,-5.41968309855779217798,-5.24424745160420968659
-4.86327321873690721077,-4.79425760542880041726,-4.72293421515275735345,-4.64745394160019920093,-4.56647308638366666855,-4.48051750102802248676,-4.39219514110600517398,-4.30262100821734794209
-2.22065406383190344641,-2.20092011182604352371,-2.18429841328990814731,-2.16891897161172364505,-2.15329236968574289079,-2.13724681737500166179,-2.12221544028667219450,-2.10844232422829724882
0.11273291824251135962,0.11728446271403394907,0.11637997728614993265,0.11208026915576053961,0.10611340062856013111,0.09912588986652053069,0.09033039816130720989,0.07998828400554212903
1.19273982523629573649,1.21025686080431826852,1.22334567398328708521,1.23419110758681327411,1.24462415148950933386,1.25531569400005560411,1.26541486860229079880,1.27514612933418436391
1.27825386605741475599,1.30763821259428936195,1.33455457696981882876,1.36105112308344566863,1.38879756519931585323,1.41817145343628059351,1.44794559566252911686,1.47802618224430482030
1.27938821211080200335,1.29853103715573525712,1.31543102136100609201,1.33181826856363350053,1.34906658512513244474,1.36730681715425794742,1.38517314738179631028,1.40240144219098517020
1.80536208479403903482,1.79366418885412515216,1.77732036236154056219,1.75782003777949991097,1.73636334654450252835,1.71316883921669860236,1.68723162310321628254,1.65851456778981987128
2.92805672753559775856,2.89108657915165823127,2.84645156271844923523,2.79568516778248055132,2.74008144152180133091,2.68018427527792901799,2.61550026582274686149,2.54640026145496101151
4.18317984164225897814,4.15413851782448162453,4.11684401885111661556,4.07314724941010464221,4.02462952674883656101,3.97204312946756843417,3.91496245106622664522,3.85389699569784038857
4.83886252883951417658,4.84496334596171518427,4.84521767797157210111,4.84179051501578960881,4.83648685460386307255,4.82993534271206836905,4.82121622168162744515,4.81055040095098807029
4.44941360153701737090,4.49340143588025764387,4.53521963630649960209,4.57711449863893893308,4.62088650418836177636,4.66679305498667407193,4.71320815482484078984,4.75983909271913763206
2.99826653696024925111,3.06498055332995500422,3.13224369398071456061,3.20219071437482138975,3.27647545049655342098,3.35503262828035975218,3.43578713693980475341,3.51806430373067113848
0.97002992354928097019,1.03866568066880793353,1.10833370699321687169,1.18102772322218152468,1.25828398765566618067,1.33999591743049029091,1.42414698378501425324,1.51004260843330162523
-0.84790065336037834243,-0.78337630556215032129,-0.71859324511324385032,-0.65156668801848482975,-0.58073467364187902895,-0.50603032373257628151,-0.42916431490221634837,-0.35063201452724129803
-2.12817727929724886948,-2.05481424754389463416,-1.98124226503612188566,-1.90531120048404289946,-1.82530594587397021478,-1.74103397556486472197,-1.65414102055949641112,-1.56504337460853570896
-2.99480221358886522509,-2.89162263899388882749,-2.78607374787696837615,-2.67575147652062472758,-2.55877174737023960205,-2.43510438814324325918,-2.30690279818313070948,-2.17488665207089715281
-3.56558308537660284543,-3.41399342139492167902,-3.25531520609961466661,-3.08690259218135709673,-2.90677442243120287557,-2.71540115791879221874,-2.51600739922828120498,-2.31002823384300937093
-4.06453714678537458838,-3.86839229474587043001,-3.65983056974315301701,-3.43611088180682999749,-3.19529089198298121843,-2.93845843544290064031,-2.66997105520810773527,-2.39206833896097847969
-4.72410376097467832324,-4.51690471217071287668,-4.29450065506444467189,-4.05429033516730719100,-3.79451294759431378978,-3.51665012014775735238,-3.22559576370958378533,-2.92402024285750705701
-5.55904813653647256189,-5.38634850419944477551,-5.20002456608875185395,-4.99780116796681284086,-4.77816329666750760907,-4.54254257279621231902,-4.29544502497214075731,-4.03933734476431016702
-6.34369770704519186921,-6.23831000849907191252,-6.12446947675673758482,-6.00029350085283219585,-5.86449494268783766415,-5.71807366248714732393,-5.56444003254049324170,-5.40534548370589984501
-6.63463433204033314894,-6.59561966379891551071,-6.55383466137990566835,-6.50770461350096329767,-6.45609171353969912843,-6.39949515879433228349,-6.34019273045121778409,-6.27916354872000503917
-6.12254033654233165151,-6.11934090410021358508,-6.11665646424899733802,-6.11305692574060799416,-6.10746646663216541384,-6.10010261182140656189,-6.09263445735889597188,-6.08561469328358661812
-4.83633854109146277267,-4.82834207676472448867,-4.82071480502118987488,-4.81200735237968224567,-4.80113285549789470252,-4.78832857499469177753,-4.77531816488702531842,-4.76268916065741709787
-3.06687164569276182746,-3.01895977687852434812,-2.96850467847277288413,-2.91386180262766680826,-2.85383131598627803882,-2.78886727832833969387,-2.72124282071881173906,-2.65191826377181305574
-1.33174037079072982159,-1.23241730878613120481,-1.12692879586701710792,-1.01332686406491978559,-0.89021144276623054292,-0.75824322380575637226,-0.62032321264255452231,-0.47782642728066199167
-0.11700233076142300959,0.02447570591270286505,0.17496993045575470749,0.33674031396172643404,0.51141598035431645730,0.69824645285226227820,0.89389840925547858763,1.09672693696019663001
0.38405132110565282089,0.55909808341890132599,0.74551674612575591361,0.94585675798555990390,1.16196611723455789367,1.39304399834314818207,1.63541511763920999201,1.88723135719762580287
0.34601682798196720103,0.54561770740595905149,0.75846176440419899034,0.98729877859939307871,1.23412169199783972040,1.49805946038610993121,1.77514028683453672919,2.06333341539626102801
0.16089270433224756029,0.36714005594963500245,0.58713895405123872617,0.82367804023788582235,1.07877392255071735683,1.35151856419995652914,1.63784182558551716369,1.93564821918844165438
0.06103430636756376759,0.25325227322676119313,0.45789273955303227970,0.67763704018187442824,0.91442673615585445823,1.16740797558624964658,1.43269418061650699592,1.70831032433178009455
0.01613654003072903173,0.18510642832647947187,0.36417390288497242246,0.55587026950290074900,0.76204141809033643096,0.98195985598108115333,1.21208103218068941054,1.45066281521842643798
-0.19087913845017201453,-0.02455740104268635399,0.15119934382217667390,0.33891329658840341210,0.54043116171535210412,0.75507209126206698002,0.97937373079069378612,1.21165700137997056629
-0.81738406615634939811,-0.61171493710775592945,-0.39349219834975646126,-0.15995937357246609034,0.09087956778528880064,0.35815324030906070529,0.63786545443043263237,0.92798137950288495102
-1.75782371093824019148,-1.48762242981153791632,-1.19920162890159076596,-0.88944534951490739072,-0.55614267700204444989,-0.20053786596308012524,0.17242191105377890903,0.56005450052635641356
-2.51357477987135879971,-2.19126259377495191671,-1.84577268593499721483,-1.47372514459469350356,-1.07276412921363251129,-0.64447980138441429698,-0.19463661326561393361,0.27351528490528104198
-2.65847262795572181204,-2.33366861573887618420,-1.98489819827624680570,-1.60879900053164082152,-1.20303872425434743576,-0.76926496874867633657,-0.31331746482119909869,0.16148418189976312953
-2.11385961545095879544,-1.85488929157579307549,-1.57727099809403625841,-1.27800094247982864992,-0.95495177170330713956,-0.60935547294171799049,-0.24601887094586122329,0.13242830562514049109
-1.15798794069951571650,-1.00521301369598892173,-0.84290657809399494038,-0.66860289227013469660,-0.48046203880256505014,-0.27898098470148108285,-0.06723114658253498410,0.15333512543565316899
-0.26088039312091015898,-0.19640198824154256330,-0.13026391380364588102,-0.06042234751516949165,0.01475186216866629721,0.09541830329756390006,0.18000120842778261077,0.26807220726668101740
0.26821513878107050566,0.30575829654164254912,0.34213559310123553558,0.37929889969526403570,0.41885100206076075757,0.46120293760513225712,0.50528579828009967390,0.55103359689411446354
0.44251532824187883586,0.51346829024392792729,0.58567280108896613289,0.66128724013540873816,0.74203626363767527518,0.82811606805373072504,0.91790006390652290058,1.01096577016480848599
0.40427959440159705329,0.51742864175639424751,0.63540648630467122526,0.76059056078348252772,0.89480967515412679347,1.03789588288851875042,1.18740017285963461724,1.34235629432560865659
0.21304757737679388963,0.32304351644517820263,0.43806101093005278546,0.56043210630629403113,0.69193272357240764858,0.83230254039130269206,0.97897614820083167508,1.13090427549846705979
-0.18993727000198976085,-0.13087296355613717291,-0.07051218424506998372,-0.00682795392949749492,0.06176887236676124188,0.13530131276587309408,0.21196666720704746001,0.29121122751017858299
-0.93188157819999872800,-0.93125365204692889254,-0.93402507331225614884,-0.93849721221960047401,-0.94325777083267003942,-0.94784934369367102036,-0.95303269982351801470,-0.95867882950943594800
-2.08436647001626740305,-2.10970064390482203720,-2.14080807120732874438,-2.17611357383517267650,-2.21424949959886285811,-2.25447875864671720691,-2.29697075202333556021,-2.34120436869307901873
-3.46159670639650185464,-3.47361300686843277319,-3.49072741697727462196,-3.51124448735189886861,-3.53370294395073125671,-3.55736986508968433540,-3.58253155531462885719,-3.60872920899085425361
-4.66495811941311533388,-4.65375469686838716399,-4.64614658003595337732,-4.64024231607511072895,-4.63445170754034840854,-4.62817304668793472189,-4.62209789991718622559,-4.61600620965510533011
-5.40313997155176295450,-5.39613119994650869415,-5.39317469207355237870,-5.39232915994160411088,-5.39196164527300680902,-5.39144823241575910089,-5.39148889193165015143,-5.39183926422645942722
-5.85162794335146507763,-5.88073079781021323953,-5.91666090047935977481,-5.95762079148268419715,-6.00204389711548635944,-6.04905631794301879012,-6.09879721367581595359,-6.15063455949126058897
-7.08089106927986566831,-7.13990453944947489617,-7.20773543200763011640,-7.28274547376246506047,-7.36345305345501266459,-7.44877363562215943915,-7.53833473549528410018,-7.63117398058484219803
-10.73814597469823439724,-10.77276636200966919432,-10.81322345222834968581,-10.85782249861856385564,-10.90507981442471319156,-10.95414799463611643660,-11.00509932372924026822,-11.05730829353562683082
-17.62780385817455197639,-17.55664135953209736840,-17.48094884433797346901,-17.39863756414587925292,-17.30809271366248580648,-17.20943867596212939475,-17.10475209499369597665,-16.99481319696851144840
-26.51028905863847384694,-26.27577685897379922153,-26.02094985720665221152,-25.74311478423152621531,-25.44047030804235021151,-25.11470457100475428547,-24.77110118971657826137,-24.41267351720132694481
-35.52793875537095402706,-35.29475949939058665450,-28.95680636921257544714,-35.87523160731522153810,-31.53972287550408637458,-32.24763293277707987272,-30.30581037518742348880,-29.48367555733675260399
-38.73257894355241859330,-38.55546799830845827728,-27.95630976041757165262,-40.03357189171494212587,-32.72428546593869214121,-34.24159387784015251555,-31.62018172015500283578,-30.61497085427811626346
-30.96605253676310809396,-30.55147499281791212411,-29.57544284025283687356,-29.72589363704746645567,-29.13610244997136433653,-28.64321533560580590461,-27.26892417264854628911,-26.48470374629260959409
-19.40107682251277054775,-19.11107188647423527073,-18.79377816120194921723,-18.44665046455564549888,-18.06817634533976502098,-17.66097730406866261887,-17.23179558713934511616,-16.78476132959680100498
-6.02946488275152336911,-5.86944002529385855382,-5.69591036083957025227,-5.50674822233275396144,-5.30050713492242042690,-5.07838329308036051657,-4.84432418498307981736,-4.60049412992878359319
4.49347839695438810992,4.56099063044360075736,4.63124077835184877472,4.70617076825527380635,4.78729343926210226812,4.87457087607304817567,4.96618378672998250778,5.06150300034098332702
9.54976698119725497804,9.57686373439762661519,9.60113012581697944370,9.62450245402313875331,9.64859964077054499398,9.67399124814817490403,9.69988538487101337182,9.72642240963729598491
9.60730164169423161979,9.63124122698450335633,9.65106928296515853560,9.66873144989762423052,9.68587293839310170540,9.70317317129560485967,9.72000794970746007095,9.73665061676801713020
7.18388065912175299843,7.21742804937212945049,7.24752821177393613539,7.27606263138834474802,7.30460402550466536553,7.33371532924149072130,7.36262470717946282406,7.39147440775467501339
4.89985698119058632471,4.93936644842557281976,4.97613611725765814242,5.01197819767261254498,5.04839723716181953961,5.08587980280087048612,5.12358638381568631814,5.16157686459390774303
3.76557698146395347649,3.80800903936574508535,3.84812494540849625579,3.88778883037936662248,3.92855388534076999107,3.97094373821000345970,4.01414222608956183791,4.05822614583111018760
3.10591780343028789346,3.16348303601332814239,3.21998409875783142553,3.27750800947860376766,3.33778283458731106492,3.40132679431087447952,3.46712107573371230984,3.53514561049512376911
1.76283198068894586541,1.86192510871901228953,1.96323144740080657300,2.06917936516474920694,2.18171926547072292379,2.30112271275029023343,2.42564297065640133155,2.55481563515218379479
-0.82914248648838917433,-0.67028637191986339960,-0.50440491422278233014,-0.32873578755104498894,-0.14115504110436641327,0.05813438057446538437,0.26626846827942846074,0.48205330806581914160
-4.20236765502191733646,-3.99343197714271402887,-3.77328705400181396712,-3.53897042917926851757,-3.28828672615511097277,-3.02189719141992263474,-2.74363583873452077100,-2.45535483840884038997
-7.15411620010227533584,-6.93632579374496760494,-6.70629220068355547113,-6.46108436129151897376,-6.19855782218861861566,-5.91951557498916702826,-5.62800608908628152705,-5.32604953485403243008
-8.69362037001651977164,-8.51962739791954426494,-8.33632814100201713359,-8.14107443182433776485,-7.93189249391879336315,-7.70931385837681393269,-7.47665921238806330251,-7.23549198200467902353
-8.67953340798208472506,-8.57121438282325343039,-8.45804525437777066088,-8.33775079263484286685,-8.20856822966452881474,-8.07059712218823044338,-7.92606930223143635317,-7.77584836927197642353
-7.65137061837734133718,-7.57966845570118152864,-7.50523335278649650348,-7.42601888483704186683,-7.34040333245780374227,-7.24828550434303586769,-7.15133628864045611806,-7.05007051837257936455
-6.33863716745361305271,-6.24203825401635103987,-6.14017945302282974751,-6.03097189491373963932,-5.91280867724580705413,-5.78585004958643889239,-5.65225025399922742508,-5.51287868458143925920
-5.12897259879414413319,-4.95087270037238713627,-4.76093699035771411587,-4.55679569801353512304,-4.33674269882988028257,-4.10158871334254460095,-3.85486201782559012585,-3.59839071053366943431
-3.97735693565330450383,-3.70125702199834449857,-3.40576861110058404236,-3.08817257395244482154,-2.74662229646052713505,-2.38264496661605607031,-2.00132120823955439448,-1.60556180185211627709
-2.78477499757926372226,-2.43777025749566300661,-2.06593884891747103794,-1.66631056510706754281,-1.23692919380524557482,-0.77979277685614034610,-0.30102003310093194965,0.19574522958609283374
-1.64669810159014184947,-1.27929831232845314659,-0.88530674882036053397,-0.46168165735277200135,-0.00642729155685355189,0.47836405734110476473,0.98635182902607887456,1.51372216376967916318
-0.83818747714567465312,-0.49961418941805818550,-0.13630398988221964496,0.25468311940802718096,0.67530665303313264225,1.12370284276829690562,1.59402440912072851376,2.08278998241225909993
-0.54559387611377296867,-0.26283691198455294558,0.04054266378115074787,0.36728650039830768037,0.71926884585016959139,1.09500262546881921288,1.48947183258999626965,1.89977664273403612505
-0.74451980321767208260,-0.52266753942801824628,-0.28518219643538433861,-0.02955326214636191939,0.24598395533363195953,0.54033360746499436988,0.84935644771388940644,1.17077576131390315162
-1.33345521569757852198,-1.16122566988543551858,-0.97797939385674781398,-0.78139177623099342895,-0.56978065094449525940,-0.34389217392978682630,-0.10710794072866207383,0.13884124282035084641
-2.05679234874270600031,-1.91448668171073177469,-1.76445613105598186898,-1.60444835464190060925,-1.43278561539591753338,-1.24992528436337324571,-1.05869832191070112337,-0.86042810501541033830
-2.48928671449410110483,-2.36340022111212189060,-2.23180040901780163409,-2.09221803384936322345,-1.94291871935808546645,-1.78412359924832064628,-1.61827779127094983913,-1.44641039062707532636
-2.36335591139570144747,-2.24035064846019027485,-2.11217263325103798977,-1.97647214226632317313,-1.83143003040404805937,-1.67715178479646831455,-1.51595580749659486486,-1.34875756576686334220
-1.87304841186143011811,-1.73440392332992376900,-1.58932766884874077107,-1.43535064000744849722,-1.27057452755234767672,-1.09518427632590831244,-0.91174002049371105638,-0.72130871552639153066
-1.63738696290104002173,-1.47208571624631567865,-1.29801592248903663318,-1.11261147537222648829,-0.91393523449577795947,-0.70237558848013592616,-0.48092717339511215080,-0.25096417405444099158
-2.23417498883283682787,-2.03917347472284893328,-1.83276272636092452117,-1.61232516297272798766,-1.37592572199885632145,-1.12418452612672092883,-0.86053817232084617306,-0.58669593512756856857
-3.62510150152980070715,-3.39727386699893862954,-3.15510701641282542695,-2.89594700220964629267,-2.61787563458275540640,-2.32176146567132146714,-2.01149750479087918720,-1.68915079755564523367
-5.31170164322108373511,-5.04232602903744187017,-4.75495095645727339218,-4.44681582001852238051,-4.11597360184866634114,-3.76359288673157088567,-3.39417367006697379139,-3.01023405043916891799
-6.98272574705554660568,-6.65725703645335720182,-6.30905912128008328210,-5.93509951952547520904,-5.53328929944600123036,-5.10518542554985987891,-4.65619524551537100621,-4.18945507809570116819
-8.50920223627017691115,-8.12130686464485052056,-7.70560335674038832110,-7.25865059744559726340,-6.77811782851836319708,-6.26598822397442400955,-5.72876578724516694052,-5.17029060131711215575
-9.76518026458166232828,-9.33543136962847164284,-8.87446644585464738952,-8.37850798104791039123,-7.84501781462168779058,-7.27628366932085324237,-6.67963355188689433817,-6.05941328871645090715
-10.74865661672683714301,-10.32114183003994511978,-9.86233845497680938763,-9.36843174590589455875,-8.83686606927122220156,-8.26999112984831974416,-7.67527411704273276882,-7.05713114229683391443
-11.50487515109532843383,-11.11774708661035226953,-10.70195486311925314737,-10.25396213787854726718,-9.77140621911971862801,-9.25649905369453129822,-8.71621868233024521544,-8.15467456119423594885
-12.06175045688221203477,-11.72284248373896708983,-11.35818017609277319480,-10.96462769052943109216,-10.54010359519572581632,-10.08664515108406867228,-9.61056396813386903943,-9.11557979567777643126
-12.31852876316419909131,-12.01090210717223172310,-11.67911197116230859194,-11.32032570155384831878,-10.93268034390692555746,-10.51811344629512845472,-10.08248476307525365314,-9.62926903003148204618
-12.04007329064679687747,-11.74816314460720967361,-11.43298046956388347439,-11.09182463182201772156,-10.72292139805892396964,-10.32813085646415096619,-9.91305698138670976505,-9.48102639233731991908
-11.23153416515265590192,-10.95511195485006794570,-10.65700735035167667775,-10.33454638874522046876,-9.98594735938762667615,-9.61291519556971429949,-9.22076647372031388272,-8.81261478310951673620
-10.19161035197705977851,-9.94325971898149774120,-9.67632645421596571111,-9.38816093039778287732,-9.07694874956270325583,-8.74410961723790514100,-8.39445713031253859526,-8.03071749795813438766
-9.35547665951756357572,-9.15597483556415880912,-8.94262165225125471579,-8.71289361178372168126,-8.46499551539845107584,-8.19991142594225230766,-7.92160129362751064264,-7.63216927284351331906
-9.19298430156632662147,-9.05428900934156821734,-8.90685177830090424322,-8.74838791107593749530,-8.57719955966600267061,-8.39378492229048056572,-8.20105518951264400584,-8.00038959376142777558
-9.85166726592138175533,-9.76127824136168875668,-9.66562816640914057587,-9.56266373137588665543,-9.45080223189208190604,-9.33018841831263756603,-9.20291103714229485888,-9.06980467127520917359
-10.99994116836688640149,-10.92362041429522534486,-10.84253938827171381831,-10.75472134156352588263,-10.65862518203822695284,-10.55430269865820314124,-10.44360397377152871456,-10.32721930864677339912
-12.05621197165078761770,-11.94978475933604222803,-11.83570299803688641305,-11.71183019400488056760,-11.57653956066866207664,-11.43010182377955352706,-11.27487893102894211950,-11.11191127087639785032
-12.54672913893998931201,-12.37842265461051205477,-12.19724346851772622813,-12.00073368185460687130,-11.78709736565437360412,-11.55705560846663360053,-11.31402917507511496353,-11.05976824687556181459
-12.49192866294609771671,-12.25849801271177774709,-12.00682065387915642418,-11.73413353436256478801,-11.43849165005055645850,-11.12110434166779704412,-10.78650446287946707002,-10.43719518263148948733
-12.29239308888672255193,-12.01268176293193157278,-11.71095626810567935649,-11.38428110117985170291,-11.03064246752977695110,-10.65160834718794369280,-10.25248386495069752300,-9.83630874672015309557
-12.18525582231969472957,-11.88608069006911982513,-11.56344525022269920100,-11.21438593654710658143,-10.83689654517374556519,-10.43270305796436225876,-10.00741081094804485474,-9.56428090796506857885
-12.09819139945207844278,-11.80760058030435999399,-11.49458790654789908103,-11.15625504081840091430,-10.79063403214958505316,-10.39937783906444401794,-9.98791316741997547979,-9.55938323932936384608
-11.88157848036794739244,-11.62782399079509687567,-11.35515912298895102595,-11.06079921627855000565,-10.74280474779119387563,-10.40249757761390547728,-10.04463863912909360465,-9.67189579140214661379
-11.44705265221856294033,-11.24690947010479646906,-11.03260344131937387147,-10.80149751242094779968,-10.55167792376802360366,-10.28398038885329590642,-10.00219913367137536397,-9.70831405450623208253
-10.77006108714434162721,-10.61551848893565086485,-10.45042531439261246362,-10.27229650749247902297,-10.07925990377499658734,-9.87173719721561049312,-9.65266877617916740917,-9.42344780298324202761
-9.81831600259583936463,-9.68314703303802204459,-9.53844575760407131781,-9.38183605642490903165,-9.21149563210699895421,-9.02766299248284909140,-8.83285475675194398093,-8.62820314541220412252
-8.50666785794457247505,-8.36369404206849864636,-8.20997159578456248141,-8.04315937859020024803,-7.86147327067972945258,-7.66521658794515214908,-7.45697708371002132566,-7.23797418802832481788
-6.81613286847273869284,-6.64824120160438614136,-6.46748702774707950880,-6.27147461994549448860,-6.05841785273186239635,-5.82883962141454770034,-5.58575479210370406946,-5.33069160348164494678
-4.98585469082586207890,-4.78280736155111174668,-4.56459993010118392220,-4.32868423069335772624,-4.07320865105974672105,-3.79897992343580259700,-3.50964822183143665413,-3.20715952887899691248
-3.48644343197799599920,-3.24021604620636338723,-2.97614389552892921742,-2.69147392930994344695,-2.38425569338476917025,-2.05561965992149620064,-1.70997035085026438672,-1.34974327636295110544
-2.64400980454310685630,-2.35624005206759168374,-2.04770681547078314821,-1.71550909389508432490,-1.35763988567838178589,-0.97554516346333552956,-0.57431294963220125283,-0.15684666457615994983
-2.24951119294326318254,-1.93972938421164142753,-1.60716914297591006999,-1.24893549273669135502,-0.86306111457618739369,-0.45118248509049307948,-0.01870805802338223328,0.43120020878823200894
-1.68760229956417373565,-1.39484854854401985058,-1.08013717475629533737,-0.74076427595215277311,-0.37489371870814564014,0.01593320559943512196,0.42665023311961813857,0.85427689621818092558
-0.43310854319785646593,-0.20384215827150156675,0.04243117955435577598,0.30809288166561987765,0.59481418626497128965,0.90152634455474767172,1.22426822168566529214,1.56079213341329992026
1.63122622402122541274,1.76725741400574487550,1.91211432967137762162,2.06784699124770643408,2.23600688564004279613,2.41628591540104009638,2.60632197378591579096,2.80499141525709916323
4.00327014697140715072,4.05139564159255272102,4.09986539672635341702,4.15053525742843376634,4.20495430625428578963,4.26363156294942768909,4.32577108989514513837,4.39139542827688078575
5.62411019784917343145,5.63470697498327588448,5.64105499842668312027,5.64508452912443292604,5.64849951523224547145,5.65233568316861578751,5.65662382565300170256,5.66203706359013736460
5.61838060734559441300,5.66904632319731227597,5.71753520996122155395,5.76613339690069715004,5.81681539596618435439,5.87057144341750891670,5.92702839232892664256,5.98663839945301656797
4.06888326060115890215,4.21142395257252477592,4.35876637631828067754,4.51366426953351229656,4.67836420931518581767,4.85334156736490829331,5.03691864849309123287,5.22866556770519519404
1.99302102052746388239,2.21759932416866556437,2.45389044306651182836,2.70498833466355392829,2.97330258602107333488,3.25874219399823816801,3.55835629897040162106,3.87082572199112817657
0.56528864720632110430,0.81010742511033406732,1.06898628182455679436,1.34506710546125618500,1.64075761588502122557,1.95574879886345742719,2.28668011619367650411,2.63193191864100617394
0.27800828286966094982,0.46884663699324058417,0.67010225067082118677,0.88466828441087463908,1.11481112726158948512,1.36050940692274613397,1.61912728872504918520,1.88953652938486360569
0.72887845276784946069,0.82650669634032947197,0.92740664085056778720,1.03408327288289347834,1.14861173514638070792,1.27158145950477985409,1.40175861649848032542,1.53898327863599249099
1.13907312995237086639,1.16361084640625378483,1.18556086783450065347,1.20711432784723471379,1.23019467552447503422,1.25590217398144665673,1.28416283883342008387,1.31561449072793634762
1.05235670583845397630,1.06629577539334241543,1.07676345005747653438,1.08585919639285544136,1.09544535189749603354,1.10668136791597770952,1.11967563584459894876,1.13517703774461664601
0.54884619801798750771,0.60963199008768231835,0.67081915747319587062,0.73462875118134152164,0.80294876343148768871,0.87656254228101593284,0.95482180117407322584,1.03793004385279319379
0.04658300354287080863,0.16618371897438363738,0.29121621200588354572,0.42408006741352893831,0.56671788481580442909,0.71944994506802717460,0.88067387995072676787,1.04991013128416565969
-0.02237109489449376834,0.12250440145381273627,0.27529436174272331472,0.43845852522023526232,0.61395018978389248598,0.80188826978904770293,1.00027633395937920469,1.20833882801147352026
0.38273165466818803715,0.50853825381907413750,0.64125224532794611321,0.78321476218986152418,0.93631104717150404060,1.10078918551451332419,1.27498952644500262998,1.45834261920317742600
0.93936120761043206961,1.02408019455003107545,1.11287680808468381066,1.20788169634392983376,1.31086621026107108534,1.42235076562361872909,1.54133959301220202498,1.66769853225740383174
1.46222469583740277699,1.51509101446247784750,1.56948530934557206606,1.62738949343593564123,1.69049264425871070827,1.75950319744796512822,1.83388040005191399473,1.91380430829539882609
2.04479901910518968577,2.09942905662038503678,2.15507569119892616882,2.21375542747198661431,2.27717345960500283653,2.34598874325256678830,2.41953188683762521194,2.49792640506552388047
2.71120599040929999290,2.80307169458181215660,2.89803311205958502583,2.99831922221804925144,3.10574813647763425806,3.22070023683685136007,3.34182086940820655130,3.46880663728973015481
3.15304375286878624252,3.29229460120255046363,3.43781687222949017269,3.59207688833619220858,3.75701800295807153418,3.93269803458244160410,4.11698502507338837120,4.30906696738665129232
2.96158792055826536327,3.12947387547202993119,3.30589892816069497172,3.49343781311291445846,3.69408623365679433803,3.90772396383443920698,4.13181615406921576295,4.36526496072647773872
2.05740105684116381113,2.22079081970937863844,2.39285516402649278689,2.57611442761128550671,2.77253307536164106395,2.98204509750938928647,3.20226681000601587357,3.43217541906215206637
0.59483614018882091656,0.72743587924455532789,0.86690745926676848754,1.01561838528558068262,1.17545472831919917134,1.34656673530746973100,1.52709070213862285748,1.71633789403087111403
-1.30018349504913066639,-1.19917679745667715707,-1.09329341279699820966,-0.98030314659835349200,-0.85839465043626861362,-0.72724286514639624457,-0.58828096983176303425,-0.44190683081923537445
-3.31710057785393619412,-3.22246961876771420563,-3.12327267233124272749,-3.01727817546252463643,-2.90267609138071769337,-2.77915296239116615951,-2.64816228032352940502,-2.51009987108782128828
-4.79921829125370802416,-4.67463237890885086046,-4.54333314325669856970,-4.40288965118651187680,-4.25137371550250797725,-4.08867536913109930197,-3.91678029242693126477,-3.73641828337246906244
-5.07415738856889042552,-4.90175806380489031966,-4.71938766705243750721,-4.52433843604140406569,-4.31451418636180150656,-4.09006760626193077712,-3.85368999248409105363,-3.60656789228641549983
-3.96200510546451756255,-3.76533457856346887027,-3.55726936926135239858,-3.33500457569084174381,-3.09638896450566480922,-2.84168688741144226384,-2.57387477580706880431,-2.29433581279249976248
-1.98518669140664250072,-1.81278121022984017863,-1.63105774595132557714,-1.43743367741460703613,-1.22990583343436643560,-1.00859413580794821108,-0.77603153869875740600,-0.53333417227390700344
-0.02497712223261265227,0.08555925879020095937,0.20079468170730543908,0.32286374823666819101,0.45347900569031690532,0.59285011321616754021,0.73941215225400347411,0.89265449703782229207
1.19586322982781378954,1.24550141461210972516,1.29555945811349659813,1.34777064270119151246,1.40359365795531254584,1.46356536238260082072,1.52704778403373575557,1.59411702460005955118
1.30521997537059331052,1.33717721437626968495,1.36865117079320741666,1.40130907498220680374,1.43658460459855041869,1.47515259728437708731,1.51668094634641903440,1.56144548383592263185
0.32320432044874380928,0.39084806764941432133,0.46119144574100306988,0.53620532051916680594,0.61754488799665518961,0.70578333802816806131,0.80015499156480851539,0.90066237724075803861
-1.29194671564662222352,-1.16262391324661185088,-1.02543284520297639517,-0.87795952421910217200,-0.71824242671804050531,-0.54594443178614970869,-0.36262020266690603298,-0.16878009036301577783
-2.76452986006689105380,-2.59078871256261056288,-2.40553129111717201027,-2.20605545442600137207,-1.99020631425241600887,-1.75783112521794238070,-1.51105182416980632354,-1.25075518257227380481
-3.29534144105440240935,-3.13059278300102716841,-2.95523589766515648591,-2.76664090320061584194,-2.56270239869265115118,-2.34322550264757278882,-2.11019925408113717680,-1.86442402937927664830
-2.58718623649434054101,-2.48900295121952686017,-2.38609051394993976203,-2.27621184127421916088,-2.15750815650971494719,-2.02943939177363841253,-1.89306435843074960523,-1.74855146969944175162
-1.08328594550427070864,-1.07506775916263364046,-1.06999072087763691385,-1.06628211848113640947,-1.06235278548758937944,-1.05713768572379396282,-1.05039303641495096464,-1.04138817365403357762
0.47232828323134712356,0.41576499838797331687,0.35059410810523350399,0.27828768243477458588,0.20027248948021866837,0.11801646968695807260,0.03271869465456758025,-0.05422683700151815361
1.45625708899533612417,1.38374468832965580312,1.30166676236523026766,1.21142495792955084966,1.11440729818604888912,1.01216858206474547011,0.90612456767336746477,0.79781431089175736115
1.66298955056593333879,1.60974074161588220910,1.54910648461211963856,1.48255519063117691125,1.41149914801584719370,1.33733508030910130948,1.26115647684500631343,1.18426383930677858736
1.32508920452385492439,1.30103821079065196109,1.27242028545354490809,1.24080650746943055296,1.20765008666788231650,1.17412879226577127056,1.14087468374613898447,1.10885360612714545248
0.71846320927090301378,0.71332547452325578696,0.70523719735139100973,0.69584464847673310750,0.68663570057882150621,0.67865556312608621425,0.67224254816543838054,0.66815587991847325000
0.19279235370297276297,0.19339160758147272423,0.19130128043075292354,0.18819061354026092592,0.18555518813914417819,0.18438757389543786180,0.18491102109300683320,0.18781175576332775901
0.15546682173761705581,0.17040946620675495593,0.18339894501981088282,0.19615926369133723783,0.21020519656344244241,0.22640684545138481387,0.24471971606367956542,0.26565668914871443107
0.52659980154386232254,0.58764773052361007899,0.65001853203265602676,0.71563194966519350082,0.78609593877231487280,0.86195895839218972245,0.94244087161911183070,1.02755739321339856218
0.63830253004591930299,0.78159738518306520749,0.93271158301765377807,1.09392021081903112467,1.26700819934526953681,1.45197335280932882107,1.64676954201607173012,1.85054066980082687621
-0.18233764753981607232,0.05507804527749948081,0.30816451748522649678,0.57961099254767001199,0.87141288476043821110,1.18294400370785490750,1.51072066744315702813,1.85288893060782000610
-1.91144150675985557974,-1.61378885144674977248,-1.29508457424759537702,-0.95235928044275286464,-0.58347066144785442177,-0.18944640874385057505,0.22529847914700931732,0.65826156858468176658
-3.81505364590673767822,-3.51636922113123651101,-3.19592877880915704480,-2.85073227628382541710,-2.47861867427192983371,-2.08064984289962140451,-1.66131773176098884726,-1.22317747127706244470
-5.08250423177363863658,-4.82908085830302091779,-4.55698098239868798487,-4.26337566507922449688,-3.94619068523359439737,-3.60623413337985843086,-3.24740177484195990942,-2.87183179258928777955
-5.27200006476405214073,-5.07836865141664794976,-4.87042891387952536775,-4.64561257989792331102,-4.40198434857024167854,-4.13999904379990102399,-3.86270721820003526403,-3.57166602143205702546
-4.62172741849131707426,-4.46996524130709094180,-4.30690599397180484686,-4.13022728825908203021,-3.93814240578452468000,-3.73086811584829503019,-3.51082241585103371762,-3.27915143080975202139
-3.88862238310655961016,-3.74613094520603251425,-3.59280405123153556701,-3.42647250134905645425,-3.24546184425187433931,-3.04994908994001034941,-2.84214376439493410231,-2.62309439766073904110
-3.59427453933300711242,-3.43975327453482915274,-3.27322374404057425679,-3.09255612181243932923,-2.89611648939920485191,-2.68413907691472930495,-2.45889235128868088864,-2.22150979319864516626
-3.77931458707639356120,-3.61669909866760042050,-3.44130613970289322978,-3.25098669569013853931,-3.04408859420813238117,-2.82083455753465850435,-2.58348530714923496632,-2.33318945277820599671
-4.09245446842929805342,-3.94251653810017543833,-3.78091341914039924532,-3.60548962509784320929,-3.41455662703887785625,-3.20817101113136970980,-2.98831109438424968872,-2.75591892753053535614
-3.92407050214894059792,-3.80697600329500573935,-3.68131507532585589004,-3.54498463000699848280,-3.39628487733653106062,-3.23498623809069263402,-3.06253243571299771375,-2.87946266872350520316
-2.95761919291433184043,-2.88679537805037611520,-2.81197835846576538188,-2.73121243812663871964,-2.64284954002200223044,-2.54630551326769483111,-2.44229481272694748384,-2.33082059992049117625
-1.35552213624874795528,-1.33469625161927329948,-1.31497910903130477145,-1.29464019709177202699,-1.27214138542109145291,-1.24652624955321766897,-1.21768445439750738757,-1.18503436945976536876
0.44350710114020713837,0.42116269843427733832,0.39333641714930084321,0.36152417726775709639,0.32713810045970881379,0.29145743382278826994,0.25534338891278351991,0.21989275638036992477
1.75202031137288560814,1.70333525841848310023,1.64672019953612536192,1.58351602925502787933,1.51504819528763556846,1.44278801700580561196,1.36806046435363115599,1.29227166605661514254
1.93734046200230469736,1.89365268796459695899,1.84278632721970936359,1.78609306768826758827,1.72489296499005706487,1.66058072319521699001,1.59434369416160404143,1.52748824852451137168
0.88247108225762171951,0.87747960423995918777,0.86923439393182255763,0.85924961715459891032,0.84890205602386126227,0.83920111260318996926,0.83053413403655740321,0.82365639557942227356
-0.85633014763650061596,-0.80798739435706001810,-0.75774894568405914974,-0.70389708242886572798,-0.64499225926494607730,-0.58055061156243736864,-0.51126389211500544718,-0.43712292795386953337
-2.37323524688125786497,-2.28044906918012868502,-2.18157876492311064709,-2.07475689602163315683,-1.95850664103093663471,-1.83277828999757685935,-1.69914015291045283895,-1.55819510278111050816
-3.09642074294419744618,-2.97987142380969993738,-2.85509564503800783442,-2.72013213787888252781,-2.57346608122577125144,-2.41524189515492881952,-2.24744329451404611930,-2.07096272784375123877
-3.13985688234851378908,-3.01178595796971659837,-2.87465764384439959045,-2.72639826717205391304,-2.56540423480331991613,-2.39182026199054442728,-2.20772865900883763501,-2.01407712951278616842
-3.11383152523082928909,-2.97175074980560482985,-2.81953263252130259531,-2.65493688039259545519,-2.47622185951458595454,-2.28349923427709278201,-2.07893761989182923600,-1.86352466428140872701
-3.61438518045771273179,-3.45288521991607977313,-3.27937648227141043122,-3.09144500522086440597,-2.88721709301809825732,-2.66683610864065601120,-2.43267003312251306468,-2.18583413862410491646
-4.76182562969850042833,-4.58609015020703569832,-4.39649547570257848150,-4.19055512396344020942,-3.96635335203230088297,-3.72412249665108285868,-3.46643609613875591791,-3.19456473654893269298
-6.13138555188172329480,-5.96364048950513936376,-5.78183126639695554871,-5.58359142653558837566,-5.36710159672091791094,-5.13261225111111585306,-4.88261044759854279107,-4.61834718400310162423
-6.89351885830716071268,-6.76377799315223171561,-6.62263695136140650987,-6.46800649238506597527,-6.29824711541411730309,-6.11340773896276434840,-5.91537768268290342633,-5.70503851602557077172
-6.28206796143221790629,-6.21556963988196464754,-6.14323915901631423253,-6.06330806427406354686,-5.97430045322212333048,-5.87578608239353972209,-5.76854955979245431763,-5.65272631816910831049
-4.28109568693543884876,-4.28795390517673258302,-4.29622311992820016258,-4.30437695623145000212,-4.31100309309185725226,-4.31498215657054018379,-4.31571052854708803181,-4.31233939111019903834
-1.75954023304397977334,-1.82620019854378812241,-1.90093048860152014079,-1.98229682248244865050,-2.06883664014395396435,-2.15875986747022174939,-2.25024498183009047381,-2.34154221302644671709
0.14998324382403263599,0.05206799870154024679,-0.05807861516088767828,-0.17902667033953001408,-0.30924492915798229564,-0.44654352821244058802,-0.58842771801664373044,-0.73262741637361616931
0.96515212902021385588,0.86314771515395594115,0.74773897937047972828,0.62033284853877279641,0.48244850456128390848,0.33631747818835355801,0.18451323016926993170,0.02937530730345422336
1.18026986297399893999,1.08907149574334094488,0.98539660165579356921,0.87056266267988724472,0.74597920896187386308,0.61367038744118729277,0.47592703816023629315,0.33486334738530160182
1.63385448488495654829,1.55270744788786640989,1.46045422500902066787,1.35826211360000725925,1.24737735629316826014,1.12958045946659280112,1.00687781073200266491,0.88113031769045357944
2.73124285258812671273,2.64865303811070029738,2.55526835833631471573,2.45208202421837739848,2.34018534415461232356,2.22125987836985405721,2.09729877100574046977,1.97009812055405486575
4.15302076051324764450,4.05518933462773478738,3.94532472993036087416,3.82425109609510816000,3.69294315425519181773,3.55317001947494182090,3.40722512014593714724,3.25707493795799196690
4.96466416260788800940,4.85039773812150620813,4.72251769688309241957,4.58172266440744291316,4.42891149346038037748,4.26597783699164878612,4.09553753134841702632,3.91976216539418098606
3.98826875126318292075,3.88195249851113732831,3.76269025307629556565,3.63117071781565758926,3.48826590686980830824,3.33576843017354862653,3.17612729383679459616,3.01138952016787886379
0.31219522772769620067,0.26255747016402680716,0.20544763289426026809,0.14174126537230030687,0.07235641155754490850,-0.00146076872415782321,-0.07836050990651008408,-0.15706940649325631942
-6.19920548293391959760,-6.13701763396044785992,-6.07132433355313683165,-6.00081734275089484498,-5.92442649198945758826,-5.84192876610921629776,-5.75409999839662500420,-5.66115238852936819569
-14.53148066445061203922,-14.32887265029414791684,-14.10873916501592084671,-13.86917651567518383615,-13.60887846844247484057,-13.32888788900520715686,-13.03265879599464760474,-12.72226380548283231064
-22.60749280486092871456,-22.28413806159090171377,-21.93080558733951690442,-21.54505459089487473534,-21.12536120567979835982,-20.67388680604929618312,-20.19645704021234067227,-19.69678597153920307505
-27.89516150587621012846,-27.51137552108781747506,-27.09089063522708329401,-26.63099993156809830452,-26.13008156655282476777,-25.59090739737775876961,-25.02056904985840546374,-24.42366016138172568617
-28.31503271970965229798,-27.94388664777358854963,-27.53659074963935893265,-27.09051609434024143752,-26.60408953767540296553,-26.08001963377110854481,-25.52521280467152209326,-24.94415091328805189619
-23.43778056135195697607,-23.12525951371847199312,-22.78235130426929444525,-22.40668552044336081508,-21.99678190023048429680,-21.55475271944077775288,-21.08625611019423828907,-20.59492524515176725686
-15.04426464255142370519,-14.78882635125305711199,-14.50996950147400355036,-14.20547013190679486172,-13.87381729723960255285,-13.51632974731458958217,-13.13719020068562493009,-12.73899119504022436900
-6.09648680745737348019,-5.87283290895791054709,-5.63125981760952942778,-5.36946152849765656612,-5.08573163883623990955,-4.78067202262939972002,-4.45733043178899457359,-4.11745108546486182632
0.88048068914430432930,1.08459152359408150801,1.30254525028268264286,1.53682766358957012542,1.78939212194608976425,2.06021550023292343568,2.34706501489519592241,2.64884076554864122954
4.81019592688765218469,4.97917730563016291967,5.15777895859454638128,5.34854411423997344599,5.55356953251841645169,5.77336524069746115373,6.00655540953160205220,6.25269290397491150912
6.14705236953306588532,6.25768815766325836591,6.37303133071082150707,6.49545413907618307547,6.62701647639324509242,6.76875074368737195130,6.92033477838857713493,7.08206253293433718454
6.14617905347880189026,6.20191210217705801711,6.25828432668588430232,6.31739067942271503853,6.38114781439537104291,6.45098459487601338935,6.52751516460372460671,6.61165158333086289133
5.93732473174159380847,5.97083103439006279700,6.00339735712493016706,6.03690546113031700770,6.07312815111871540097,6.11361921643686301309,6.15939992876335473682,6.21161765958322842351
5.93314389856861090777,5.98547542093446249822,6.03827029488779132294,6.09333403643182069942,6.15233728490621434304,6.21661046259891758581,6.28685188012666618107,6.36394466494891730690
5.78803108667729748760,5.89180726599252668763,6.00004071597699706331,6.11461190210687899338,6.23714928525362743983,6.36844838781458122412,6.50820893695828051051,6.65660429604785530699
4.85262003615328296746,5.01586397887811141771,5.18865317652817381600,5.37301494758594166967,5.57056766749938869765,5.78143993609406692258,6.00404555767489789275,6.23766742301693355444
3.01065208847223919619,3.21178430181921337194,3.42648811129658215080,3.65686658356046923046,3.90449673100145799864,4.16896633611290390320,4.44769404077014041121,4.73926922176822529309
1.08039332161151957479,1.28240153178221016894,1.49938188076092293599,1.73335403429978551770,1.98578960234037538157,2.25605649808847630311,2.54128150906848082613,2.83982552814211297587
-0.02208417258423025706,0.14978033060141623944,0.33526277924876668468,0.53617151412059693705,0.75383742393485797528,0.98775557973325867067,1.23547415791068582180,1.49560205503651832970
-0.16720004203643293317,-0.03312190691071879856,0.11183049428459740371,0.26928864546027025950,0.44050830716860783776,0.62532051797623633416,0.82201789079063747323,1.02969676808525045786
0.00169973912788643692,0.11463083511598337605,0.23626346552835766901,0.36824374357090905452,0.51189827772248419624,0.66737515145933745675,0.83349986005948351053,1.00975782436036909395
-0.35221088598581756779,-0.24130325103092922778,-0.12245995674677340181,0.00612796583944348865,0.14594115150051450991,0.29727010525725044987,0.45903637323333623677,0.63084935318533030824
-1.54412123440157023069,-1.43558369544355723946,-1.31932653058802396018,-1.19344094153360136268,-1.05636974678020756357,-0.90782979782018757842,-0.74900257130436820319,-0.58030257232127757661
-3.28688852888099614091,-3.19500860704341516083,-3.09597855440751867917,-2.98799231405845011622,-2.86958341635363156641,-2.74052280389507085800,-2.60198840399766062603,-2.45439282734464114810
-5.00615326143916661294,-4.94296612233955912075,-4.87382798741647871310,-4.79717918586662950275,-4.71174395699788917113,-4.61728219451824717368,-4.51472336798729312335,-4.40434960359852833989
-6.04185315598554772976,-6.01202776031005825530,-5.97836077370398211173,-5.93951401994002381457,-5.89435042839498901657,-5.84244487854123306647,-5.78420345198039775880,-5.71958321531737290400
-6.02057993700223548217,-6.02609229392650558310,-6.03108503449848232236,-6.03431413206926325898,-6.03464081050446399246,-6.03123476187913976077,-6.02372111124749309852,-6.01151343099307844398
-5.24980656307512916214,-5.30051048070710884019,-5.35545262517302145255,-5.41343094049416340141,-5.47322962800188594912,-5.53342596699353084233,-5.59259347172135612425,-5.64938505741966068285
-4.76005535221556819181,-4.86411655703477041612,-4.97751826552486598132,-5.09914954637480200006,-5.22775463654873195907,-5.36131105337416435930,-5.49728126788304471972,-5.63352075613158920220
-5.52795527621061832946,-5.66570961812398277146,-5.81540649604142600992,-5.97602811863153782213,-6.14633555202995474076,-6.32400684031221249626,-6.50590088973045066467,-6.68945153296335437432
-7.39556665704046078957,-7.52400747146252246722,-7.66277100911674668993,-7.81085877052193655601,-7.96707713739456213631,-8.12927184548624204297,-8.29456354986308674881,-8.46059159193323573334
-8.97441984447010199233,-9.05602670273313137272,-9.14325179464734461021,-9.23503977460491931595,-9.33024666355513865312,-9.42722885256341491811,-9.52402992995140884602,-9.61897007875859166859
-8.65000644532088358574,-8.66816383199485684941,-8.68654568632489265667,-8.70398387154110153574,-8.71935645576338203000,-8.73161309706710753176,-8.73992180438415111610,-8.74341889917572423485
-6.05757735838436595088,-6.01378085292646602511,-5.96574271965693991859,-5.91214023523706000418,-5.85182276665412359762,-5.78423165907402481167,-5.70953098072276343800,-5.62756323132875557747
-2.53122934044800906861,-2.43436975356940488169,-2.32984891177837027954,-2.21614859912849837542,-2.09203249248894662671,-1.95729879723214783560,-1.81291404589598315056,-1.65926809982478373762
0.08092007094881047136,0.21705008001523370953,0.36350719859824448532,0.52198267256328589880,0.69379887525391703562,0.87889419049072148304,1.07568645669664730846,1.28337339403856898201
0.61098846317886634782,0.76502257868763845483,0.93112081956041359287,1.11099384378615306801,1.30594117179774538151,1.51569607107448045547,1.73830708578776071960,1.97270257074029542466
-0.84265682285542087282,-0.68606721374914558798,-0.51629794741245482737,-0.33178019252378715409,-0.13136263509394024984,0.08448707364383883922,0.31360459246419236656,0.55472340092947403090
-3.09324754099062060320,-2.93059601569835592727,-2.75331294365744438934,-2.55999000813284416367,-2.34964876679226231104,-2.12301113510101346904,-1.88253000167357931183,-1.62972809842206567410
-5.01445918342351859565,-4.83431133391071732319,-4.63745568087528781120,-4.42253144716408375103,-4.18864734245581793459,-3.93679508896998742173,-3.66984552851811329788,-3.38964632766538320752
-6.15404917584262367569,-5.95539635534931299787,-5.73827292618556317194,-5.50121824779155677021,-5.24329087179087505177,-4.96563661885222895620,-4.67147723774745049496,-4.36289616404623803447
-6.52461682182695223986,-6.32489227061510739247,-6.10673704993366772698,-5.86852035998612997503,-5.60915006910266367157,-5.32968208431871737218,-5.03333244090309950280,-4.72213085341331417766
-6.41365922266481103264,-6.24284886572175246044,-6.05639968890008528746,-5.85256588715379244547,-5.63009370859651170349,-5.38965634298413132086,-5.13391249369473889885,-4.86443666689585096918
-6.09471306825047598466,-5.98342132723538355776,-5.86202946026917803835,-5.72883095690263388633,-5.58248669481661696778,-5.42304352328310912412,-5.25204916932255905238,-5.07024919328708545407
-5.91910938671423547675,-5.88534419397898123094,-5.84853202267109928414,-5.80718339411883377466,-5.75999740309044216957,-5.70630674643191682094,-5.64624149512090767189,-5.57953770971732243567
-6.56074063967377263396,-6.59619131028636740410,-6.63458913762186952567,-6.67474812946155005022,-6.71550386209449001740,-6.75563885912156969482,-6.79406931684509007852,-6.82969982868462288650
-8.48448954083036710472,-8.55579389838183423933,-8.63264978660194870486,-8.71411081071199156156,-8.79916385539009837657,-8.88639429412826054033,-8.97416309217421925837,-9.06102294820054154911
-11.36468210961932001624,-11.42615323733842558340,-11.49148132329110261196,-11.55975586167098256851,-11.63002181911275911830,-11.70103197879643097679,-11.77139308466404266085,-11.83986103029566905320
-14.12615889410345104693,-14.13697285907765532897,-14.14655970648404981205,-14.15378551806258400347,-14.15759041190902145502,-14.15711778786837449218,-14.15183100298840379594,-14.14109039748848850593
-15.42863051367339188857,-15.38058137785370149686,-15.32618555662759085578,-15.26395441268005015445,-15.19260817442664368571,-15.11161503528866312251,-15.02130339146117954385,-14.92161358839345197680
-14.56208946252915126252,-14.49313369935624429274,-14.41664813742371364924,-14.33094086791381371881,-14.23456954280525010859,-14.12698836790889878046,-14.00868377627962679810,-13.87967723047216495047
-12.08693706429343706077,-12.05899672924984322719,-12.02780565676430235555,-11.99184267554382365972,-11.94972822901812214980,-11.90052617867586626232,-11.84391021308255709243,-11.77933545432949991039
-9.37945952427160989373,-9.43364060464921649896,-9.49201170085505907537,-9.55352075677564194223,-9.61705527253948133648,-9.68112275689889401065,-9.74403552247488136118,-9.80433409926661703082
-7.60369028180188877286,-7.72666077251899530154,-7.85950117882322096818,-8.00161533899743737663,-8.15218198092537882360,-8.30934166349056368972,-8.47037618505689948734,-8.63315555016563784818
-7.10361560685598281140,-7.23490735963004016895,-7.37617229045938671561,-7.52697069714527877693,-7.68661966760547610278,-7.85334297481134058216,-8.02442334327010797779,-8.19776663936972482816
-7.41527827150904084164,-7.48429433740961336241,-7.55750578655806570794,-7.63423106070272705637,-7.71369274156198336811,-7.79463356206283286554,-7.87543653288594214246,-7.95477802676621159605
-7.77729249621957485772,-7.74002113727052432068,-7.69778631214241482184,-7.64942520953598581457,-7.59392530766655493579,-7.53080446065257813615,-7.46020078587759183364,-7.38199759394282661873
-7.77824320732930107880,-7.63594020638695880621,-7.47972768732749404563,-7.30801267327788295347,-7.11959367248840724329,-6.91479322025264231399,-6.69551358861550305335,-6.46285961036948553016
-7.52494293564587390932,-7.31865972170261169794,-7.09266522903505247655,-6.84520373569240714318,-6.57505944567889333285,-6.28316679573106195988,-5.97262359700737910373,-5.64538736812141639376
-7.22565055528494060155,-7.00856432687777530788,-6.76995731791322796767,-6.50822569796866456926,-6.22233349753436115748,-5.91354129819318607986,-5.58536911398007784868,-5.24011993983026425070
-6.74896631721762130240,-6.55713994178412029612,-6.34495752447620819936,-6.11113187573593297230,-5.85488929227448284820,-5.57756288551913925744,-5.28251242441985269238,-4.97198790088245967667
-5.73915655954031400654,-5.58535226794616690427,-5.41402295039156289391,-5.22415717735492268758,-5.01517158999177858902,-4.78825547239752236095,-4.54627698657118806125,-4.29117532191931161378
-4.20686558463044946166,-4.08928074545301356579,-3.95772609197812075266,-3.81131414420662029130,-3.64949933753615862742,-3.47314594611051008499,-3.28445936115274372824,-3.08490796022962321388
-2.72686779756359554128,-2.64008461243888259418,-2.54308589785143501771,-2.43494712053820805409,-2.31500900988276647752,-2.18367589127045258479,-2.04240409010165979709,-1.89209384263027780015
-1.85578551138523861752,-1.79892099580605768772,-1.73566122200096195627,-1.66497236648113955404,-1.58601254973862015873,-1.49866193769805189362,-1.40358059654686107010,-1.30105077308595484809
-1.70804735182488154344,-1.68595797802399749443,-1.66124581106028190725,-1.63283738313330251124,-1.59976793264297745267,-1.56142304774868145856,-1.51765101731406626406,-1.46812343034650849560
-2.06967729045490500539,-2.08844687412087504086,-2.10810590627964122845,-2.12769659830795587752,-2.14627055056189242066,-2.16281485667741213419,-2.17638698302952304786,-2.18610550317299079381
-2.62370350192284274016,-2.68244419823141022619,-2.74499045843692890401,-2.81061879929049185378,-2.87851426303067636780,-2.94739535965867549550,-3.01564373243149752568,-3.08194203920010956210
-3.25278732698945560742,-3.34703356631316273351,-3.44761038932477914543,-3.55405798457485255781,-3.66573473632304969172,-3.78117904693050155274,-3.89822506417855718652,-4.01521737959665347972
-3.92550557721802562128,-4.05126406164762276063,-4.18600952949616456067,-4.32948729662985520861,-4.48118561253502090125,-4.63947124801477972511,-4.80170426765658042711,-4.96591862513835557991
-4.24821496363107531380,-4.39283724363288463621,-4.54881061701887468018,-4.71592097561685097418,-4.89365723145606779099,-5.08020978717943449965,-5.27261089908131097559,-5.46864135136660323155
-3.53054544168345163513,-3.67309038285578415284,-3.82821865278809214672,-3.99555133231339931754,-4.17442063056276513322,-4.36286095336889179208,-4.55779828726560864993,-4.75687717616450989055
-1.23135098274769250182,-1.35274505549005641392,-1.48646592082360440301,-1.63185077789366972389,-1.78799178800853741933,-1.95282549486463219424,-2.12337517474715964383,-2.29728682770276027014
2.53790627608557040062,2.44011280326831236920,2.33094434969944819258,2.21128917008601799665,2.08224303294626178484,1.94592829338997796995,1.80521662691922224475,1.66242090457587332608
6.86576263984855028610,6.77180315859514792010,6.66650759327849140590,6.55076954297540581251,6.42570836147217239187,6.29354735235106588220,6.15732856886412260877,6.01946212112722101040
10.45117000626304637478,10.34133075435993731617,10.21900613762225695780,10.08489659181901565432,9.93999379570177943322,9.78664751187065284910,9.62829246970824925711,9.46755533069999799523
12.14125871289540192777,12.01483426618810135267,11.87481293836678908349,11.72167952353674280630,11.55626457157000430698,11.38096246302604619416,11.19947730594860324516,11.01457273545748982713
11.55954757864471105222,11.43322493416167517921,11.29356826688909976042,11.14097389139101323963,10.97617688452732309656,10.80143506880824588734,10.62029421962535735702,10.43539230829997066508
9.29007803285246502867,9.18418720199897364864,9.06703330146062214112,8.93908694661640090828,8.80108292316763751728,8.65496652422954326767,8.50367846958121376133,8.34945446635584609396
6.43150474197504085083,6.34538949783848416075,6.25031215335034584513,6.14687246468654713283,6.03585459844236993376,5.91892258054016995317,5.79842305087038401012,5.67620799274691023584
4.26982414933734943929,4.17222622722511804483,4.06556559913088833014,3.95045261995143182077,3.82768538411698333590,3.69895178748381558975,3.56664142096492797762,3.43264941875247941994
3.74388822141642085839,3.60007263428140822370,3.44407478384730980636,3.27636878671801934360,3.09771778776762829466,2.91018870384387895456,2.71695796355860919036,2.52046255440720479157
4.80222751893373889231,4.60798679514997289175,4.39763142020654651532,4.17150144277639434165,3.93034568559761776640,3.67671405564993047932,3.41474241846325465843,3.14753436732273694787
6.38841120953190433340,6.16518873994001204153,5.92318321895330957005,5.66269972479533567622,5.38452003680507385042,5.09151822985554414203,4.78841962727402581379,4.47875477366988405947
6.96446867664059166003,6.73269571181277903804,6.48091906579298626667,6.20945864082985909960,5.91912665934280912694,5.61290267162977585258,5.29567364845389487726,4.97110571615066465512
5.58247423696984768071,5.34735157932261451208,5.09159636982416952122,4.81548289241315519149,4.51977943522441627522,4.20742849807072349932,3.88328507260013777724,3.55100005689314501822
2.66951243010705230319,2.41476341033879737807,2.13792093850639997044,1.83904533880601150919,1.51873365734589049758,1.17991594818274569967,0.82761146363377735558,0.46555734034835943858
-0.42173497713191726577,-0.71520126545016360353,-1.03340595474534624465,-1.37661459875815417320,-1.74446501745649307225,-2.13391254206071989685,-2.53944950154803361642,-2.95704802983599757127
-2.42363112612830189363,-2.74514388621658822487,-3.09336523357978521176,-3.46874366659625010811,-3.87103513351024508538,-4.29705792294493083006,-4.74090324932867446250,-5.19828771656715549199
-2.88060164123705453321,-3.19021732437787264303,-3.52581906196767258521,-3.88771471281353919736,-4.27555182245732368074,-4.68615968486577294527,-5.11377434955119536397,-5.55418464971957970278
-2.08440108901045340062,-2.34189780229217081597,-2.62183483928355753889,-2.92412952098838152537,-3.24816600367702790209,-3.59100481540194582664,-3.94763290760072083074,-4.31429967061828545383
-0.59637078223312012248,-0.79440011633835616589,-1.01079989245650025964,-1.24511669440189742808,-1.49650453190928311997,-1.76234817242700181339,-2.03853107958770074504,-2.32187441657530424521
0.99487689517898125757,0.82628050742533631912,0.64117048698616641023,0.44011882893956205676,0.22402999607653550918,-0.00466294862814564844,-0.24227039268122954607,-0.48590248262239943422
2.45399197869038721009,2.28043832702270288237,2.08968604537168234359,1.88217693221200832454,1.65872096836299398603,1.42179490653885753915,1.17527512878180351308,0.92214326293528336986
4.03927726511805751386,3.85241622000928440883,3.64714825220164495789,3.42371081889869621762,3.18277552493453574911,2.92693719299358257047,2.66045632688399935617,2.38652121667454064635
5.95305277269765120707,5.77469494064459443194,5.57857108698307424532,5.36481564227992713256,5.13400964721427577331,4.88869481740469247200,4.63313141601628153410,4.37045384326632024852
7.92884631914842419320,7.78080907501849416974,7.61752658139806193560,7.43913685081067477256,7.24617409010844149009,7.04091327156999469139,6.82715079842419569900,6.60766071377548236399
9.44930214902919551889,9.32129445357058017407,9.17987521153440155786,9.02514387424699648932,8.85755646050890455001,8.67913228741145381662,8.49326015842770232211,8.30240047150670790188
10.28343958220533771453,10.13760136282556700849,9.97714842121190237378,9.80199510688431097094,9.61245014337809244864,9.41052599589384364265,9.19976242538984578800,8.98269927283557478859
10.64705674341502827929,10.44127941634275913430,10.21621427142101090624,9.97145206491188851317,9.70710847826272349437,9.42552778607282171208,9.13110807617361786015,8.82696599958210015302
10.85379347325388899037,10.57869246133047447245,10.27869938425537910121,9.95311038622217836291,9.60189886257419189519,9.22788990073440373862,8.83657161554286041394,8.43181328625727921633
10.94908381664287588819,10.64880720509093414705,10.32136150456969048150,9.96601923393900612780,9.58278114323762331139,9.17471955397979499480,8.74776854449092411414,8.30613036416578864873
10.57845432221385095772,10.31328322885318726776,10.02359137019022661264,9.70893010535258227378,9.36949088044145028675,9.00819162257424288498,8.63045331240104829362,8.24016273523174902493
9.37382335832263535735,9.16914572826730633892,8.94501213436069697593,8.70135076199520263174,8.43858172250712179618,8.15925583544903609834,7.86783196548561747363,7.56756554375659629130
7.47970998841107714838,7.31070446520432426496,7.12564230311266921802,6.92468700298595951637,6.70839992341752644478,6.47909111545598914716,6.24060441315964897768,5.99578974925032337495
5.49976896170730977786,5.31874039811411591927,5.12125327186420520320,4.90747909097882040186,4.67800130922070689365,4.43520942110919413892,4.18308628164354079360,3.92458805814392963640
3.99405749578344959616,3.77608383833932625961,3.53887420851868306215,3.28251088100012244908,3.00756219893468124127,2.71671046991302267415,2.41452728808463623622,2.10439018878627992493
3.02870327911502990048,2.78677361955910107838,2.52340338159976296240,2.23865273966879163581,1.93311873821857171940,1.60973148267515409060,1.27350812042599592644,0.92815647935426570658
2.34398940605565897499,2.10665032020389109135,1.84778667969368814994,1.56752043195525425645,1.26650317515535060231,0.94769944269480999033,0.61612608368401278192,0.27550597749349764465
1.87399832839601576673,1.65120980941140449438,1.40777985041053343984,1.14384653512689515864,0.86005483181075392807,0.55926795960529607221,0.24630903881743360095,-0.07524356934319199885
1.81052190733104101383,1.57986991928043307709,1.32793198060798656179,1.05469593057263444358,0.76069034632098897486,0.44878865193854439175,0.12396308636689278015,-0.21014214963062433084
2.26953479106987732195,2.00504110967143889255,1.71657657862870038912,1.40388137382732924863,1.06733078492190536224,0.71002014000903490576,0.33752444205388282272,-0.04613497548543245980
2.95211188610006836086,2.66182994209104428762,2.34536766396147777769,2.00234421564383424652,1.63308628187791549102,1.24093758400276277243,0.83200960413072899691,0.41068033197179537597
3.32180357035078444028,3.04466270862786059226,2.74208865622462827361,2.41385746284688584851,2.06042753234273057217,1.68518575140605086915,1.29417916997361293063,0.89176400013812484602
3.29011113470308913520,3.04966895187054110039,2.78633209147617266765,2.50017928465832772744,2.19188429459529210419,1.86471223896450188917,1.52423003004490120738,1.17450563152248843579
3.43981570258031066345,3.20741378358962236916,2.95236189900546941445,2.67485034200994853393,2.37564207929076598447,2.05801247474169723972,1.72744302153108209019,1.38797041836973544804
4.50011958850544768751,4.21787848453395053383,3.90861005944335504481,3.57223988157281979738,3.20938336985573480220,2.82364610576998753544,2.42130719242513459122,2.00694444553350059834
6.57977878455941933566,6.21524457339086744412,5.81673218395033586603,5.38365389916591485786,4.91631310778712116161,4.41881303542010073215,3.89873807521409831978,3.36152394389062036950
8.85481131995999604101,8.42963624553663670724,7.96544448490986400913,7.46119822649454977892,6.91690694774755598928,6.33700032362643117523,5.73001878921738594386,5.10200361246209954658
10.19115432649884667171,9.76770585890380793614,9.30548992795848661785,8.80335490974619183646,8.26120419557212670725,7.68337891945126560955,7.07836668372870558841,6.45213641036549656604
10.03200922756898272326,9.67109179645392558200,9.27691916429446905568,8.84858279892690724466,8.38608357750290522858,7.89325658752539460750,7.37750613580217518006,6.84404651328358060169
8.62146938359627057480,8.34630407386766393074,8.04556771226751088477,7.71875423233377855325,7.36605090978814214253,6.99059032518905798526,6.59821671287624855751,6.19308335614871019459
6.56121111424621705766,6.35559591374457255597,6.13074719357809705400,5.88651659262193938105,5.62326004638831733473,5.34350331478901807714,5.05173376397458628873,4.75119708431223841671
4.32255505329416767069,4.15404852098097876478,3.96982417065477655171,3.76995151160873787077,3.55489440703030945556,3.32683679726099601481,3.08948838792024194078,2.84558403325910713733
2.05950313849463917393,1.90923380594000469124,1.74512322419514509519,1.56735813057253370317,1.37646988701227712681,1.17450584617904141282,0.96484247987543436675,0.74999231027799717619
-0.41993667007576923611,-0.54347278016151112645,-0.67815534449692316254,-0.82368053760370563143,-0.97945169889026673093,-1.14357384892152413869,-1.31302663049393419925,-1.48556032396249260152
-3.29011783520417377957,-3.37465909656909213155,-3.46627245047640419884,-3.56452187241521656347,-3.66875433955605423364,-3.77734277278264940492,-3.88783017610701620015,-3.99839070250267791806
-6.01679741411957458297,-6.07587602447545815920,-6.13890941663573386222,-6.20539387562314459501,-6.27466433572769677340,-6.34532559295338760563,-6.41536492353732157312,-6.48329382836742418306
-7.37195651068312596266,-7.44098355102221820090,-7.51418770259276058709,-7.59112642543451077159,-7.67118426639423489632,-7.75297694304548468125,-7.83445000306730054973,-7.91409291131033576505
-6.51234178411437714118,-6.62648251222950701589,-6.74873317986789000855,-6.87884381905771657983,-7.01630201172216949601,-7.15945710529074919037,-7.30563155529420349410,-7.45287006773120452863
-3.97480760942247801637,-4.14662850540108163244,-4.33232026213611653986,-4.53188113160019856451,-4.74491565559441497157,-4.96934102586779236077,-5.20153164445233073820,-5.43885887987335525651
-1.34450893081216449332,-1.56685054137699109056,-1.80843940818387016733,-2.06951052453135320164,-2.34977220641388484523,-2.64668898608986502552,-2.95566216774691525870,-3.27338765152420130278
0.12731097008277308946,-0.14978831049726887281,-0.45133153537596876204,-0.77783816743956424311,-1.12914529230316773578,-1.50220560139393266574,-1.89129281597284637506,-2.29234961061357855883
0.53633698341223434713,0.19542654667119316314,-0.17532201134760969086,-0.57676114154851398919,-1.00888185489233639380,-1.46806149987014444847,-1.94728471237437839036,-2.44164589211094318344
0.96473742287923869299,0.58241119058461010560,0.16669516214152579892,-0.28346833555074546496,-0.76815573741411991016,-1.28333993403895529894,-1.82112457758088841508,-2.37602298514127330265
2.23437257702466451903,1.86315340132170148557,1.45896159956501358934,1.02078727532999802285,0.54859007952563454413,0.04639116006317511171,-0.47797071118756756514,-1.01904970813200534963
4.23019878764274182004,3.92249963339100604642,3.58635555849695508712,3.22100144541880251126,2.82649944693848231836,2.40639517276156045256,1.96747901231945276912,1.51448351904381151023
6.17375147704864080112,5.94543477841092116165,5.69484859428613443555,5.42146977514351657845,5.12541542639655478553,4.80951318224923252131,4.47909018547990367409,4.13786696186366587114
7.27090077948703239485,7.08658067219407339365,6.88391925443180507926,6.66244030535388986891,6.42219977746733228230,6.16550262952563432606,5.89673057829043933964,5.61892694295127537174
7.31174929423636488224,7.12032422698605227396,6.91069953425659555535,6.68227806470623608703,6.43500703181408528764,6.17111494240963409652,5.89496575019893498393,5.60956092320750432378
6.73863464754946228652,6.51678440372588418938,6.27499655104174092202,6.01257861395517068104,5.72945132155774583538,5.42809423460182838284,5.11340233054922777001,4.78873297901295913448
6.17958634504583503855,5.94296013466943851000,5.68572487375880086802,5.40725833054545734768,5.10758327254964505926,4.78941995160851163860,4.45803034204048653777,4.11704005828447083815
5.86430550689731955316,5.64867956788035829874,5.41448153675099685955,5.16129331835314975052,4.88928583545322936743,4.60110673807898606924,4.30172034842484674044,3.99457036894316841469
5.42599017180564313634,5.25413819726717257197,5.06760532604259239520,4.86614797110982166828,4.64999755853750862400,4.42139010429795309420,4.18442683567119466659,3.94196189664358209725
4.50572914546460534524,4.37050850398052492807,4.22400685926299690465,4.06599165544867702238,3.89660822629076086798,3.71758825414731752801,3.53215068479650007305,3.34251848648149296750
3.37587573376497163125,3.24350448426956239345,3.10059008871387931094,2.94672509062331444696,2.78187039610031083825,2.60750850614575391262,2.42658298772133163013,2.24108302494247979553
2.73725580155223902068,2.56488863240476083760,2.37913829417465860772,2.17932687063891172841,1.96524767641215736269,1.73862174087542653567,1.50304883658437460348,1.26093009206726280880
3.04722531182797373717,2.81515866188014518556,2.56482311407559926408,2.29536109430335333315,2.00654357769122038135,1.70072208961627113766,1.38275077711840799211,1.05588871508191872728
3.92530882951536685965,3.64553443582700875680,3.34318797107050391659,3.01742553617379494213,2.66816006826981899636,2.29843845242162814202,1.91430911867905040324,1.51988553019357341967
4.32129677345344820338,4.00946014881854040368,3.67210001516440520675,3.30844466808647830192,2.91855902435826264352,2.50599456313824120457,2.07761113917969986176,1.63812165019671840405
3.52565574462725317417,3.17767765900228527087,2.80129595688481325411,2.39564036852024564439,1.96075336587527804255,1.50048025347893343451,1.02227714803232649921,0.53128133427308221748
1.86958147607584890260,1.46581094901887110105,1.02940181591253931970,0.55913747105393785120,0.05483390854562041061,-0.47941503366237603334,-1.03541885177983283839,-1.60755740752840892149
0.48199980574965983759,0.01811935779136862601,-0.48332840967509516084,-1.02396878805874402829,-1.60425367486426839747,-2.21979689373001232156,-2.86154776916670083864,-3.52332787230896871122
0.38982884292965935824,-0.10120448934644192540,-0.63278917644139343057,-1.20673184971902203166,-1.82358811367345130527,-2.47875579752225760899,-3.16266289414328616303,-3.86878298270495646349
1.75728252906316040338,1.27896950953055488220,0.75998615098787303257,0.19861826491655715232,-0.40560930799683242443,-1.04804557091275163394,-1.71912964824103409178,-2.41232539420054070689
3.84967849750309820678,3.38597702315380377769,2.88199112066911533603,2.33610960724836358438,1.74793604981301609058,1.12211453320121923305,0.46809337648512666652,-0.20765129486814287718
5.37508142346889528085,4.89335978752393785385,4.36988003252850099045,3.80289273182560894071,3.19190421705951177245,2.54162284077129152493,1.86172754514928717740,1.15884096584766460580
5.05060460703284608286,4.53035436382056033722,3.96608386245096911082,3.35570187273280007290,2.69845338825986580389,1.99908577312676594140,1.26765314591082445261,0.51098874891618062399
2.02633240535434744345,1.49560978394509325184,0.92161806806689638982,0.30200803654897306894,-0.36422353399935714080,-1.07257891996127807666,-1.81319224316376881312,-2.57942314641883241322
-3.88801462073781545215,-4.36233196540289469567,-4.87322737374745162953,-5.42297753467315768461,-6.01266397774819516542,-6.63852720190697098701,-7.29201714580678572730,-7.96745506924671254012
-11.63830848791399041886,-11.98545103640577913495,-12.35640045773330086831,-12.75300102422890624609,-13.17622320837217841927,-13.62355189272687461255,-14.08893928479349710869,-14.56847028881084149532
-18.91482349250626526782,-19.09639287404938201576,-19.28594300090023239136,-19.48466943620750768673,-19.69330868908586396060,-19.91084282328984400579,-20.13435425404069079036,-20.36210581949300646443
-23.01562730609112961133,-23.05412232363331881402,-23.08726029459353767948,-23.11563990961968073634,-23.13975973143807252086,-23.15985401420168088293,-23.17567455772074680453,-23.18732711359270126650
-22.00835863040460793627,-21.97668413436665701965,-21.93328583031347278620,-21.87845016245825391366,-21.81253731332425971345,-21.73636068506489849028,-21.65093970487124508395,-21.55724983478576106677
-15.99141481995289737483,-15.97174537716289677292,-15.94184260836005329054,-15.90200113676059245904,-15.85254797134688331539,-15.79408291806168129767,-15.72725307663212390707,-15.65277113771405126386
-7.17488411538159276404,-7.22538429914136681731,-7.27281375587855194453,-7.31770073963959433172,-7.36040917883016376777,-7.40074616808727014927,-7.43779694337750640898,-7.47119005532098867661
1.27262146949320831268,1.13648098653449380890,0.99458771927465550178,0.84612796948508250949,0.69068890968850182865,0.52941312365523329753,0.36508900455469828206,0.19939359687304397672
6.67409183927713556272,6.46579133605068623325,6.24406153554033771513,6.00789364616596976987,5.75687411596059561703,5.49297329900254904800,5.22056255996539775310,4.94244030028822756151
8.16451009296439167429,7.89092359119799358069,7.59717780389553354325,7.28210935409690485187,6.94531536405795080213,6.58948269435655653581,6.22034168712273594082,5.84166390601950791250
6.82033585932475627800,6.47278284016995009154,6.09817478338799556781,5.69511628865705787916,5.26315186112433863741,4.80566896767454210249,4.32980395731144440674,3.84031928515599840779
4.58100026361863132962,4.14668368897168271303,3.67787177267921849833,3.17282185136932382008,2.63093995291107463075,2.05633652944774869553,1.45770019395844552257,0.84086204617538795603
2.87427040502682373813,2.35480663938044187944,1.79392864662985251911,1.18950476187342135681,0.54075387811945652139,-0.14757713486000886838,-0.86535620930211565316,-1.60577333413678813301
1.90493186920011092766,1.33481066443526596998,0.71929003557059267848,0.05598663855440170339,-0.65601817834617048852,-1.41165324084461540899,-2.20000352195806936351,-3.01373026309018321456
1.33284715515423335397,0.76436314620167389311,0.15067338747552980194,-0.51062070199560349870,-1.22046660239970594652,-1.97388075909066884606,-2.76008791094404992705,-3.57184236286404743765
1.31256333241146694313,0.78068454177930524107,0.20656070439151530405,-0.41207075374592500028,-1.07611787925717172776,-1.78095508093256849058,-2.51654920499688072866,-3.27615619936766666598
2.44190340213469525565,1.94635615055100852366,1.41141353447334960691,0.83493847220605266202,0.21605653532761817659,-0.44095115000262230520,-1.12676189534298121231,-1.83511503021894184506
4.76921930569620311502,4.28355437055165566562,3.75912010930574425061,3.19376870537017820695,2.58659466307690788511,1.94176133462946420849,1.26839303934779179528,0.57260581350694439440
7.35888122913662368063,6.85758140183284581326,6.31608492870583937417,5.73208903587167917237,5.10458404820805711211,4.43782973645163458798,3.74125105841837690690,3.02114335707744485759
9.02273913173472053018,8.49846082803169800002,7.93213525903965432917,7.32124798032506696188,6.66465113229865746547,5.96675526629970587322,5.23743306182642243130,4.48324629378235872679
9.20813689313040129036,8.67122379879062066266,8.09154084053693267720,7.46641864827208845412,6.79459701096667512132,6.08053449793051115080,5.33432754102551598407,4.56265331138632479480
8.31285892936507764261,7.78087534391860113914,7.20706222208243652005,6.58873784815521545966,5.92461260796605770906,5.21903614772390778143,4.48193400112546669334,3.71985302026724573565
7.16923989675247597120,6.65462403444449801526,6.10027792682411096337,5.50363862632682554477,4.86346818476098796680,4.18388981500996948171,3.47434027331576089637,2.74104877672041302716
6.12650071178512334313,5.63880330411811403479,5.11431061393192898379,4.55063237528122233044,3.94660620848629006829,3.30603048042445379906,2.63763533142038486545,1.94719127278257109204
4.95093361630433292930,4.50111727073405010202,4.01821805042573299005,3.50000028314534095131,2.94534645800210626021,2.35764221168285015295,1.74477348397242715272,1.11193671806669880375
3.55044317580211066243,3.14023638509332725377,2.70045156005813291600,2.22894286464852608987,1.72459294402389007317,1.19040857263842903002,0.63354372020582783165,0.05867040402842773478
2.26577945402281066833,1.87693698689489862907,1.46000336780971551320,1.01286647891227010732,0.53441562265797504239,0.02755027843282545699,-0.50079248353897187762,-1.04611406764669023772
1.42527855957979010526,1.02109532051856866097,0.58686712962663822868,0.12049739520383784264,-0.37904457496611443368,-0.90849830896784433687,-1.46031930112334729088,-2.02958660177280902914
1.01616361013548806014,0.55292318100124304703,0.05409855187997511528,-0.48242829072481113739,-1.05755304136265526616,-1.66720651663015728694,-2.30242726720916657257,-2.95727982276744505441
0.79813065131927085627,0.24333177479374565322,-0.35473391979125612483,-0.99830842596220459306,-1.68819955576833802269,-2.41935159290105472607,-3.18098278099384312867,-3.96585377017414986156
0.56429981871078638278,-0.08371119028697075748,-0.78218523046295285184,-1.53359654279611934413,-2.33878953822768220761,-3.19193107747593485257,-4.08068250485215866519,-4.99669714907621997924
0.22368073514119246603,-0.47993659642858316206,-1.23803917634123794578,-2.05333859181506284131,-2.92681369698032511906,-3.85235081584326755078,-4.81691395317945136867,-5.81166783799490627160
-0.28968657657043916931,-0.98353153253335867667,-1.73115693511190604781,-2.53534539103795664161,-3.39718140043424110530,-4.31081038716796083321,-5.26358946830034479802,-6.24696257441474500638
-0.80063133053690160867,-1.42621294529786024619,-2.10096578976719206011,-2.82749191083367445998,-3.60684545616964857828,-4.43375797418355865886,-5.29677684307778484651,-6.18816909595671837963
-0.73718958391700173394,-1.28639194393749156653,-1.87978211105540138348,-2.51969006714179855067,-3.20705585473015553077,-3.93713539171159121466,-4.69964072908644503457,-5.48763654610299589365
0.38237968288718715559,-0.14003346105329356197,-0.70510466006641847603,-1.31506140304828367249,-1.97078613778091016329,-2.66765450646039647964,-3.39568352560929254125,-4.14814965795646539704
2.37507765648280688708,1.81584094207025703582,1.21118435469384100323,0.55870830330681109377,-0.14254945123103948679,-0.88767011326953626504,-1.66600517517716273375,-2.47038950686242886334
4.32561437240722757025,3.70340966718722919282,3.03152093381156406693,2.30719693066325781672,1.52926686935129940714,0.70300872501890587785,-0.15998731246060463040,-1.05194398017588119920
5.19949755528881407685,4.54212554109033472827,3.83323890201916528397,3.06978391604533129566,2.25035882781296336930,1.38027566039560145583,0.47145977848263764809,-0.46812585815079649221
4.54990484671440320597,3.91789403128521529496,3.23733188697186990979,2.50512019863797075203,1.71973704906971192052,0.88603788173916209203,0.01520397825674667421,-0.88534610306699390581
2.60000302137086203302,2.05491703855222906938,1.46908518659507292270,0.83967238956003142913,0.16519812198956271287,-0.55036885183823736067,-1.29760805288456149142,-2.07032586992812639437
-0.05759449286733320239,-0.47655082584633406961,-0.92543636917276494991,-1.40659536734095769184,-1.92132672362924927789,-2.46675788409992291506,-3.03579237333064932969,-3.62383410687014295704
-2.91652361900115320026,-3.20378956758735489174,-3.50974733021804441435,-3.83617441897617572621,-4.18411573749562037960,-4.55173095102813274337,-4.93420074523072305084,-5.32849143193083474301
-5.68476777190977777821,-5.86786464501857718545,-6.06044616784497502948,-6.26380812039847878481,-6.47875129462518817292,-6.70416847735021192989,-6.93691866888922259449,-7.17512836125158859346
-7.94593049042185128883,-8.08143524280320946218,-8.22173490590053823723,-8.36784777663193324315,-8.52039733433751500513,-8.67851015344170839683,-8.83967618758682682767,-9.00246512422217648464
-9.21295276896522175036,-9.37354479963448738999,-9.54038629491028444818,-9.71450582337845780501,-9.89647032997874021021,-10.08507217073328909862,-10.27719975759250559122,-10.47101182347276626672
-9.26032784089583671516,-9.50250454366436692055,-9.75745254890900959310,-10.02647068170595723302,-10.31020508412770197992,-10.60673779116800830025,-10.91148583509846758943,-11.22158965371808214684
-8.30294046922736939109,-8.63715388632795999513,-8.99201347243840487522,-9.36917448231534066849,-9.76943249276092018363,-10.19016335515178361959,-10.62525518459277762418,-11.07078117617770907088
-7.01009529813790255304,-7.40081122506614264012,-7.81735443869840196385,-8.26162173942877764432,-8.73453026363199214188,-9.23308001817392565158,-9.75030805592069604870,-10.28168336547956940308
-6.13110312283459268912,-6.52632907486531088637,-6.94825827096984127706,-7.39880598777309561598,-7.87890500770432300470,-8.38555388988768335423,-8.91178069196161537491,-9.45303074497032902457
-6.04189244662056967883,-6.41157072973325092846,-6.80624373705680341118,-7.22768846592562130837,-7.67675620418544202295,-8.15058917985104613990,-8.64259031745610784014,-9.14844989590777579735
-6.57021565284771469351,-6.92187354059963411146,-7.29723923923402217895,-7.69797692265128929989,-8.12485485188866185524,-8.57504805355978660941,-9.04211494692024153608,-9.52185146510087321303
-7.13885008976668000713,-7.49539396605570384935,-7.87604721957495890194,-8.28248689465778653584,-8.71547062093350710654,-9.17206537845404312748,-9.64562880752075990642,-10.13182808186507877224
-7.22718775128448776002,-7.59343674844455218675,-7.98448301302225882381,-8.40207800313321051533,-8.84703201664474825350,-9.31638038820247516014,-9.80336006149685346145,-10.30356365548568753354
-6.78773123106325648735,-7.14212152678955547458,-7.52020526632843200332,-7.92373974294702065890,-8.35358756435400628959,-8.80703469605963995548,-9.27774970555952727125,-9.76161865816964180453
-6.29005732429725838983,-6.60735380379421410879,-6.94520875984980534668,-7.30528200373087788222,-7.68845166672019963983,-8.09249026100635404646,-8.51199905514929078265,-8.94349411248230907745
-6.33697153133929891311,-6.61396317903502328761,-6.90811555092231621700,-7.22098046575703733652,-7.55344092796378330235,-7.90374490251839922905,-8.26741502364787628210,-8.64159669512985040285
-6.99140767771742499548,-7.25216761661702147279,-7.52862477247496109101,-7.82231924601483452619,-8.13416470781080747088,-8.46262105922160756677,-8.80358827874721150408,-9.15448045109645036632
-7.47400041683175153651,-7.75878143050706992057,-8.06102174985869268653,-8.38241218809285904001,-8.72395327688988864168,-9.08393739871062955160,-9.45783891328381365327,-9.84280117344035687665
-6.90246605379368727284,-7.24086043698795300827,-7.60080908646426411934,-7.98428959666435034137,-8.39245047926014287043,-8.82317265129576178140,-9.27096097196000812346,-9.73232472090603906167
-5.31879689222043783303,-5.70140647661260491219,-6.10891594459713083154,-6.54356085065405679302,-7.00663240154549882277,-7.49569214245424131349,-8.00446105005218910833,-8.52894180332964246816
-3.70497030764313306506,-4.08446161223853820843,-4.48845495238603309218,-4.91921995358985153501,-5.37808465712986460971,-5.86266505873746623934,-6.36674460960941512866,-6.88638502412487074622
-3.05444044876956555257,-3.37179114002337865230,-3.70864637144281994452,-4.06698555381435511435,-4.44799715390065220078,-4.84977073885607090631,-5.26716578605819574221,-5.69696876216040859475
-3.31269913560312101453,-3.53332448011614941308,-3.76597501006207124874,-4.01210163061378555227,-4.27260100740433479416,-4.54622319020114584731,-4.82944040954213793526,-5.12010120959265258023
-3.37598032550461324419,-3.51911741736968108896,-3.66866906816043814032,-3.82560253437275665789,-3.99051779531977190985,-4.16260967182524765917,-4.33955332000958549088,-4.51996932851944777099
-2.38849978402815166234,-2.52084905905537892679,-2.65956137379684243172,-2.80543307251668050384,-2.95891137596009690114,-3.11909025270779816097,-3.28362903414644069500,-3.45110089884717163855
-0.51037539478209414945,-0.70604306386014337171,-0.91398919053626892506,-1.13519741673910634638,-1.37013320300614127589,-1.61719913192761444165,-1.87269924991768088596,-2.13426524784693327774
1.47464961959805429537,1.17371543392860666621,0.85135028664650902464,0.50618699634353891970,0.13764843151627800810,-0.25165259911925041969,-0.65592824223604173639,-1.07137645960810390378
2.83970619867330187347,2.43605637730185442535,2.00209175820863283235,1.53609522148907351458,1.03739687700622784661,0.50958555515557923954,-0.03955661542693100080,-0.60485011577370473290
3.60883537382358632328,3.13957378066573955522,2.63391926450685787131,2.08999953338829191907,1.50714450758132056940,0.88959929187343400603,0.24641032370427565223,-0.41633956722676895845
4.60596313011111746505,4.12115667053113465812,3.59757881622902875307,3.03341699093641015139,2.42808535826420834880,1.78603958370924131849,1.11662141511455592635,0.42617421633666335845
6.51334004962794832494,6.04669088936142973267,5.54143948343578429672,4.99594752229915961550,4.40974331900853044885,3.78717529511177453116,3.13722455971281322107,2.46604996338891302443
8.91445345291800350651,8.46847372545178345149,7.98454689084831681356,7.46119268879423813701,6.89803427301138150085,6.29927491418359952746,5.67348805045136383995,5.02660217087798866231
10.38413549891127019009,9.93957393702080693743,9.45695039212974464249,8.93483157401266936404,8.37287669418386393261,7.77528740329874157311,7.15058908290486883175,6.50469676227049298234
9.79671490497337948966,9.33442118422647126863,8.83334938635111299732,8.29197802716027787540,7.70991873477798161929,7.09148255103043378966,6.44547309074897967207,5.77797820903927217273
7.56029541532948989868,7.07902688249662226383,6.55865377274199889968,5.99748934369814623579,5.39502763626414516551,4.75563475388973344593,4.08837290841211409287,3.39946116156181954437
5.28396557897035190621,4.80155176012513784656,4.28094868143101958680,3.72033805634580128086,3.11908917456109824329,2.48144629602159172421,1.81638984981584394873,1.13003287147628594944
4.34327604054882243645,3.88656779404446206527,3.39418470660750504209,2.86431379403445962595,2.29627214869098361660,1.69400040311686339578,1.06595305744745316723,0.41785177623884922626
4.92071835735246043697,4.50387922351587288716,4.05447463040774991327,3.57080934490060331044,3.05222729194349584603,2.50231963136368440459,1.92882911774140852756,1.33698151970212109063
6.11035398131679396982,5.72462206470610013298,5.30847573431512742559,4.86032427883367645904,4.37954634016299149124,3.86948343151409845930,3.33734781998310436890,2.78800274789950686127
6.75115742341673730209,6.39235385717031512343,6.00499406454966955238,5.58756918787336243071,5.13947831229143847764,4.66383239287194317768,4.16736655102772957093,3.65461713272383237339
6.37156634683070866032,6.05796054247505999513,5.71927547950390380294,5.35416415051056215901,4.96207929823565763172,4.54574159449322490190,4.11106367161392238785,3.66201995607188557358
5.45077556836356347247,5.20233394086577138893,4.93411823991590647864,4.64504257004440557211,4.33466023151718715667,4.00513313432771056455,3.66117520720827860359,3.30594506036773649882
4.81046071855144496965,4.61906079648643075330,4.41278763159514753056,4.19079171366920011366,3.95271943605886200146,3.70023524273707993260,3.43698635030078358810,3.16540371761454686350
4.84813988477700963386,4.66398110608453819736,4.46594322147643740806,4.25320770802259051635,4.02542958214089807711,3.78418567018991280904,3.53294988514068597496,3.27403067360865307478
5.26558801391435782335,5.02422695485368553392,4.76473474066462987508,4.48605508509550432450,4.18773902295367772552,3.87180328096135051297,3.54269898851704434506,3.20339510122657911140
5.44768096194630135898,5.11653252623612786465,4.76027953633029454750,4.37749444065071457999,3.96757085388143737603,3.53324119188628360533,3.08052827607766932516,2.61346721286842287313
5.18791597449450403445,4.78268554035171433725,4.34653594878265714385,3.87775379316859591938,3.37562396292054511804,2.84349620870187447252,2.28871831444757267704,1.71622911165381286658
4.98117138179976581824,4.54902764378189328198,4.08380865087662492385,3.58374135959319062295,3.04811397907037129329,2.48054280764689805139,1.88889161885216005921,1.27846212827578709081
5.45149177724474309770,5.03614914274364622315,4.58892169432886909419,4.10815549871183272046,3.59321515781942579792,3.04762542584038875759,2.47898478538527067272,1.89242971930499903621
6.55516191758010879909,6.16643018779563689691,5.74763172399604371776,5.29722114319903436552,4.81460253602841792286,4.30306065083824140771,3.76967601072681368635,3.21924325091515539654
7.55816723634217879635,7.16478168851990204757,6.74068116861685862062,6.28423092788160797539,5.79474811468684869453,5.27543594834029772045,4.73330434303945590813,4.17309869627136365011
7.81280459559095685762,7.36428033555867411764,6.88066508194997172865,6.35997647119389242221,5.80130785797351666844,5.20813226205615631415,4.58822969808966085736,3.94685147531132463072
7.38253286815532216991,6.85558126677257906323,6.28748558417932468245,5.67583369312310281884,5.01947205141566499265,4.32236152374840187917,3.59350678367922782286,2.83897065346247590156
6.87822310495531219487,6.29987795791352400698,5.67627359530863717652,5.00477165102651877504,4.28411397138026561748,3.51865324149813796240,2.71827237803440002750,1.88963041878485960012
6.74801416321394942344,6.17620127204757629613,5.55924644580987514786,4.89463430011448696888,4.18121283971035762050,3.42338690525061295489,2.63101734932008080037,1.81077716052459569696
6.83592715909320869372,6.32543792718342690051,5.77414247879716846512,5.17992658792754490094,4.54188756182752229051,3.86408017619844157409,3.15539858276001838888,2.42190382445919416554
6.59856434366763533461,6.16134470457055183346,5.68907560711990001323,5.18002238356778388351,4.63347780932371655638,4.05294789771985008997,3.44603953237741711391,2.81796231775312611134
5.61056078345838926680,5.21066900110468367302,4.77953343072793579438,4.31547021242856931877,3.81772468451888080665,3.28933282751940048172,2.73705055267442265432,2.16547708774097102946
4.04890242387172261118,3.64576641012263769071,3.21259671438629901274,2.74745409213614699695,2.24933000126512938621,1.72097009960391233996,1.16886804150930245783,0.59736945582586720160
2.70788575448649737609,2.28927104916911483556,1.84078251128070013998,1.36021170489876075393,0.84631461425416043554,0.30170162347910739475,-0.26711443599392886705,-0.85584340669553549130
2.38373993677337869812,1.96971136627241594219,1.52679464797815644950,1.05277887270107051165,0.54640703596508044537,0.01022421830287200024,-0.54935822083359697743,-1.12813710137292844138
3.25508093806610565579,2.87092367227040323741,2.45986506694770712400,2.01997454873761350669,1.55020955961582496130,1.05308134189379432044,0.53469428089149328986,-0.00092171385434315102
4.63385681498308521498,4.27263103872505212166,3.88527964186114926903,3.47017014934295531248,3.02651180715031875579,2.55691197758830401909,2.06736888175899569120,1.56189679642304790619
5.39232288358571398845,5.02113228552880119793,4.62185967553316245926,4.19296541584194759622,3.73378406806335583212,3.24720877830652199236,2.73963784956812439475,2.21540266125429941013
5.02923651109164548956,4.61732283813968535924,4.17328140301769057174,3.69544988383228201201,3.18314471268459620035,2.63968278842425752018,2.07229504948672760278,1.48589990231793467323
4.13348217212069179993,3.67838684002531923767,3.18745712818948279121,2.65887499428659790368,2.09190757883363298575,1.49026355303007140840,0.86198759110227474167,0.21255945662485814518
3.58395159627297843485,3.12804923184313921070,2.63635376362103857062,2.10711369684420413151,1.53966164755409051779,0.93777368156264662158,0.30955589941900640838,-0.33945586067731181590
3.60120542613957228539,3.19119905548148707908,2.74927185953965569354,2.27395789694231265088,1.76475878221832904735,1.22515035781471048892,0.66247122188678442267,0.08175528249533806080
3.76646220600481873575,3.39979729093113691718,3.00474306103709620785,2.58005276535682659400,2.12533723015752151753,1.64373471372671220436,1.14180627494040143333,0.62406835306478891656
3.70092030755538381470,3.32353420611425276476,2.91684539304263035220,2.47949168539590081295,2.01098782276990073470,1.51444799549905528835,0.99648926070740484473,0.46165816575761770002
3.46910604317093484994,3.00686565295215491034,2.50849877229372797416,1.97212973466877361517,1.39695478665344707814,0.78655057890983848257,0.14878221372635053177,-0.51097970874376963391
3.35126485028073606287,2.76377747194326728319,2.13008246482782892528,1.44761773396259019187,0.71518350333254732121,-0.06286845645266191107,-0.87673114242797955953,-1.71973723070688988557
3.41099766969885687118,2.72208467626719752275,1.97872788425111867383,1.17783723980563181932,0.31791673944716858369,-0.59604003058964305506,-1.55265460712123126719,-2.54420034789470372871
3.40387721708306667523,2.67345615294899463521,1.88510489869223163417,1.03552801731949850605,0.12311139743958868231,-0.84691415473658759883,-1.86258347268992885404,-2.91576403179328158544
3.00027086469027670645,2.28260832892054388310,1.50793686057278342183,0.67303715979320388740,-0.22366889839424106134,-1.17707516061704020593,-2.17550232966674750301,-3.21099785578411145437
2.05890280993146879140,1.37658141435052328028,0.64028715007437742024,-0.15302647491267309943,-1.00485088052406368320,-1.91034477201808750024,-2.85843654973521177354,-3.84158521715468825874
0.78545950463935199082,0.13719421589586716648,-0.56185579144115904704,-1.31460490584765055111,-2.12248405581942467535,-2.98089026468172768602,-3.87927261898145703256,-4.81046428706478668147
-0.29994399742739313863,-0.90426515908760163320,-1.55542537047650997195,-2.25618376929291297728,-3.00790624955961094500,-3.80630149835636855116,-4.64148710578326806342,-5.50677794252189833912
-0.60806271101471409679,-1.13795034653380255918,-1.70850476701485298747,-2.32216608750577702125,-2.98015079635938340274,-3.67871388889747752415,-4.40919627656851353947,-5.16575476040272985045
-0.07361891188823885268,-0.50562799286420101463,-0.97049827026833046517,-1.47016176632220441078,-2.00556646615046929583,-2.57366878866401016523,-3.16747235449530828433,-3.78223993473647368546
0.58956952140621521341,0.24203274576246569527,-0.13165585694606479761,-0.53289541380633176360,-0.96232136089407160906,-1.41745997270126933287,-1.89277156040152627625,-2.38445753305035301750
0.56298451595488396837,0.25022148358201223850,-0.08579576970537240721,-0.44613580582783535222,-0.83120818986027011910,-1.23872367606480793256,-1.66375035550126315620,-2.10285067442703432761
-0.44604862094678976447,-0.78326139104788994327,-1.14551142014498896771,-1.53384260451634935052,-1.94859649075087104642,-2.38722705219489217399,-2.84437498045747849673,-3.31627782370669965673
-2.07500679813571009547,-2.47100095447137224625,-2.89663807262916739305,-3.35314398277934122561,-3.84090504486802997164,-4.35685323248286149322,-4.89456087720629184901,-5.44952519687306402574
-3.56191041666106444907,-3.99731316636650424456,-4.46556393830704845271,-4.96802042371865493209,-5.50509613148794674231,-6.07331739009872162427,-6.66543501787908354572,-7.27638812184318251042
-4.34343271987961099256,-4.76146289470744221717,-5.21114717171959629383,-5.69376201290093142404,-6.20965994153016076496,-6.75538565381183353509,-7.32379273356017357344,-7.90990148038063267677
-4.29408581538566469504,-4.65387033025806395869,-5.04083510454315497640,-5.45604682704754218037,-5.89976484823141422709,-6.36891891289143430299,-6.85721531945878215453,-7.36027559037782364015
-3.68782741125914315106,-3.99496235117875198029,-4.32513349645906242102,-4.67925699998131516821,-5.05755550877724857628,-5.45739423349511998396,-5.87336830298148804275,-6.30172622752811317781
-3.00065259646131776705,-3.29951018036135979017,-3.62073856668879878740,-3.96530308141909326736,-4.33349919421087115268,-4.72287067184584508084,-5.12828191586703585614,-5.54617850917324961557
-2.44779341226644087115,-2.78857275420091887952,-3.15506975920092980203,-3.54851509435851175667,-3.96938506282870262609,-4.41506840500507102831,-4.87993196960043285060,-5.36008853744642976835
-1.94992879396528984159,-2.35734833806963450797,-2.79584969212190337373,-3.26703306826035255739,-3.77160489107020024946,-4.30662325830820158501,-4.86556249410376295828,-5.44392982773863565171
-1.37530825805034218057,-1.84298163063272713025,-2.34675282522939454566,-2.88855190653215965213,-3.46928516523905861035,-4.08568518454846874022,-4.73037894565266814340,-5.39829745684923612004
-0.70667963143489753719,-1.21203257367531813671,-1.75689745378727280034,-2.34342513795805507115,-2.97265308245943504772,-3.64108068535150497524,-4.34074439673209333534,-5.06617738262600258992
-0.06579203317904273873,-0.59119904125256594885,-1.15806037501191894101,-1.76867924099240392266,-2.42418427578073014672,-3.12091919344651458346,-3.85052143850472639031,-4.60727004786781080270
0.46002569420418104595,-0.07953356315525882125,-0.66165002188301391683,-1.28877981392790030846,-1.96215110603996190086,-2.67799870823218411076,-3.42763527537181778015,-4.20515429347992775178
0.76201630662511998793,0.21678329153386982631,-0.37109180276403286314,-1.00418416253178710562,-1.68381255332153356719,-2.40619997899282545006,-3.16252780849670056540,-3.94683942130959275474
0.81368740332412081706,0.29171222749850900247,-0.27071713400732111410,-0.87609766487130413815,-1.52572048964188655695,-2.21599331738695637384,-2.93848104267503940079,-3.68750287925814657086
0.91883715755318184915,0.46321796721009311781,-0.02766770429984154525,-0.55593821418285549463,-1.12266664432093721260,-1.72468735964192343424,-2.35463822917676202096,-3.00754378582835757427
1.46596083455739312207,1.09257152260533851873,0.68989902075625164635,0.25634638833350764653,-0.20883925592917035319,-0.70296958102724160788,-1.21997515785416887901,-1.75570755964066593791
2.57324935275984367777,2.23525113957408949616,1.87006898404221155729,1.47642259294376354539,1.05378822688760820370,0.60475171118194193109,0.13491797617138270859,-0.35182848429378121846
3.86906202531785803345,3.47518845682864707669,3.04913518205556632878,2.58947219476969658913,2.09566137027649102009,1.57084288398446991764,1.02170898980926883048,0.45291059437954356293
4.65963385318368938925,4.14252710666537371509,3.58316881450310997792,2.97960764949096246212,2.33108346329313276257,1.64174082221368000667,0.92047027542894521712,0.17341766710772138493
4.58088952862360709872,3.95835777751442918770,3.28511098710207383178,2.55872364634065041500,1.77821586169215484219,0.94855016930683422327,0.08045242969116089826,-0.81869107354278591870
3.91768714799173434216,3.28144460377205771096,2.59340107258860497197,1.85105312051423998021,1.05337180011705333627,0.20538613181645132277,-0.68199514803480287828,-1.60126255933479577642
3.34726787027213168457,2.79483894374880659228,2.19737026935795221050,1.55269725565874550099,0.85992265694816105714,0.12335755317815502718,-0.64763349866702291102,-1.44658950207454739534
3.48504418221540435141,3.05853079027598839801,2.59720782917867998307,2.09941239913403343564,1.56444687487727440711,0.99558159804706558571,0.39993592879491235426,-0.21756395613959472746
4.48129773765679306763,4.13915709433228951042,3.76930718244286433460,3.37036151012488005563,2.94170430501929036637,2.48587996206401795618,2.00851019135446584585,1.51347364679978446667
6.00036552049268223641,5.66852375436655364638,5.31038516621050327160,4.92447004522975895213,4.51005551137660898320,4.06950143505670691724,3.60819933537958359437,3.12982241520457415973
