,EEG.F3,EEG.F4,EEG.FC5,EEG.FC6,EEG.P7,EEG.P8,EEG.T7,EEG.T8
0,4177.179688,4511.538574,4183.077148,4439.102539,4460.641113,4357.692383,4382.563965,4304.743652
1,4171.922852,4512.436035,4185.000000,4443.333496,4460.128418,4358.589844,4381.794922,4309.487305
2,4170.384766,4511.282227,4187.179688,4447.051270,4459.358887,4358.077148,4380.769043,4312.179688
3,4173.589844,4509.871582,4187.948730,4450.384766,4458.974121,4356.794922,4380.641113,4312.436035
4,4179.743652,4510.128418,4186.666504,4453.717773,4459.487305,4356.282227,4381.666504,4312.051270
5,4185.256348,4513.461426,4185.128418,4457.051270,4460.769043,4357.307617,4382.820313,4313.077148
6,4187.179688,4518.846191,4184.615234,4459.871582,4461.666504,4359.615234,4383.461426,4316.025879
7,4185.769043,4523.974121,4185.384766,4461.794922,4461.666504,4362.051270,4382.948730,4320.384766
8,4183.974121,4527.436035,4186.794922,4463.846191,4460.897461,4363.974121,4381.410156,4324.487305
9,4185.256348,4529.358887,4187.692383,4467.179688,4460.384766,4365.384766,4379.615234,4327.179688
10,4190.256348,4530.384766,4187.563965,4472.179688,4460.512695,4367.051270,4378.717773,4327.820313
11,4196.153809,4530.897461,4186.922852,4477.051270,4461.153809,4368.974121,4379.230957,4327.179688
12,4200.128418,4530.897461,4186.666504,4479.487305,4461.666504,4370.384766,4380.128418,4326.666504
13,4201.538574,4530.769043,4187.692383,4478.717773,4461.538574,4370.641113,4380.384766,4326.538574
14,4202.436035,4530.897461,4189.358887,4475.897461,4460.897461,4369.487305,4380.000000,4325.897461
15,4205.128418,4531.153809,4190.512695,4473.333496,4459.871582,4367.436035,4379.615234,4323.589844
16,4209.615234,4531.282227,4190.769043,4471.922852,4458.974121,4365.641113,4379.487305,4319.358887
17,4213.846191,4531.538574,4190.769043,4471.666504,4458.846191,4364.358887,4379.615234,4314.615234
18,4216.153809,4532.563965,4191.538574,4472.307617,4459.615234,4363.846191,4379.743652,4311.922852
19,4216.666504,4535.256348,4192.563965,4473.846191,4460.641113,4364.358887,4379.743652,4312.563965
20,4216.794922,4539.871582,4193.461426,4476.666504,4461.282227,4366.282227,4379.743652,4316.410156
21,4217.820313,4545.000000,4194.230957,4480.128418,4461.025879,4369.358887,4379.615234,4321.538574
22,4219.487305,4548.974121,4194.358887,4483.077148,4460.128418,4372.563965,4379.871582,4325.512695
23,4220.512695,4550.128418,4193.589844,4484.487305,4458.974121,4374.487305,4380.000000,4327.179688
24,4220.128418,4548.333496,4192.563965,4484.871582,4458.077148,4374.487305,4379.871582,4326.538574
25,4218.205078,4545.128418,4192.692383,4485.512695,4458.077148,4373.717773,4379.615234,4324.743652
26,4216.153809,4542.692383,4194.230957,4487.436035,4459.102539,4373.461426,4379.487305,4322.948730
27,4215.128418,4543.205078,4196.410156,4490.512695,4461.025879,4375.000000,4379.743652,4322.692383
28,4215.641113,4545.897461,4197.179688,4493.461426,4462.436035,4378.077148,4380.128418,4324.487305
29,4217.307617,4548.717773,4196.282227,4494.743652,4462.436035,4380.897461,4380.641113,4327.563965
30,4219.487305,4549.102539,4194.487305,4493.589844,4461.153809,4381.538574,4381.153809,4329.615234
31,4221.153809,4546.410156,4193.205078,4490.769043,4459.487305,4379.230957,4381.538574,4328.461426
32,4221.794922,4542.051270,4193.205078,4488.333496,4458.589844,4374.871582,4381.794922,4323.846191
33,4221.666504,4538.717773,4194.230957,4487.820313,4458.717773,4370.897461,4382.051270,4317.820313
34,4222.051270,4538.077148,4195.897461,4488.974121,4459.743652,4369.102539,4382.307617,4313.846191
35,4222.948730,4540.000000,4197.436035,4489.871582,4461.025879,4369.358887,4382.179688,4314.230957
36,4224.615234,4543.461426,4198.205078,4489.743652,4461.922852,4370.384766,4381.538574,4318.589844
37,4226.794922,4546.922852,4197.563965,4489.615234,4462.051270,4370.769043,4380.641113,4324.230957
38,4229.358887,4549.358887,4195.128418,4491.666504,4461.153809,4370.641113,4380.769043,4328.333496
39,4231.153809,4549.871582,4191.922852,4495.641113,4459.871582,4371.153809,4381.666504,4329.358887
40,4230.384766,4548.333496,4190.256348,4499.615234,4458.846191,4372.436035,4382.307617,4327.820313
41,4226.666504,4545.384766,4191.666504,4500.897461,4458.846191,4373.717773,4381.410156,4325.769043
42,4222.563965,4542.692383,4195.384766,4499.487305,4459.743652,4373.846191,4379.230957,4325.000000
43,4221.666504,4542.436035,4199.358887,4497.307617,4460.897461,4372.563965,4377.179688,4325.769043
44,4225.256348,4545.512695,4201.666504,4496.410156,4461.666504,4370.897461,4376.282227,4326.666504
45,4231.410156,4550.128418,4201.410156,4498.077148,4461.410156,4370.000000,4377.051270,4326.282227
46,4236.538574,4554.102539,4198.717773,4501.282227,4460.384766,4370.256348,4379.358887,4324.487305
47,4238.333496,4555.769043,4195.000000,4504.358887,4459.615234,4371.153809,4382.179688,4322.692383
48,4236.666504,4554.615234,4192.692383,4505.384766,4459.487305,4371.922852,4383.974121,4322.307617
49,4232.820313,4550.897461,4193.077148,4503.717773,4460.000000,4372.436035,4383.717773,4323.077148
50,4228.589844,4545.512695,4195.769043,4500.897461,4460.512695,4372.563965,4381.666504,4323.846191
51,4225.384766,4540.256348,4198.974121,4498.974121,4460.256348,4372.436035,4378.974121,4323.717773
52,4223.846191,4536.794922,4200.769043,4499.230957,4459.230957,4372.436035,4377.307617,4322.692383
53,4223.846191,4536.025879,4200.256348,4500.769043,4457.948730,4372.692383,4377.692383,4321.794922
54,4225.128418,4537.563965,4198.077148,4502.307617,4457.436035,4372.820313,4379.743652,4321.794922
55,4227.436035,4541.025879,4195.897461,4503.846191,4458.077148,4372.948730,4382.307617,4322.948730
56,4230.000000,4545.384766,4195.256348,4506.282227,4459.358887,4372.692383,4383.974121,4324.871582
57,4232.179688,4549.487305,4195.897461,4509.230957,4460.384766,4372.179688,4383.717773,4325.512695
58,4232.307617,4550.897461,4196.666504,4510.384766,4460.384766,4371.153809,4381.538574,4323.077148
59,4229.615234,4548.589844,4195.641113,4507.820313,4459.487305,4369.487305,4378.846191,4317.307617
60,4225.384766,4544.358887,4193.205078,4501.794922,4458.077148,4367.179688,4377.436035,4310.897461
61,4222.179688,4541.282227,4191.538574,4496.153809,4457.179688,4365.256348,4378.589844,4307.307617
62,4222.692383,4541.538574,4192.692383,4494.487305,4457.179688,4364.743652,4381.153809,4308.333496
63,4227.436035,4544.230957,4196.794922,4497.307617,4458.077148,4366.153809,4383.333496,4312.179688
64,4233.974121,4546.794922,4201.538574,4502.051270,4459.358887,4368.333496,4383.589844,4315.897461
65,4238.974121,4546.922852,4203.717773,4505.512695,4460.641113,4370.000000,4382.436035,4317.436035
66,4240.256348,4545.000000,4202.307617,4506.410156,4461.538574,4370.256348,4381.153809,4316.666504
67,4238.461426,4542.948730,4199.102539,4505.641113,4461.538574,4369.615234,4380.769043,4315.512695
68,4236.025879,4542.692383,4197.563965,4504.871582,4461.153809,4369.487305,4381.025879,4315.897461
69,4235.512695,4545.000000,4198.974121,4505.384766,4460.512695,4370.512695,4381.538574,4317.948730
70,4237.179688,4548.077148,4202.051270,4506.538574,4459.743652,4371.922852,4381.538574,4320.641113
71,4239.102539,4549.743652,4203.205078,4506.794922,4459.358887,4372.307617,4381.410156,4321.410156
72,4239.102539,4549.102539,4200.384766,4505.384766,4459.487305,4371.025879,4381.153809,4319.615234
73,4238.333496,4548.461426,4195.000000,4504.487305,4460.512695,4369.358887,4381.153809,4317.307617
74,4238.974121,4550.512695,4191.410156,4507.692383,4462.307617,4369.230957,4381.794922,4318.205078
75,4242.051270,4555.512695,4192.307617,4515.641113,4463.717773,4371.410156,4382.436035,4323.077148
76,4245.384766,4559.871582,4196.538574,4524.358887,4463.846191,4374.615234,4382.563965,4328.846191
77,4245.769043,4559.615234,4200.641113,4527.436035,4462.051270,4376.025879,4381.922852,4330.897461
78,4241.666504,4554.102539,4201.794922,4522.436035,4459.615234,4374.487305,4381.025879,4326.922852
79,4235.000000,4546.153809,4200.000000,4513.205078,4457.948730,4370.641113,4380.641113,4319.230957
80,4229.102539,4540.384766,4197.948730,4506.538574,4457.820313,4367.436035,4380.897461,4312.820313
81,4226.538574,4539.358887,4197.820313,4506.666504,4458.974121,4367.179688,4381.666504,4311.410156
82,4228.077148,4542.820313,4199.615234,4512.948730,4460.512695,4370.000000,4382.436035,4314.487305
83,4231.794922,4547.436035,4201.025879,4520.256348,4461.282227,4373.717773,4382.820313,4318.974121
84,4234.615234,4549.743652,4199.871582,4524.102539,4460.641113,4375.512695,4382.692383,4321.410156
85,4234.358887,4548.205078,4196.922852,4523.077148,4459.487305,4374.230957,4382.179688,4320.641113
86,4231.666504,4544.358887,4194.230957,4519.743652,4458.589844,4371.794922,4381.666504,4318.461426
87,4229.358887,4541.410156,4193.461426,4517.948730,4458.717773,4371.025879,4381.538574,4317.948730
88,4229.230957,4541.922852,4194.230957,4520.000000,4459.743652,4373.333496,4381.922852,4320.641113
89,4230.641113,4546.025879,4195.000000,4524.358887,4460.641113,4377.820313,4382.692383,4324.743652
90,4232.179688,4551.282227,4194.615234,4527.820313,4460.769043,4382.051270,4382.820313,4327.692383
91,4233.077148,4555.128418,4193.717773,4528.333496,4460.000000,4384.230957,4382.436035,4328.077148
92,4233.717773,4556.538574,4193.589844,4526.666504,4459.102539,4384.102539,4381.794922,4326.794922
93,4234.743652,4555.897461,4195.000000,4524.871582,4458.589844,4382.307617,4381.666504,4325.512695
94,4236.025879,4553.974121,4197.436035,4523.974121,4458.717773,4379.871582,4382.307617,4324.358887
95,4236.666504,4551.538574,4199.358887,4523.461426,4459.743652,4377.436035,4383.461426,4322.179688
96,4236.282227,4548.974121,4199.358887,4522.179688,4461.025879,4375.128418,4384.487305,4317.692383
97,4235.641113,4547.436035,4198.205078,4520.384766,4461.794922,4373.461426,4384.615234,4312.436035
98,4236.282227,4547.692383,4197.820313,4519.358887,4461.538574,4372.820313,4383.589844,4309.615234
99,4239.230957,4550.256348,4198.974121,4520.128418,4460.128418,4372.948730,4382.179688,4311.666504
100,4243.589844,4554.615234,4200.128418,4522.436035,4458.589844,4373.205078,4381.410156,4317.179688
101,4247.563965,4559.102539,4199.743652,4525.000000,4457.692383,4373.077148,4381.538574,4322.436035
102,4248.717773,4562.179688,4197.692383,4526.153809,4457.948730,4372.436035,4382.436035,4323.974121
103,4246.538574,4562.820313,4195.000000,4525.128418,4458.974121,4372.179688,4383.589844,4320.897461
104,4241.922852,4561.153809,4193.461426,4523.077148,4460.128418,4372.820313,4384.230957,4316.410156
105,4236.922852,4558.205078,4193.589844,4521.922852,4461.025879,4374.230957,4384.230957,4313.974121
106,4233.589844,4555.384766,4194.871582,4522.820313,4461.153809,4375.000000,4383.589844,4315.256348
107,4232.563965,4553.205078,4196.025879,4525.512695,4460.641113,4373.974121,4382.563965,4318.461426
108,4232.948730,4551.794922,4196.025879,4527.179688,4459.743652,4371.538574,4381.538574,4320.000000
109,4233.205078,4550.128418,4194.871582,4526.153809,4458.846191,4369.230957,4380.769043,4317.820313
110,4232.051270,4548.333496,4193.077148,4523.077148,4458.589844,4368.589844,4380.641113,4313.333496
111,4230.128418,4547.948730,4192.307617,4521.282227,4459.102539,4369.871582,4381.282227,4310.769043
112,4229.230957,4550.128418,4193.205078,4523.589844,4460.000000,4372.179688,4382.436035,4312.948730
113,4230.641113,4554.487305,4195.000000,4529.743652,4460.769043,4373.846191,4383.589844,4319.487305
114,4233.589844,4559.358887,4196.153809,4536.922852,4460.769043,4374.358887,4383.846191,4326.794922
115,4236.025879,4563.077148,4195.641113,4542.179688,4460.000000,4373.974121,4383.077148,4331.538574
116,4236.666504,4565.000000,4194.230957,4543.846191,4459.102539,4373.461426,4381.794922,4332.307617
117,4235.512695,4564.615234,4193.589844,4542.179688,4458.846191,4373.205078,4380.641113,4330.384766
118,4233.717773,4561.666504,4194.615234,4538.461426,4459.358887,4373.333496,4380.256348,4327.436035
119,4231.922852,4556.538574,4196.538574,4534.230957,4460.256348,4373.589844,4380.512695,4323.974121
120,4230.512695,4550.897461,4198.333496,4530.384766,4460.641113,4373.589844,4381.153809,4320.256348
121,4230.000000,4546.922852,4199.615234,4527.179688,4459.871582,4373.205078,4381.794922,4316.282227
122,4230.128418,4545.128418,4200.641113,4524.487305,4458.589844,4372.563965,4381.794922,4312.948730
123,4230.256348,4545.000000,4200.897461,4522.436035,4457.820313,4371.794922,4381.794922,4310.897461
124,4230.384766,4545.512695,4200.512695,4521.666504,4458.333496,4371.025879,4382.179688,4310.256348
125,4230.512695,4546.538574,4200.000000,4522.692383,4459.871582,4370.769043,4383.461426,4310.641113
126,4231.794922,4548.333496,4200.000000,4525.384766,4461.153809,4371.666504,4384.743652,4311.282227
127,4235.256348,4551.025879,4200.000000,4529.102539,4460.769043,4374.230957,4385.384766,4312.179688
128,4240.897461,4553.974121,4199.487305,4533.077148,4459.230957,4377.436035,4384.743652,4313.846191
129,4246.538574,4556.538574,4199.358887,4536.410156,4457.692383,4380.000000,4383.077148,4316.410156
130,4249.358887,4557.948730,4200.256348,4538.333496,4457.307617,4381.025879,4381.538574,4319.102539
131,4247.948730,4557.948730,4201.538574,4538.589844,4458.077148,4380.769043,4381.025879,4321.025879
132,4243.717773,4556.922852,4202.051270,4537.692383,4458.974121,4379.743652,4381.410156,4322.179688
133,4239.871582,4556.153809,4201.538574,4536.666504,4459.358887,4378.974121,4382.563965,4322.948730
134,4239.487305,4556.538574,4201.025879,4536.794922,4459.358887,4378.846191,4383.461426,4324.230957
135,4242.692383,4558.333496,4201.025879,4538.077148,4459.230957,4378.974121,4383.846191,4325.769043
136,4247.051270,4559.871582,4201.153809,4539.871582,4459.358887,4379.358887,4383.461426,4326.794922
137,4249.615234,4560.384766,4200.641113,4541.282227,4459.743652,4379.615234,4382.563965,4326.538574
138,4248.589844,4559.743652,4199.615234,4542.436035,4460.128418,4379.615234,4381.538574,4325.897461
139,4245.128418,4559.487305,4199.230957,4544.487305,4460.256348,4379.487305,4381.025879,4326.538574
140,4242.436035,4560.641113,4199.871582,4548.205078,4460.000000,4379.487305,4381.410156,4329.102539
141,4242.820313,4563.333496,4201.025879,4552.692383,4459.615234,4380.000000,4382.436035,4333.205078
142,4245.769043,4566.922852,4201.666504,4556.538574,4459.230957,4381.025879,4383.589844,4336.922852
143,4248.846191,4570.000000,4201.410156,4558.461426,4458.974121,4382.307617,4384.487305,4339.230957
144,4249.358887,4571.410156,4200.384766,4558.717773,4458.974121,4383.333496,4384.871582,4339.871582
145,4246.922852,4570.512695,4199.487305,4558.077148,4459.102539,4383.589844,4384.615234,4339.487305
146,4243.333496,4568.077148,4199.102539,4556.922852,4459.743652,4382.692383,4383.717773,4338.333496
147,4241.025879,4565.256348,4199.230957,4555.256348,4460.384766,4380.769043,4382.820313,4336.410156
148,4241.538574,4563.589844,4200.000000,4553.077148,4460.512695,4378.589844,4382.436035,4333.333496
149,4243.461426,4563.333496,4201.282227,4550.256348,4459.871582,4377.051270,4382.436035,4329.743652
150,4244.102539,4562.563965,4202.307617,4546.025879,4459.102539,4376.410156,4382.692383,4325.897461
151,4239.871582,4557.436035,4201.922852,4538.717773,4458.589844,4375.256348,4382.692383,4320.384766
152,4229.487305,4545.256348,4199.615234,4526.025879,4458.974121,4371.282227,4382.563965,4311.025879
153,4214.615234,4527.436035,4196.153809,4508.333496,4459.871582,4363.461426,4382.563965,4297.179688
154,4200.641113,4510.512695,4193.205078,4490.384766,4460.769043,4354.615234,4382.692383,4281.666504
155,4193.461426,4502.436035,4192.307617,4480.000000,4461.153809,4350.000000,4382.563965,4271.282227
156,4196.666504,4507.563965,4193.974121,4483.589844,4460.769043,4353.846191,4382.051270,4272.051270
157,4209.102539,4523.717773,4197.307617,4501.794922,4459.871582,4366.538574,4381.538574,4285.769043
158,4225.256348,4543.717773,4200.384766,4527.692383,4459.615234,4383.846191,4381.538574,4307.436035
159,4238.589844,4559.615234,4201.538574,4550.641113,4459.743652,4398.717773,4382.307617,4328.589844
160,4245.384766,4567.307617,4200.769043,4563.077148,4459.871582,4405.641113,4383.205078,4341.922852
161,4246.410156,4567.307617,4199.230957,4563.974121,4459.615234,4403.974121,4383.461426,4345.769043
162,4245.384766,4564.230957,4198.846191,4558.589844,4459.102539,4397.436035,4382.692383,4343.461426
163,4245.641113,4562.563965,4199.743652,4553.717773,4458.846191,4391.153809,4381.666504,4339.743652
164,4247.692383,4563.589844,4200.769043,4552.820313,4459.230957,4387.948730,4381.282227,4337.179688
165,4249.230957,4565.256348,4200.641113,4554.230957,4459.615234,4387.692383,4381.922852,4335.769043
166,4247.436035,4565.000000,4199.230957,4554.102539,4459.615234,4387.948730,4383.205078,4333.717773
167,4242.179688,4561.922852,4197.692383,4549.871582,4459.230957,4386.794922,4383.974121,4329.743652
168,4236.025879,4557.820313,4197.692383,4542.820313,4458.846191,4383.974121,4383.589844,4324.358887
169,4231.666504,4554.230957,4198.846191,4536.666504,4458.974121,4380.641113,4382.436035,4319.102539
170,4230.256348,4551.538574,4200.000000,4534.358887,4459.615234,4377.820313,4381.282227,4315.641113
171,4231.153809,4549.615234,4200.000000,4535.897461,4460.128418,4375.769043,4380.897461,4314.871582
172,4232.179688,4548.333496,4199.102539,4538.717773,4459.871582,4374.102539,4381.538574,4316.794922
173,4232.179688,4547.820313,4198.333496,4540.641113,4458.846191,4373.205078,4382.436035,4320.128418
174,4231.282227,4548.205078,4198.205078,4541.153809,4457.436035,4373.205078,4382.820313,4323.205078
175,4230.769043,4548.846191,4199.102539,4541.025879,4456.410156,4374.230957,4382.436035,4323.974121
176,4231.025879,4549.230957,4200.256348,4540.769043,4456.538574,4375.128418,4382.051270,4321.794922
177,4231.153809,4548.717773,4200.256348,4539.871582,4457.436035,4374.871582,4382.051270,4317.436035
178,4230.000000,4547.179688,4199.102539,4537.820313,4458.589844,4373.333496,4382.692383,4313.077148
179,4227.820313,4545.641113,4198.077148,4534.615234,4458.974121,4371.025879,4383.333496,4310.384766
180,4226.025879,4545.512695,4197.820313,4531.794922,4458.333496,4369.230957,4382.948730,4309.871582
181,4226.153809,4547.563965,4198.333496,4531.282227,4457.692383,4368.846191,4381.410156,4310.769043
182,4228.461426,4550.897461,4198.974121,4533.846191,4457.563965,4370.256348,4379.615234,4311.538574
183,4231.153809,4553.077148,4199.358887,4537.820313,4458.589844,4372.436035,4378.461426,4311.538574
184,4231.666504,4552.179688,4199.102539,4540.128418,4460.384766,4373.589844,4378.974121,4311.153809
185,4228.589844,4547.948730,4198.205078,4538.461426,4462.179688,4372.692383,4380.641113,4310.769043
186,4222.179688,4541.666504,4197.051270,4532.692383,4462.692383,4370.000000,4382.179688,4309.871582
187,4215.384766,4535.384766,4196.025879,4525.512695,4461.538574,4366.538574,4382.948730,4307.563965
188,4211.538574,4531.282227,4195.641113,4520.641113,4459.487305,4363.461426,4382.820313,4303.846191
189,4211.282227,4530.256348,4195.256348,4519.743652,4457.820313,4361.282227,4382.051270,4299.358887
190,4212.563965,4531.282227,4194.743652,4520.641113,4457.692383,4360.128418,4381.282227,4295.641113
191,4212.820313,4531.666504,4195.000000,4519.487305,4458.846191,4359.230957,4381.153809,4293.717773
192,4210.897461,4529.230957,4196.666504,4514.743652,4460.128418,4358.589844,4382.051270,4293.077148
193,4207.692383,4524.871582,4198.717773,4508.974121,4460.512695,4357.948730,4383.589844,4293.077148
194,4205.128418,4521.153809,4199.230957,4506.538574,4459.871582,4357.692383,4384.615234,4293.077148
195,4204.743652,4520.256348,4197.692383,4509.102539,4458.846191,4357.820313,4384.358887,4293.333496
196,4206.410156,4522.179688,4195.384766,4514.230957,4458.461426,4358.077148,4383.077148,4294.487305
197,4208.205078,4524.615234,4193.717773,4517.692383,4459.230957,4358.333496,4381.922852,4295.641113
198,4208.333496,4525.256348,4193.589844,4516.666504,4460.897461,4358.077148,4381.538574,4295.641113
199,4206.666504,4523.205078,4194.615234,4511.922852,4462.307617,4357.436035,4382.051270,4293.846191
200,4204.615234,4519.615234,4195.897461,4506.410156,4462.436035,4356.025879,4382.563965,4291.025879
201,4203.974121,4516.666504,4196.666504,4503.077148,4461.538574,4354.358887,4382.436035,4288.077148
202,4204.358887,4515.384766,4196.282227,4502.692383,4460.128418,4352.692383,4381.794922,4285.641113
203,4205.128418,4515.256348,4194.871582,4503.461426,4459.102539,4351.410156,4380.897461,4283.846191
204,4205.769043,4515.512695,4192.948730,4503.461426,4458.589844,4350.769043,4380.512695,4282.820313
205,4206.794922,4516.025879,4191.666504,4502.692383,4458.717773,4351.410156,4380.512695,4282.436035
206,4208.461426,4517.820313,4192.179688,4502.179688,4459.358887,4353.461426,4380.897461,4282.820313
207,4210.769043,4521.538574,4194.487305,4503.333496,4460.512695,4356.153809,4381.538574,4283.589844
208,4212.307617,4526.538574,4197.436035,4505.769043,4461.153809,4358.077148,4382.436035,4285.384766
209,4212.307617,4530.769043,4199.358887,4508.077148,4460.897461,4358.333496,4383.205078,4287.563965
210,4210.897461,4531.666504,4199.743652,4508.589844,4459.743652,4356.922852,4383.205078,4289.230957
211,4209.615234,4528.717773,4199.230957,4507.051270,4458.461426,4354.743652,4382.051270,4289.230957
212,4210.256348,4523.846191,4198.717773,4504.871582,4457.692383,4352.692383,4380.384766,4287.307617
213,4213.205078,4520.641113,4199.102539,4503.717773,4457.820313,4351.538574,4379.358887,4285.000000
214,4217.051270,4521.538574,4200.128418,4504.358887,4458.461426,4351.794922,4379.487305,4284.230957
215,4218.717773,4525.897461,4201.153809,4506.410156,4459.358887,4353.205078,4380.128418,4286.025879
216,4216.153809,4530.128418,4200.897461,4508.974121,4459.871582,4355.000000,4380.256348,4289.487305
217,4210.000000,4531.282227,4198.974121,4511.666504,4459.871582,4356.282227,4379.102539,4292.948730
218,4203.461426,4529.871582,4196.282227,4514.230957,4459.615234,4356.538574,4377.179688,4295.128418
219,4200.769043,4528.333496,4194.871582,4516.666504,4459.230957,4355.897461,4376.025879,4296.025879
220,4202.307617,4528.589844,4195.256348,4518.974121,4459.102539,4355.384766,4376.922852,4296.922852
221,4205.384766,4530.256348,4196.282227,4520.897461,4458.717773,4356.538574,4379.358887,4298.717773
222,4206.666504,4531.538574,4196.538574,4522.051270,4458.333496,4359.487305,4381.922852,4301.410156
223,4205.512695,4531.282227,4195.897461,4522.563965,4458.333496,4363.589844,4382.820313,4304.743652
224,4203.846191,4530.128418,4195.512695,4522.692383,4458.846191,4367.051270,4381.922852,4307.436035
225,4204.358887,4530.512695,4196.153809,4523.205078,4459.743652,4368.333496,4380.384766,4309.230957
226,4207.692383,4533.846191,4197.692383,4524.487305,4460.256348,4367.436035,4379.871582,4310.384766
227,4213.077148,4539.615234,4198.846191,4526.410156,4460.256348,4365.641113,4380.769043,4311.410156
228,4218.077148,4544.871582,4198.974121,4527.563965,4459.615234,4364.871582,4381.538574,4312.307617
229,4220.897461,4545.897461,4198.461426,4527.051270,4458.846191,4365.641113,4381.282227,4311.794922
230,4221.153809,4541.153809,4197.948730,4524.102539,4458.717773,4366.666504,4380.256348,4308.333496
231,4219.871582,4533.205078,4198.077148,4519.358887,4459.615234,4366.153809,4379.743652,4302.563965
232,4218.589844,4526.538574,4198.846191,4514.230957,4461.025879,4363.717773,4380.512695,4297.307617
233,4218.205078,4525.128418,4199.615234,4511.666504,4462.307617,4360.384766,4381.666504,4295.512695
234,4219.487305,4529.615234,4199.358887,4512.948730,4462.820313,4358.333496,4381.538574,4298.461426
235,4221.922852,4537.563965,4197.948730,4517.692383,4462.307617,4359.102539,4380.000000,4304.487305
236,4225.000000,4545.512695,4196.410156,4523.077148,4461.153809,4362.051270,4378.461426,4310.384766
237,4227.436035,4550.000000,4196.025879,4526.666504,4459.743652,4365.000000,4378.205078,4313.333496
238,4227.948730,4549.743652,4197.051270,4527.436035,4459.102539,4366.153809,4379.358887,4312.563965
239,4226.282227,4545.512695,4198.846191,4526.794922,4460.000000,4365.512695,4381.025879,4309.871582
240,4223.077148,4541.153809,4200.512695,4526.922852,4461.666504,4365.000000,4381.922852,4308.077148
241,4220.769043,4539.871582,4201.025879,4529.615234,4463.077148,4366.282227,4381.922852,4309.230957
242,4221.153809,4542.563965,4200.128418,4534.102539,4463.077148,4369.230957,4381.666504,4313.846191
243,4224.102539,4546.666504,4198.077148,4538.461426,4461.410156,4372.692383,4381.666504,4320.128418
244,4227.051270,4548.077148,4196.153809,4540.769043,4459.358887,4375.128418,4381.922852,4325.128418
245,4227.692383,4545.000000,4195.000000,4540.256348,4458.077148,4375.641113,4381.922852,4326.666504
246,4225.128418,4538.846191,4195.000000,4537.948730,4458.077148,4374.743652,4381.410156,4324.487305
247,4221.410156,4533.717773,4195.897461,4535.512695,4459.230957,4373.461426,4380.769043,4319.871582
248,4219.102539,4532.563965,4197.307617,4534.102539,4460.641113,4372.820313,4380.256348,4315.641113
249,4220.128418,4535.897461,4198.333496,4533.717773,4461.538574,4372.948730,4380.512695,4314.102539
250,4223.974121,4541.410156,4198.461426,4533.974121,4461.666504,4374.230957,4381.794922,4316.282227
251,4228.205078,4545.897461,4197.692383,4535.000000,4461.410156,4376.794922,4383.077148,4320.897461
252,4230.512695,4548.077148,4196.410156,4536.666504,4461.282227,4379.743652,4383.333496,4325.384766
253,4230.384766,4547.948730,4195.769043,4538.205078,4460.897461,4380.769043,4382.051270,4326.794922
254,4228.846191,4546.922852,4196.282227,4538.205078,4460.256348,4378.717773,4380.256348,4324.230957
255,4228.333496,4546.025879,4197.820313,4535.769043,4459.102539,4374.230957,4379.358887,4318.974121
256,4230.128418,4545.897461,4199.487305,4531.282227,4458.077148,4369.487305,4379.615234,4313.974121
257,4233.333496,4546.282227,4200.769043,4526.666504,4457.820313,4366.922852,4380.769043,4311.410156
258,4235.256348,4546.794922,4201.282227,4523.717773,4458.846191,4366.922852,4382.051270,4311.666504
259,4233.461426,4546.153809,4201.153809,4523.333496,4460.256348,4368.461426,4382.820313,4312.948730
260,4228.461426,4544.358887,4200.512695,4524.102539,4461.153809,4369.358887,4382.820313,4313.205078
261,4223.077148,4542.051270,4199.743652,4524.487305,4461.153809,4368.205078,4382.179688,4311.794922
262,4221.153809,4540.512695,4199.615234,4523.333496,4460.641113,4365.512695,4381.282227,4310.128418
263,4223.974121,4540.256348,4199.871582,4521.410156,4460.512695,4363.205078,4380.897461,4310.128418
264,4229.487305,4541.794922,4200.512695,4520.256348,4460.641113,4362.948730,4381.153809,4312.563965
265,4233.717773,4544.487305,4200.897461,4521.153809,4460.897461,4364.487305,4381.794922,4316.282227
266,4233.461426,4547.051270,4200.897461,4523.717773,4460.897461,4366.538574,4381.794922,4319.230957
267,4228.461426,4548.333496,4200.256348,4527.307617,4460.512695,4368.461426,4381.025879,4320.384766
268,4222.179688,4548.333496,4199.487305,4530.769043,4460.000000,4370.256348,4380.128418,4320.384766
269,4219.230957,4548.461426,4198.974121,4533.589844,4459.871582,4372.692383,4379.871582,4320.769043
270,4221.410156,4549.743652,4199.230957,4535.641113,4460.512695,4375.384766,4380.384766,4322.692383
271,4226.153809,4551.538574,4199.487305,4537.179688,4461.666504,4377.307617,4380.897461,4325.641113
272,4228.846191,4552.436035,4198.974121,4537.692383,4462.436035,4377.307617,4380.512695,4328.077148
273,4227.436035,4551.922852,4197.820313,4537.307617,4462.051270,4375.512695,4379.230957,4328.589844
274,4223.461426,4551.410156,4196.538574,4536.666504,4460.897461,4373.077148,4378.077148,4327.307617
275,4220.641113,4552.179688,4195.897461,4536.922852,4459.743652,4371.666504,4378.077148,4325.769043
276,4221.153809,4553.974121,4195.769043,4538.333496,4459.615234,4372.051270,4379.487305,4325.384766
277,4224.230957,4555.512695,4196.282227,4539.615234,4460.000000,4373.461426,4381.538574,4326.794922
278,4227.436035,4555.512695,4197.051270,4539.743652,4460.384766,4374.358887,4382.948730,4328.846191
279,4229.358887,4553.974121,4197.820313,4537.692383,4460.256348,4373.461426,4383.333496,4330.000000
280,4229.743652,4551.025879,4198.461426,4533.974121,4459.615234,4371.153809,4382.563965,4328.846191
281,4229.230957,4547.948730,4198.974121,4529.487305,4459.230957,4368.205078,4381.153809,4325.641113
282,4228.846191,4545.512695,4199.615234,4525.641113,4459.487305,4365.769043,4380.384766,4322.051270
283,4228.846191,4544.358887,4200.512695,4523.461426,4460.384766,4365.128418,4380.512695,4319.743652
284,4229.230957,4544.102539,4201.153809,4523.077148,4461.410156,4366.282227,4381.282227,4320.128418
285,4228.846191,4543.717773,4201.153809,4524.230957,4461.410156,4368.333496,4382.179688,4322.307617
286,4227.820313,4542.948730,4200.384766,4526.666504,4460.641113,4370.512695,4382.307617,4324.871582
287,4227.179688,4541.922852,4199.743652,4530.384766,4459.487305,4372.307617,4381.794922,4326.282227
288,4228.461426,4541.666504,4200.000000,4534.358887,4458.589844,4373.589844,4381.025879,4326.025879
289,4231.922852,4543.461426,4201.025879,4537.179688,4458.461426,4374.487305,4380.384766,4324.871582
290,4235.256348,4547.051270,4201.794922,4537.436035,4459.102539,4375.128418,4380.128418,4323.974121
291,4236.153809,4550.769043,4201.666504,4534.743652,4460.000000,4375.256348,4380.641113,4324.102539
292,4234.102539,4552.563965,4201.025879,4530.000000,4460.384766,4374.487305,4381.666504,4324.871582
293,4231.025879,4551.025879,4200.512695,4525.000000,4460.384766,4372.563965,4382.692383,4325.641113
294,4229.487305,4547.692383,4200.384766,4521.666504,4460.384766,4370.384766,4383.077148,4325.641113
295,4230.897461,4545.384766,4200.641113,4521.282227,4460.897461,4369.487305,4382.820313,4324.871582
296,4234.358887,4546.666504,4201.538574,4523.974121,4462.051270,4370.512695,4382.051270,4323.974121
297,4237.307617,4551.538574,4202.307617,4528.846191,4462.820313,4373.333496,4381.666504,4323.461426
298,4238.589844,4558.461426,4202.692383,4534.102539,4462.692383,4376.666504,4381.794922,4324.230957
299,4238.846191,4565.000000,4202.051270,4538.333496,4461.666504,4379.102539,4382.307617,4327.179688
300,4239.871582,4569.615234,4201.025879,4540.769043,4460.512695,4379.615234,4382.948730,4331.794922
301,4241.794922,4571.538574,4200.512695,4541.410156,4460.000000,4379.102539,4382.948730,4337.179688
302,4243.717773,4570.897461,4201.025879,4541.153809,4460.384766,4378.846191,4382.307617,4341.153809
303,4244.615234,4568.333496,4201.794922,4541.025879,4461.282227,4379.871582,4381.282227,4343.077148
304,4243.333496,4565.000000,4202.179688,4541.666504,4461.922852,4381.666504,4380.512695,4342.948730
305,4239.743652,4561.666504,4202.179688,4542.307617,4462.051270,4382.692383,4380.897461,4341.794922
306,4234.615234,4558.974121,4201.922852,4541.922852,4461.538574,4381.410156,4382.051270,4340.512695
307,4229.743652,4556.794922,4201.666504,4540.256348,4461.025879,4377.820313,4382.948730,4339.358887
308,4226.153809,4555.384766,4201.666504,4537.820313,4461.025879,4373.589844,4383.077148,4337.820313
309,4223.974121,4554.230957,4201.538574,4536.282227,4461.282227,4370.641113,4382.179688,4335.641113
310,4222.692383,4552.948730,4201.282227,4536.410156,4461.538574,4370.384766,4381.153809,4333.846191
311,4221.922852,4551.282227,4201.282227,4537.692383,4461.282227,4372.307617,4380.641113,4333.333496
312,4222.307617,4550.128418,4201.410156,4538.846191,4460.769043,4374.871582,4381.153809,4334.358887
313,4224.358887,4550.256348,4202.051270,4538.333496,4460.000000,4376.153809,4382.051270,4335.641113
314,4227.436035,4551.025879,4202.436035,4536.025879,4459.358887,4375.128418,4382.692383,4335.384766
315,4230.128418,4551.025879,4202.307617,4532.563965,4459.102539,4371.922852,4382.948730,4332.307617
316,4231.153809,4549.102539,4201.538574,4528.461426,4459.615234,4367.436035,4382.948730,4327.436035
317,4230.128418,4546.153809,4200.641113,4524.487305,4460.641113,4363.974121,4382.563965,4323.077148
318,4228.077148,4543.846191,4200.769043,4521.282227,4461.666504,4362.692383,4382.307617,4321.666504
319,4225.641113,4543.077148,4202.051270,4520.128418,4462.179688,4363.717773,4382.179688,4323.333496
320,4223.461426,4543.717773,4203.333496,4521.282227,4462.179688,4366.282227,4382.179688,4326.538574
321,4221.794922,4544.743652,4203.846191,4524.102539,4461.538574,4369.102539,4382.436035,4328.589844
322,4220.641113,4544.743652,4203.077148,4526.153809,4460.897461,4370.897461,4382.692383,4328.205078
323,4219.358887,4543.461426,4201.538574,4525.897461,4460.897461,4370.897461,4382.948730,4325.897461
324,4217.436035,4541.538574,4200.128418,4523.077148,4461.538574,4370.000000,4382.948730,4323.205078
325,4215.384766,4540.641113,4199.487305,4519.743652,4462.563965,4369.230957,4382.692383,4321.538574
326,4215.384766,4541.410156,4199.743652,4518.589844,4463.077148,4369.615234,4382.179688,4321.666504
327,4218.974121,4543.846191,4200.641113,4521.666504,4462.436035,4370.769043,4381.538574,4323.205078
328,4224.743652,4546.794922,4201.153809,4528.333496,4461.153809,4372.179688,4381.153809,4325.384766
329,4230.256348,4549.487305,4201.282227,4535.641113,4460.128418,4373.205078,4381.282227,4327.563965
330,4233.333496,4551.538574,4201.410156,4540.000000,4460.256348,4374.102539,4381.794922,4329.358887
331,4233.846191,4552.563965,4201.666504,4539.358887,4461.282227,4374.871582,4382.051270,4330.512695
332,4232.820313,4552.051270,4201.794922,4534.358887,4462.307617,4374.871582,4381.794922,4330.641113
333,4231.922852,4550.512695,4201.794922,4527.948730,4462.307617,4373.333496,4381.410156,4329.487305
334,4232.179688,4548.589844,4201.410156,4522.948730,4461.666504,4370.256348,4381.282227,4326.922852
335,4233.846191,4546.794922,4200.897461,4521.025879,4460.512695,4366.794922,4381.282227,4323.846191
336,4235.897461,4544.871582,4200.641113,4521.538574,4459.487305,4365.000000,4381.410156,4322.051270
337,4236.794922,4542.307617,4200.897461,4522.563965,4458.717773,4365.641113,4381.410156,4322.307617
338,4235.769043,4539.102539,4201.538574,4522.436035,4458.589844,4367.948730,4381.410156,4323.717773
339,4233.205078,4536.410156,4202.051270,4521.153809,4458.974121,4369.487305,4381.666504,4324.487305
340,4229.615234,4535.769043,4201.666504,4519.871582,4459.487305,4368.846191,4381.794922,4324.230957
341,4226.666504,4537.692383,4200.641113,4520.256348,4459.871582,4366.410156,4382.051270,4323.846191
342,4225.128418,4542.179688,4199.871582,4523.077148,4460.256348,4364.358887,4382.307617,4325.512695
343,4225.641113,4547.820313,4199.871582,4527.948730,4460.769043,4365.000000,4382.948730,4329.615234
344,4227.563965,4551.794922,4200.256348,4533.077148,4461.282227,4369.102539,4383.589844,4335.000000
345,4229.615234,4552.436035,4200.256348,4536.794922,4461.282227,4374.615234,4383.846191,4339.102539
346,4230.384766,4550.000000,4199.615234,4537.692383,4460.769043,4378.205078,4383.333496,4340.256348
347,4229.871582,4546.922852,4198.974121,4536.410156,4460.256348,4377.563965,4382.436035,4338.846191
348,4229.230957,4545.641113,4198.974121,4535.000000,4459.743652,4373.974121,4381.538574,4336.922852
349,4230.000000,4546.666504,4200.128418,4535.128418,4459.743652,4370.769043,4381.410156,4337.051270
350,4232.179688,4548.589844,4201.538574,4537.051270,4460.000000,4371.153809,4381.922852,4340.000000
351,4234.102539,4550.128418,4201.794922,4538.974121,4460.256348,4375.256348,4382.692383,4343.846191
352,4234.358887,4550.512695,4200.641113,4539.487305,4460.512695,4379.871582,4383.333496,4345.384766
353,4232.820313,4549.871582,4199.358887,4537.948730,4460.769043,4381.282227,4383.589844,4343.077148
354,4230.641113,4548.589844,4199.358887,4534.871582,4460.897461,4378.077148,4383.333496,4338.077148
355,4227.820313,4545.512695,4200.641113,4530.128418,4461.153809,4371.794922,4382.948730,4332.179688
356,4222.307617,4538.589844,4201.538574,4521.666504,4461.153809,4364.487305,4382.563965,4325.384766
357,4212.051270,4526.282227,4200.128418,4507.692383,4460.897461,4357.436035,4382.563965,4316.153809
358,4197.307617,4510.512695,4196.538574,4489.358887,4460.769043,4351.410156,4382.563965,4303.077148
359,4182.563965,4496.794922,4193.077148,4472.563965,4460.897461,4347.179688,4382.820313,4289.358887
360,4174.358887,4491.410156,4192.179688,4465.000000,4461.153809,4346.153809,4383.077148,4281.025879
361,4177.051270,4497.692383,4195.128418,4471.410156,4461.410156,4349.615234,4383.205078,4283.333496
362,4189.871582,4513.717773,4200.256348,4489.615234,4460.897461,4358.461426,4383.077148,4297.051270
363,4207.051270,4533.461426,4204.743652,4511.794922,4460.000000,4371.153809,4382.820313,4316.794922
364,4221.666504,4549.743652,4206.153809,4529.871582,4459.230957,4384.102539,4382.307617,4335.128418
365,4229.871582,4558.589844,4204.487305,4539.743652,4458.974121,4393.205078,4381.922852,4346.794922
366,4232.051270,4560.769043,4201.922852,4543.205078,4459.743652,4396.282227,4381.922852,4351.025879
367,4231.794922,4561.153809,4200.897461,4545.000000,4461.025879,4394.487305,4382.179688,4350.897461
368,4232.436035,4563.205078,4201.794922,4548.205078,4461.538574,4391.922852,4382.692383,4350.512695
369,4234.358887,4567.179688,4203.461426,4552.051270,4460.769043,4391.153809,4383.077148,4351.538574
370,4235.384766,4569.615234,4204.102539,4553.077148,4459.487305,4391.922852,4382.948730,4352.692383
371,4233.974121,4567.692383,4203.461426,4549.358887,4459.230957,4391.410156,4382.692383,4351.538574
372,4230.769043,4561.025879,4202.436035,4542.563965,4460.897461,4387.436035,4382.563965,4347.692383
373,4227.820313,4552.820313,4202.307617,4536.282227,4463.589844,4380.512695,4382.692383,4342.820313
374,4226.410156,4546.538574,4202.948730,4532.820313,4465.641113,4373.974121,4382.563965,4339.230957
375,4225.897461,4544.358887,4203.589844,4531.666504,4465.641113,4370.641113,4382.307617,4337.563965
376,4224.615234,4545.384766,4203.717773,4530.256348,4463.846191,4371.025879,4382.436035,4336.794922
377,4221.794922,4547.820313,4203.333496,4527.692383,4461.538574,4372.948730,4382.820313,4335.641113
378,4217.820313,4549.358887,4202.820313,4524.615234,4460.256348,4374.358887,4383.205078,4334.871582
379,4215.128418,4549.102539,4202.436035,4522.307617,4460.384766,4374.487305,4382.948730,4335.384766
380,4215.384766,4547.563965,4202.179688,4522.051270,4461.282227,4373.846191,4382.051270,4337.179688
381,4217.692383,4546.282227,4201.794922,4523.717773,4461.666504,4373.717773,4381.153809,4338.974121
382,4220.000000,4546.666504,4201.282227,4526.025879,4461.153809,4374.871582,4380.897461,4339.102539
383,4220.128418,4548.205078,4200.512695,4527.051270,4460.128418,4377.051270,4381.410156,4336.922852
384,4217.563965,4549.230957,4199.743652,4525.641113,4459.487305,4378.461426,4382.179688,4333.333496
385,4213.077148,4547.948730,4199.230957,4521.538574,4459.871582,4377.563965,4382.436035,4329.615234
386,4207.948730,4543.717773,4199.230957,4515.641113,4460.897461,4374.487305,4381.794922,4327.051270
387,4203.974121,4537.948730,4199.487305,4510.000000,4461.922852,4371.025879,4381.025879,4325.769043
388,4202.436035,4532.563965,4199.487305,4506.794922,4462.179688,4369.358887,4380.897461,4325.256348
389,4203.205078,4529.230957,4199.358887,4506.666504,4461.922852,4369.487305,4381.922852,4325.000000
390,4205.128418,4528.717773,4199.230957,4508.846191,4461.794922,4370.256348,4383.589844,4324.615234
391,4207.307617,4530.384766,4199.487305,4510.897461,4461.666504,4370.769043,4384.743652,4324.230957
392,4208.717773,4532.436035,4200.128418,4511.794922,4461.410156,4370.512695,4384.358887,4324.743652
393,4208.461426,4532.820313,4200.769043,4511.410156,4460.897461,4369.871582,4382.948730,4326.410156
394,4205.769043,4530.512695,4201.282227,4509.743652,4460.384766,4368.461426,4382.051270,4328.205078
395,4200.256348,4525.384766,4201.410156,4506.922852,4460.000000,4366.538574,4382.692383,4328.077148
396,4193.077148,4518.974121,4201.282227,4502.948730,4460.128418,4363.974121,4384.615234,4325.128418
397,4187.307617,4513.333496,4200.897461,4499.487305,4460.897461,4361.794922,4386.153809,4320.512695
398,4185.256348,4511.282227,4200.256348,4498.333496,4461.922852,4361.153809,4385.769043,4317.436035
399,4187.948730,4514.102539,4199.743652,4500.128418,4462.948730,4362.692383,4383.717773,4317.307617
400,4194.102539,4520.384766,4199.871582,4503.717773,4463.461426,4365.769043,4381.025879,4319.871582
401,4200.897461,4527.051270,4200.512695,4506.538574,4463.205078,4368.461426,4379.230957,4322.563965
402,4205.384766,4530.641113,4201.153809,4506.025879,4462.307617,4368.846191,4378.589844,4323.205078
403,4205.256348,4529.230957,4201.410156,4501.282227,4461.025879,4366.410156,4378.974121,4320.512695
404,4200.641113,4523.974121,4201.153809,4494.487305,4459.871582,4362.179688,4379.743652,4314.871582
405,4194.487305,4518.589844,4200.512695,4489.230957,4459.102539,4358.461426,4380.000000,4309.102539
406,4190.897461,4516.794922,4200.000000,4488.077148,4459.102539,4356.922852,4379.871582,4306.538574
407,4191.538574,4518.846191,4199.743652,4490.256348,4460.128418,4357.692383,4379.487305,4307.820313
408,4195.000000,4522.179688,4199.743652,4492.307617,4461.538574,4358.846191,4379.230957,4311.025879
409,4197.563965,4522.948730,4199.871582,4491.282227,4462.307617,4358.717773,4379.102539,4312.563965
410,4197.051270,4519.871582,4200.000000,4486.666504,4462.051270,4356.410156,4379.230957,4310.128418
411,4193.461426,4514.230957,4199.871582,4480.769043,4461.025879,4352.948730,4379.487305,4304.230957
412,4188.974121,4508.205078,4199.487305,4476.153809,4460.000000,4349.743652,4380.256348,4297.307617
413,4185.769043,4504.358887,4199.230957,4473.717773,4459.615234,4347.692383,4381.153809,4292.563965
414,4185.384766,4503.589844,4199.102539,4473.205078,4459.743652,4346.922852,4382.307617,4291.666504
415,4187.563965,4505.512695,4199.230957,4473.974121,4460.128418,4347.436035,4383.205078,4294.743652
416,4191.410156,4508.205078,4199.358887,4475.769043,4460.000000,4349.102539,4383.461426,4299.871582
417,4195.769043,4510.128418,4199.358887,4478.974121,4459.487305,4351.794922,4383.333496,4305.000000
418,4200.000000,4511.538574,4199.358887,4483.846191,4458.846191,4355.128418,4383.461426,4308.846191
419,4203.846191,4513.974121,4199.487305,4489.230957,4458.974121,4357.820313,4383.974121,4311.410156
420,4206.794922,4518.077148,4199.871582,4493.333496,4460.000000,4359.102539,4384.358887,4313.461426
421,4207.436035,4522.948730,4200.384766,4494.743652,4461.282227,4358.846191,4383.974121,4315.769043
422,4205.897461,4526.794922,4200.897461,4493.717773,4461.794922,4357.820313,4383.077148,4318.077148
423,4203.846191,4528.717773,4201.025879,4492.307617,4461.538574,4357.820313,4382.179688,4320.512695
424,4204.102539,4529.615234,4200.897461,4493.205078,4461.025879,4359.615234,4381.666504,4322.692383
425,4207.307617,4530.641113,4200.512695,4497.692383,4460.897461,4363.077148,4381.794922,4324.615234
426,4211.794922,4532.307617,4200.000000,4503.974121,4461.282227,4366.410156,4382.436035,4326.410156
427,4214.615234,4534.102539,4199.487305,4508.846191,4461.538574,4368.333496,4383.333496,4327.436035
428,4214.743652,4534.743652,4198.974121,4509.743652,4461.153809,4368.333496,4383.589844,4327.692383
429,4213.846191,4533.717773,4198.974121,4507.820313,4460.384766,4367.436035,4382.948730,4327.948730
430,4213.717773,4531.538574,4199.615234,4505.897461,4460.000000,4366.666504,4382.179688,4329.102539
431,4215.128418,4529.615234,4200.384766,4505.897461,4460.384766,4366.538574,4381.794922,4330.769043
432,4217.051270,4529.102539,4200.897461,4506.538574,4461.538574,4366.794922,4382.051270,4331.666504
433,4218.333496,4530.000000,4200.641113,4505.641113,4462.563965,4366.794922,4382.307617,4330.897461
434,4218.077148,4530.769043,4199.743652,4502.051270,4462.692383,4366.666504,4381.922852,4328.717773
435,4217.051270,4530.641113,4198.974121,4497.436035,4461.538574,4366.410156,4381.410156,4326.153809
436,4216.410156,4530.256348,4199.102539,4494.871582,4459.871582,4366.282227,4381.538574,4324.487305
437,4216.922852,4531.025879,4200.256348,4496.794922,4458.717773,4366.922852,4382.820313,4324.743652
438,4217.692383,4532.948730,4201.538574,4502.307617,4458.717773,4367.820313,4384.358887,4326.410156
439,4216.922852,4534.615234,4202.307617,4508.077148,4458.974121,4368.205078,4385.128418,4327.692383
440,4213.974121,4534.230957,4201.922852,4510.384766,4459.230957,4367.307617,4384.615234,4327.436035
441,4210.128418,4531.922852,4200.897461,4508.333496,4458.974121,4365.641113,4383.333496,4326.025879
442,4208.333496,4529.615234,4199.743652,4504.871582,4458.846191,4364.487305,4382.051270,4325.000000
443,4210.000000,4528.974121,4199.615234,4503.589844,4459.487305,4365.000000,4381.794922,4325.384766
444,4213.589844,4530.641113,4200.384766,4505.512695,4460.641113,4367.436035,4382.179688,4326.666504
445,4216.282227,4532.692383,4201.282227,4508.333496,4461.025879,4370.384766,4382.820313,4327.692383
446,4216.538574,4532.436035,4201.153809,4509.230957,4460.256348,4372.563965,4383.077148,4328.077148
447,4215.000000,4529.743652,4199.871582,4507.692383,4458.974121,4372.948730,4382.563965,4328.589844
448,4212.948730,4527.179688,4198.589844,4506.025879,4458.717773,4372.179688,4382.179688,4330.769043
449,4211.666504,4527.820313,4198.333496,4507.307617,4460.641113,4371.025879,4382.436035,4335.000000
450,4211.025879,4532.436035,4199.358887,4511.794922,4463.717773,4370.641113,4383.333496,4339.487305
451,4210.769043,4538.589844,4200.256348,4517.051270,4465.897461,4371.282227,4383.974121,4342.307617
452,4210.897461,4542.307617,4200.384766,4519.358887,4465.512695,4372.820313,4383.717773,4342.436035
453,4211.538574,4541.794922,4199.743652,4517.307617,4463.077148,4374.358887,4382.820313,4340.128418
454,4212.820313,4537.948730,4199.358887,4512.307617,4460.512695,4374.871582,4382.051270,4336.922852
455,4214.358887,4533.461426,4199.487305,4507.179688,4459.102539,4373.974121,4382.307617,4334.230957
456,4215.128418,4530.512695,4200.000000,4504.487305,4459.358887,4371.922852,4382.820313,4332.179688
457,4213.846191,4529.743652,4200.128418,4504.358887,4460.512695,4369.487305,4382.692383,4330.769043
458,4210.641113,4531.153809,4200.000000,4505.384766,4461.282227,4367.820313,4381.794922,4329.615234
459,4207.179688,4533.077148,4199.615234,4505.897461,4461.025879,4367.179688,4380.897461,4328.589844
460,4205.000000,4534.358887,4199.487305,4505.256348,4460.512695,4367.436035,4380.769043,4327.820313
461,4204.487305,4534.358887,4199.487305,4503.974121,4460.769043,4368.333496,4381.666504,4327.307617
462,4204.743652,4533.974121,4200.000000,4503.205078,4461.538574,4369.487305,4382.436035,4327.051270
463,4204.102539,4534.487305,4200.641113,4503.717773,4462.051270,4370.769043,4382.307617,4327.179688
464,4202.436035,4535.897461,4200.641113,4505.128418,4461.282227,4371.794922,4381.153809,4327.948730
465,4201.794922,4537.307617,4199.871582,4506.538574,4459.615234,4372.820313,4380.000000,4330.000000
466,4203.589844,4538.077148,4199.358887,4507.563965,4458.589844,4373.589844,4380.000000,4333.333496
467,4207.563965,4537.948730,4199.487305,4508.461426,4459.358887,4373.589844,4381.538574,4337.179688
468,4211.153809,4537.179688,4200.256348,4508.974121,4461.282227,4372.820313,4383.846191,4340.256348
469,4212.307617,4535.897461,4200.769043,4508.717773,4462.692383,4371.666504,4385.256348,4341.922852
470,4211.153809,4534.487305,4200.512695,4507.692383,4462.563965,4371.410156,4385.256348,4341.922852
471,4209.230957,4533.333496,4199.871582,4506.666504,4461.410156,4372.307617,4384.102539,4341.410156
472,4208.333496,4532.820313,4199.615234,4506.922852,4460.384766,4373.333496,4382.948730,4341.538574
473,4209.230957,4533.077148,4200.384766,4508.846191,4460.384766,4373.846191,4382.307617,4342.307617
474,4211.922852,4534.743652,4201.538574,4511.410156,4461.282227,4373.846191,4382.179688,4342.948730
475,4214.743652,4538.205078,4202.307617,4512.692383,4462.179688,4373.846191,4382.051270,4342.948730
476,4216.538574,4542.179688,4202.051270,4511.922852,4462.307617,4374.615234,4381.922852,4342.563965
477,4216.410156,4544.871582,4200.641113,4509.871582,4461.410156,4375.897461,4381.922852,4342.436035
478,4215.897461,4545.384766,4199.230957,4508.846191,4460.128418,4377.436035,4382.436035,4343.205078
479,4216.538574,4544.230957,4198.717773,4510.128418,4459.230957,4378.717773,4383.461426,4344.102539
480,4218.974121,4542.820313,4200.000000,4513.205078,4459.230957,4379.230957,4384.230957,4344.358887
481,4221.794922,4541.922852,4202.051270,4515.769043,4459.871582,4378.717773,4384.102539,4343.846191
482,4223.333496,4541.538574,4203.589844,4515.897461,4460.384766,4377.692383,4383.205078,4343.333496
483,4222.948730,4540.384766,4203.846191,4513.717773,4460.256348,4376.538574,4382.307617,4342.820313
484,4221.153809,4537.307617,4203.205078,4510.128418,4459.743652,4375.128418,4382.307617,4341.538574
485,4218.846191,4532.948730,4202.436035,4506.922852,4459.102539,4372.948730,4383.333496,4339.230957
486,4216.666504,4529.102539,4202.051270,4504.743652,4458.717773,4369.871582,4384.358887,4336.282227
487,4215.128418,4527.692383,4201.922852,4503.077148,4459.102539,4366.410156,4384.487305,4333.717773
488,4214.871582,4528.461426,4201.282227,4500.897461,4460.128418,4363.846191,4383.717773,4332.179688
489,4215.512695,4529.487305,4200.128418,4498.077148,4461.025879,4363.077148,4382.563965,4330.897461
490,4216.025879,4529.102539,4199.358887,4495.512695,4461.282227,4363.846191,4381.922852,4329.871582
491,4215.769043,4528.077148,4199.615234,4494.102539,4460.769043,4365.256348,4382.179688,4328.846191
492,4215.000000,4527.820313,4200.641113,4493.974121,4459.871582,4366.282227,4382.820313,4328.461426
493,4214.230957,4529.358887,4201.410156,4494.743652,4459.102539,4366.538574,4383.333496,4329.487305
494,4213.846191,4531.538574,4201.153809,4495.512695,4458.717773,4366.410156,4383.077148,4331.410156
495,4213.846191,4532.820313,4200.256348,4496.282227,4459.102539,4366.282227,4382.307617,4333.205078
496,4214.358887,4532.179688,4199.487305,4497.307617,4459.871582,4366.153809,4381.666504,4334.102539
497,4215.641113,4530.769043,4199.358887,4498.717773,4460.512695,4366.282227,4381.666504,4334.230957
498,4217.179688,4530.384766,4199.743652,4499.615234,4460.769043,4367.051270,4382.051270,4333.974121
499,4218.461426,4531.538574,4200.128418,4499.102539,4460.512695,4367.820313,4382.948730,4333.974121
500,4218.205078,4532.820313,4200.000000,4496.922852,4460.000000,4367.948730,4383.717773,4333.846191
501,4216.410156,4532.307617,4199.358887,4493.846191,4459.615234,4367.179688,4383.846191,4333.077148
502,4213.846191,4528.717773,4198.589844,4491.666504,4459.358887,4365.384766,4383.461426,4331.410156
503,4212.179688,4523.589844,4198.717773,4490.897461,4458.974121,4362.948730,4382.820313,4328.846191
504,4212.179688,4519.102539,4200.000000,4490.769043,4458.974121,4360.769043,4382.563965,4326.666504
505,4213.333496,4517.307617,4201.410156,4490.512695,4459.615234,4359.358887,4382.436035,4325.769043
506,4214.358887,4517.692383,4202.307617,4490.000000,4460.641113,4358.974121,4382.436035,4326.153809
507,4214.487305,4518.461426,4202.179688,4489.871582,4461.538574,4359.487305,4382.692383,4327.051270
508,4214.230957,4518.333496,4201.666504,4490.384766,4461.410156,4360.512695,4383.205078,4327.692383
509,4214.487305,4518.077148,4201.538574,4491.538574,4460.256348,4361.666504,4383.974121,4328.717773
510,4215.512695,4519.102539,4201.794922,4493.077148,4458.717773,4363.077148,4384.358887,4330.769043
511,4216.666504,4521.922852,4201.922852,4493.974121,4457.948730,4364.743652,4384.230957,4333.333496
512,4217.436035,4525.512695,4201.794922,4493.974121,4458.589844,4366.538574,4383.974121,4335.256348
513,4217.563965,4527.692383,4201.410156,4493.205078,4460.128418,4367.948730,4383.974121,4334.871582
514,4217.436035,4527.692383,4200.897461,4492.307617,4461.538574,4368.333496,4384.230957,4332.051270
515,4217.307617,4526.025879,4200.384766,4491.538574,4461.922852,4367.307617,4384.487305,4328.077148
516,4217.051270,4524.743652,4199.871582,4491.153809,4461.410156,4365.384766,4384.102539,4325.641113
517,4216.410156,4525.128418,4199.358887,4491.025879,4460.769043,4363.717773,4383.077148,4326.025879
518,4215.128418,4527.051270,4199.102539,4491.153809,4460.512695,4363.461426,4382.051270,4328.589844
519,4213.333496,4528.974121,4199.487305,4491.282227,4460.641113,4365.128418,4382.307617,4331.282227
520,4212.179688,4529.743652,4199.871582,4491.282227,4460.769043,4368.077148,4384.230957,4332.692383
521,4212.948730,4530.512695,4200.000000,4491.666504,4460.512695,4371.025879,4386.922852,4333.205078
522,4215.128418,4532.692383,4199.743652,4492.948730,4460.000000,4372.948730,4388.846191,4334.102539
523,4216.666504,4536.410156,4199.871582,4495.000000,4459.871582,4373.846191,4388.717773,4336.153809
524,4215.512695,4539.743652,4200.000000,4496.922852,4460.384766,4374.230957,4386.282227,4338.333496
525,4212.051270,4540.512695,4200.128418,4497.563965,4461.410156,4374.230957,4383.077148,4339.615234
526,4208.589844,4538.077148,4199.743652,4496.794922,4461.922852,4374.102539,4380.897461,4339.615234
527,4207.692383,4534.230957,4199.230957,4495.256348,4461.153809,4374.230957,4380.897461,4338.717773
528,4210.000000,4531.153809,4199.230957,4493.846191,4459.615234,4374.487305,4382.179688,4337.179688
529,4213.717773,4530.512695,4200.000000,4493.077148,4458.589844,4374.358887,4383.333496,4335.128418
530,4216.153809,4531.666504,4200.641113,4492.820313,4458.717773,4373.077148,4383.461426,4332.948730
531,4215.897461,4532.563965,4200.512695,4492.179688,4459.743652,4370.641113,4382.948730,4330.897461
532,4213.846191,4531.153809,4199.871582,4490.000000,4460.769043,4367.692383,4382.307617,4329.487305
533,4211.922852,4527.692383,4199.487305,4485.769043,4461.025879,4364.487305,4381.922852,4327.948730
534,4210.128418,4522.948730,4199.615234,4479.358887,4460.897461,4361.025879,4382.051270,4325.256348
535,4206.410156,4516.922852,4199.358887,4470.641113,4461.025879,4356.922852,4382.436035,4319.615234
536,4198.461426,4507.563965,4197.307617,4458.717773,4461.153809,4351.410156,4382.948730,4309.358887
537,4186.410156,4493.846191,4193.974121,4443.846191,4461.153809,4344.743652,4383.333496,4295.000000
538,4174.102539,4478.589844,4190.641113,4428.589844,4460.769043,4338.461426,4383.333496,4279.743652
539,4166.538574,4468.846191,4189.358887,4418.846191,4460.256348,4335.641113,4383.205078,4270.384766
540,4168.077148,4471.282227,4191.153809,4421.025879,4460.000000,4338.974121,4382.948730,4272.692383
541,4178.717773,4486.666504,4195.384766,4436.922852,4460.384766,4349.230957,4382.692383,4288.077148
542,4193.846191,4508.333496,4199.871582,4461.153809,4461.282227,4363.589844,4382.563965,4311.025879
543,4207.179688,4526.922852,4202.051270,4483.974121,4462.051270,4376.922852,4382.820313,4332.307617
544,4214.230957,4535.641113,4201.025879,4497.307617,4461.666504,4384.743652,4383.589844,4344.743652
545,4214.615234,4534.615234,4198.717773,4499.743652,4460.512695,4385.897461,4384.230957,4347.563965
546,4211.538574,4528.846191,4198.461426,4496.025879,4459.358887,4382.563965,4384.230957,4345.128418
547,4208.461426,4524.487305,4200.512695,4492.051270,4458.846191,4378.589844,4383.589844,4342.692383
548,4207.436035,4523.717773,4202.436035,4490.897461,4459.358887,4376.025879,4382.692383,4342.948730
549,4207.948730,4524.743652,4201.538574,4491.025879,4460.384766,4374.487305,4382.179688,4344.615234
550,4208.333496,4523.974121,4197.820313,4489.230957,4461.410156,4372.820313,4382.563965,4345.000000
551,4207.307617,4520.256348,4193.461426,4484.487305,4462.179688,4370.384766,4383.333496,4341.922852
552,4204.615234,4515.384766,4190.897461,4478.974121,4462.692383,4367.692383,4383.717773,4335.897461
553,4200.641113,4512.436035,4190.641113,4475.641113,4463.077148,4365.512695,4383.205078,4329.871582
554,4196.153809,4511.794922,4191.666504,4475.256348,4462.948730,4363.846191,4382.179688,4326.410156
555,4192.436035,4512.051270,4192.948730,4475.256348,4462.563965,4362.051270,4381.794922,4326.025879
556,4190.512695,4511.794922,4193.846191,4472.692383,4462.179688,4359.871582,4383.077148,4326.794922
557,4191.025879,4511.153809,4194.358887,4467.179688,4461.922852,4357.563965,4385.256348,4326.538574
558,4193.717773,4511.794922,4195.000000,4462.307617,4462.051270,4356.153809,4386.922852,4325.000000
559,4197.179688,4514.615234,4196.025879,4462.179688,4462.436035,4356.282227,4386.666504,4323.589844
560,4200.000000,4518.846191,4196.922852,4467.307617,4462.692383,4357.307617,4384.615234,4323.974121
561,4201.666504,4522.436035,4196.666504,4473.974121,4462.307617,4358.077148,4382.179688,4325.897461
562,4202.307617,4523.846191,4194.871582,4476.794922,4461.025879,4357.436035,4380.641113,4327.563965
563,4202.436035,4523.333496,4193.205078,4473.974121,4459.743652,4355.897461,4380.897461,4327.307617
564,4202.436035,4522.051270,4192.820313,4467.436035,4459.230957,4354.871582,4382.051270,4324.487305
565,4201.922852,4521.282227,4193.974121,4461.538574,4459.743652,4355.000000,4383.077148,4319.743652
566,4200.256348,4520.769043,4195.256348,4458.461426,4460.512695,4355.384766,4382.820313,4314.487305
567,4197.051270,4520.000000,4195.897461,4457.563965,4461.025879,4355.384766,4381.922852,4310.256348
568,4193.717773,4518.717773,4195.641113,4457.692383,4461.153809,4354.743652,4381.538574,4308.717773
569,4192.820313,4517.948730,4195.384766,4457.692383,4461.282227,4354.358887,4382.179688,4310.000000
570,4195.384766,4518.077148,4195.384766,4457.948730,4461.410156,4354.615234,4383.846191,4313.333496
571,4200.256348,4519.358887,4195.769043,4458.717773,4461.282227,4355.128418,4385.384766,4316.538574
572,4204.358887,4520.897461,4195.897461,4459.487305,4461.153809,4354.743652,4385.512695,4318.205078
573,4205.000000,4521.282227,4195.641113,4458.846191,4460.897461,4353.461426,4384.487305,4317.051270
574,4201.410156,4519.743652,4194.871582,4455.897461,4460.769043,4351.538574,4383.205078,4313.589844
575,4195.128418,4516.666504,4194.487305,4451.025879,4460.128418,4349.743652,4382.692383,4309.487305
576,4189.743652,4514.230957,4195.256348,4446.410156,4459.358887,4348.717773,4382.820313,4307.051270
577,4187.563965,4513.846191,4196.666504,4444.102539,4458.974121,4348.589844,4383.205078,4307.563965
578,4187.948730,4514.487305,4197.307617,4443.846191,4459.358887,4349.230957,4383.333496,4310.000000
579,4188.461426,4513.589844,4196.153809,4443.461426,4460.384766,4350.000000,4383.333496,4310.897461
580,4186.666504,4509.358887,4193.589844,4440.384766,4461.282227,4350.512695,4383.333496,4307.692383
581,4182.948730,4503.077148,4191.025879,4435.256348,4461.410156,4350.256348,4383.333496,4300.641113
582,4179.358887,4497.307617,4189.871582,4431.025879,4460.641113,4349.230957,4383.333496,4293.846191
583,4177.820313,4494.615234,4190.769043,4430.897461,4459.743652,4348.461426,4383.205078,4291.666504
584,4178.205078,4495.512695,4192.948730,4435.641113,4459.102539,4349.102539,4383.077148,4296.025879
585,4179.102539,4498.846191,4194.487305,4442.179688,4459.230957,4351.538574,4382.563965,4304.487305
586,4178.589844,4502.436035,4194.102539,4446.666504,4460.128418,4354.743652,4381.794922,4312.051270
587,4175.897461,4503.717773,4192.307617,4447.179688,4461.153809,4356.538574,4381.282227,4315.128418
588,4171.666504,4501.922852,4190.897461,4444.871582,4461.666504,4355.641113,4381.538574,4313.333496
589,4167.820313,4498.974121,4190.769043,4442.563965,4461.666504,4352.436035,4382.563965,4309.230957
590,4165.897461,4497.051270,4191.794922,4442.692383,4461.538574,4349.487305,4383.717773,4306.410156
591,4165.769043,4497.179688,4192.692383,4445.000000,4461.794922,4349.230957,4384.102539,4307.051270
592,4166.410156,4498.589844,4192.307617,4447.307617,4462.436035,4351.538574,4383.205078,4310.512695
593,4167.179688,4499.358887,4191.153809,4447.051270,4462.948730,4354.487305,4381.794922,4313.333496
594,4168.974121,4498.846191,4190.384766,4443.461426,4462.692383,4355.256348,4380.769043,4312.563965
595,4172.179688,4497.948730,4190.256348,4437.948730,4461.794922,4353.077148,4380.897461,4307.692383
596,4176.410156,4497.820313,4190.512695,4433.333496,4460.512695,4349.487305,4382.051270,4300.897461
597,4180.897461,4498.717773,4190.641113,4430.512695,4459.871582,4347.563965,4383.205078,4295.000000
598,4184.102539,4499.871582,4191.025879,4428.589844,4460.128418,4348.333496,4383.461426,4291.538574
599,4185.897461,4500.256348,4191.794922,4426.282227,4461.153809,4351.025879,4382.820313,4290.512695
600,4187.051270,4499.615234,4193.077148,4423.974121,4462.179688,4352.692383,4381.410156,4291.025879
601,4189.102539,4499.358887,4194.358887,4423.589844,4462.436035,4352.051270,4380.128418,4292.692383
602,4192.307617,4501.282227,4195.384766,4427.051270,4462.051270,4349.615234,4379.358887,4295.641113
603,4195.769043,4505.897461,4195.897461,4433.974121,4461.410156,4348.077148,4379.615234,4300.000000
604,4197.692383,4511.410156,4195.641113,4441.538574,4460.897461,4349.358887,4380.512695,4305.256348
605,4197.948730,4515.641113,4194.358887,4446.410156,4460.641113,4353.205078,4381.666504,4310.769043
606,4197.692383,4517.436035,4192.436035,4447.948730,4460.897461,4357.307617,4382.692383,4315.769043
607,4198.589844,4517.948730,4191.025879,4448.205078,4461.410156,4359.743652,4383.077148,4319.871582
608,4201.282227,4518.974121,4191.153809,4449.615234,4462.051270,4359.871582,4382.948730,4322.307617
609,4205.128418,4521.282227,4193.077148,4453.077148,4462.307617,4358.846191,4382.307617,4323.333496
610,4208.589844,4523.974121,4196.410156,4457.051270,4462.307617,4357.820313,4381.282227,4323.205078
611,4210.384766,4524.615234,4200.256348,4458.589844,4462.179688,4357.563965,4380.641113,4321.666504
612,4209.615234,4521.922852,4202.820313,4455.897461,4461.666504,4357.692383,4380.769043,4318.461426
613,4207.307617,4516.922852,4201.922852,4449.358887,4461.025879,4357.948730,4381.282227,4313.589844
614,4204.615234,4512.563965,4197.436035,4441.794922,4460.384766,4357.692383,4381.538574,4308.205078
615,4202.307617,4511.282227,4191.794922,4436.410156,4460.256348,4357.307617,4381.282227,4304.358887
616,4200.512695,4513.205078,4188.589844,4434.871582,4460.512695,4356.794922,4380.897461,4302.948730
617,4199.230957,4515.897461,4189.743652,4436.282227,4461.153809,4356.538574,4381.282227,4303.461426
618,4199.230957,4517.563965,4194.102539,4438.846191,4461.666504,4356.794922,4382.820313,4305.000000
619,4201.666504,4518.589844,4199.102539,4441.666504,4461.922852,4357.436035,4384.487305,4307.436035
620,4206.153809,4520.000000,4202.179688,4443.974121,4462.051270,4358.205078,4384.743652,4310.256348
621,4211.025879,4521.794922,4201.922852,4445.384766,4461.922852,4358.589844,4382.948730,4312.820313
622,4214.230957,4522.563965,4198.717773,4445.769043,4461.794922,4358.461426,4380.256348,4314.615234
623,4214.358887,4521.410156,4194.615234,4445.641113,4461.410156,4357.948730,4378.333496,4315.769043
624,4212.307617,4520.000000,4191.922852,4446.538574,4461.153809,4357.563965,4378.461426,4317.051270
625,4210.641113,4520.769043,4191.666504,4449.615234,4461.410156,4357.948730,4380.256348,4319.487305
626,4211.282227,4524.615234,4193.333496,4454.871582,4462.051270,4358.717773,4382.179688,4323.205078
627,4213.974121,4530.128418,4195.256348,4459.871582,4462.820313,4359.487305,4383.077148,4327.436035
628,4216.282227,4534.615234,4196.153809,4462.436035,4463.205078,4359.487305,4382.692383,4331.410156
629,4216.153809,4535.384766,4195.897461,4462.051270,4462.692383,4358.205078,4381.922852,4334.487305
630,4213.589844,4532.436035,4195.512695,4460.641113,4461.666504,4356.538574,4381.538574,4336.025879
631,4210.000000,4527.563965,4196.153809,4460.384766,4460.641113,4355.512695,4381.666504,4335.897461
632,4206.794922,4523.205078,4197.692383,4461.538574,4460.128418,4356.282227,4382.307617,4333.846191
633,4204.102539,4520.256348,4198.717773,4462.051270,4460.128418,4358.461426,4382.563965,4330.512695
634,4200.897461,4518.205078,4198.205078,4460.000000,4460.769043,4360.641113,4382.179688,4326.922852
635,4196.538574,4516.025879,4196.153809,4454.871582,4461.538574,4361.282227,4381.794922,4324.358887
636,4191.794922,4513.461426,4193.589844,4448.589844,4461.922852,4360.000000,4381.922852,4323.846191
637,4188.205078,4511.538574,4191.794922,4443.846191,4462.051270,4358.333496,4382.820313,4325.000000
638,4186.282227,4510.641113,4191.282227,4442.563965,4461.922852,4357.692383,4383.846191,4326.282227
639,4184.615234,4509.743652,4191.153809,4443.846191,4461.666504,4358.333496,4383.974121,4326.153809
640,4181.410156,4507.563965,4190.512695,4445.000000,4461.794922,4358.974121,4383.205078,4323.717773
641,4176.922852,4504.615234,4188.974121,4444.487305,4462.051270,4357.692383,4381.922852,4320.000000
642,4173.717773,4502.820313,4187.563965,4442.307617,4462.307617,4354.743652,4381.025879,4317.307617
643,4173.974121,4503.846191,4187.692383,4440.769043,4462.307617,4351.410156,4381.153809,4317.051270
644,4177.820313,4507.692383,4189.230957,4441.410156,4461.794922,4349.615234,4382.051270,4319.358887
645,4182.820313,4512.436035,4191.282227,4444.102539,4460.897461,4349.871582,4383.205078,4322.948730
646,4185.897461,4515.641113,4192.563965,4446.666504,4460.128418,4351.153809,4383.717773,4325.384766
647,4185.769043,4515.897461,4192.692383,4447.563965,4459.871582,4351.538574,4383.717773,4325.256348
648,4183.846191,4513.589844,4192.307617,4446.410156,4460.384766,4350.897461,4383.461426,4322.307617
649,4183.077148,4511.538574,4191.666504,4444.743652,4461.410156,4350.128418,4383.077148,4318.589844
650,4185.256348,4511.794922,4191.025879,4443.974121,4461.922852,4350.769043,4383.077148,4316.153809
651,4189.230957,4514.487305,4190.000000,4443.974121,4461.538574,4352.948730,4382.948730,4316.025879
652,4192.179688,4517.179688,4188.974121,4443.846191,4460.000000,4354.615234,4382.820313,4317.179688
653,4192.307617,4518.205078,4188.846191,4443.077148,4458.461426,4354.102539,4382.692383,4318.077148
654,4190.769043,4517.563965,4190.128418,4442.179688,4457.563965,4351.666504,4382.563965,4318.461426
655,4189.871582,4516.666504,4192.051270,4441.794922,4457.820313,4349.358887,4382.436035,4319.102539
656,4191.282227,4516.153809,4193.077148,4442.436035,4458.974121,4349.102539,4382.179688,4320.384766
657,4194.358887,4515.769043,4192.692383,4443.333496,4460.512695,4351.282227,4381.922852,4321.794922
658,4197.179688,4514.871582,4191.666504,4443.717773,4461.794922,4354.230957,4381.794922,4322.436035
659,4198.333496,4514.102539,4191.282227,4443.589844,4462.051270,4355.256348,4382.051270,4321.922852
660,4198.461426,4513.717773,4192.436035,4443.077148,4461.410156,4353.717773,4382.563965,4320.512695
661,4198.333496,4513.846191,4194.871582,4442.692383,4460.769043,4351.153809,4382.948730,4319.102539
662,4198.846191,4514.487305,4196.922852,4442.563965,4461.153809,4350.000000,4383.205078,4318.717773
663,4199.743652,4515.769043,4197.179688,4442.692383,4462.820313,4351.538574,4382.948730,4320.384766
664,4200.000000,4517.436035,4195.384766,4443.461426,4464.615234,4355.000000,4382.179688,4323.461426
665,4199.230957,4518.974121,4193.077148,4445.384766,4464.871582,4358.589844,4381.538574,4326.538574
666,4197.692383,4519.487305,4191.794922,4448.077148,4463.589844,4360.000000,4381.282227,4327.948730
667,4195.897461,4518.589844,4192.051270,4450.256348,4461.666504,4358.974121,4381.410156,4327.563965
668,4194.615234,4517.307617,4193.205078,4450.897461,4460.384766,4356.794922,4381.922852,4326.666504
669,4194.358887,4516.922852,4194.358887,4450.256348,4460.256348,4355.128418,4382.436035,4326.538574
670,4195.769043,4518.461426,4195.000000,4449.230957,4460.769043,4354.871582,4382.820313,4327.563965
671,4198.589844,4521.410156,4194.871582,4449.487305,4460.897461,4355.897461,4383.205078,4328.717773
672,4202.307617,4524.871582,4194.358887,4451.666504,4460.128418,4357.436035,4383.589844,4328.974121
673,4206.153809,4528.205078,4193.717773,4455.384766,4458.846191,4358.846191,4383.717773,4328.205078
674,4209.102539,4530.384766,4193.717773,4458.974121,4457.820313,4359.358887,4383.205078,4326.922852
675,4210.512695,4531.538574,4194.358887,4460.897461,4457.948730,4358.846191,4382.436035,4326.153809
676,4210.256348,4531.794922,4195.128418,4460.512695,4459.102539,4357.436035,4381.794922,4326.282227
677,4208.846191,4532.051270,4195.641113,4458.846191,4460.256348,4355.897461,4381.666504,4327.948730
678,4207.051270,4533.205078,4195.384766,4458.077148,4460.512695,4355.384766,4382.307617,4330.512695
679,4205.897461,4535.512695,4194.615234,4459.230957,4460.000000,4356.153809,4382.820313,4332.948730
680,4205.384766,4538.205078,4193.333496,4462.051270,4459.743652,4357.307617,4383.077148,4334.487305
681,4204.487305,4539.230957,4191.922852,4464.102539,4460.384766,4358.205078,4382.948730,4335.000000
682,4202.051270,4537.051270,4191.282227,4462.948730,4461.282227,4358.589844,4382.820313,4334.487305
683,4198.589844,4532.179688,4191.666504,4458.205078,4461.666504,4358.461426,4382.820313,4332.307617
684,4195.256348,4525.641113,4192.563965,4451.410156,4461.538574,4357.563965,4383.077148,4327.948730
685,4193.461426,4518.974121,4192.948730,4445.000000,4461.282227,4356.025879,4383.205078,4321.410156
686,4193.333496,4513.589844,4192.179688,4440.897461,4461.153809,4353.589844,4382.820313,4314.743652
687,4194.230957,4511.025879,4190.769043,4439.358887,4461.282227,4351.153809,4382.179688,4310.384766
688,4195.256348,4512.051270,4190.384766,4440.128418,4461.538574,4350.000000,4381.794922,4310.256348
689,4196.153809,4516.025879,4191.410156,4442.436035,4461.666504,4350.897461,4382.051270,4314.230957
690,4197.563965,4521.410156,4193.461426,4445.641113,4461.794922,4353.461426,4382.820313,4320.384766
691,4199.743652,4526.282227,4195.384766,4449.230957,4461.794922,4356.153809,4383.461426,4325.769043
692,4202.692383,4529.615234,4196.410156,4453.077148,4461.922852,4357.307617,4383.333496,4328.077148
693,4204.743652,4531.025879,4196.282227,4456.538574,4461.922852,4356.153809,4382.563965,4327.307617
694,4203.974121,4530.384766,4195.384766,4458.846191,4461.153809,4353.589844,4381.666504,4325.384766
695,4199.871582,4528.461426,4194.358887,4459.615234,4459.871582,4351.666504,4381.538574,4324.871582
696,4194.487305,4527.051270,4194.230957,4459.230957,4458.717773,4351.922852,4382.307617,4326.922852
697,4191.410156,4527.307617,4194.871582,4459.102539,4458.589844,4354.230957,4383.589844,4330.769043
698,4192.692383,4528.974121,4195.641113,4460.000000,4459.615234,4357.179688,4383.974121,4333.974121
699,4197.051270,4530.000000,4195.384766,4461.538574,4461.282227,4359.230957,4383.205078,4334.871582
700,4200.897461,4529.487305,4194.230957,4462.692383,4462.307617,4359.102539,4381.922852,4333.077148
701,4201.794922,4527.948730,4192.948730,4462.692383,4462.179688,4357.307617,4381.282227,4329.743652
702,4199.615234,4526.794922,4192.563965,4461.538574,4461.025879,4354.871582,4381.538574,4326.922852
703,4196.410156,4527.051270,4193.333496,4460.256348,4459.871582,4353.461426,4382.179688,4325.769043
704,4194.743652,4528.717773,4194.615234,4459.615234,4459.487305,4353.717773,4382.436035,4326.410156
705,4195.897461,4530.769043,4195.641113,4460.000000,4460.128418,4355.769043,4382.179688,4328.077148
706,4199.358887,4532.436035,4196.025879,4461.025879,4461.538574,4358.077148,4381.666504,4329.487305
707,4203.333496,4532.692383,4195.512695,4462.563965,4462.692383,4359.358887,4381.666504,4330.512695
708,4206.282227,4532.051270,4194.230957,4464.230957,4462.692383,4359.358887,4382.179688,4331.282227
709,4207.307617,4531.538574,4192.948730,4465.897461,4461.666504,4358.717773,4383.077148,4332.692383
710,4206.153809,4532.051270,4192.563965,4467.179688,4460.128418,4358.846191,4383.589844,4334.871582
711,4202.692383,4533.205078,4192.436035,4467.436035,4458.974121,4360.512695,4383.589844,4337.179688
712,4197.436035,4533.717773,4191.794922,4466.794922,4458.717773,4362.948730,4383.077148,4338.461426
713,4192.051270,4533.205078,4190.769043,4465.512695,4459.358887,4364.102539,4382.307617,4338.077148
714,4188.461426,4532.051270,4190.000000,4464.615234,4460.384766,4362.307617,4381.538574,4336.794922
715,4188.205078,4531.282227,4190.384766,4464.102539,4460.897461,4357.179688,4381.282227,4335.128418
716,4191.153809,4530.512695,4191.410156,4462.820313,4460.256348,4351.025879,4381.410156,4333.077148
717,4193.974121,4527.820313,4191.794922,4458.589844,4458.846191,4345.512695,4381.666504,4329.102539
718,4192.307617,4520.128418,4190.384766,4448.717773,4457.563965,4340.897461,4382.051270,4320.897461
719,4183.077148,4506.410156,4187.179688,4432.563965,4457.051270,4335.512695,4382.563965,4307.179688
720,4168.333496,4489.487305,4183.717773,4413.333496,4457.820313,4328.717773,4382.948730,4290.128418
721,4154.871582,4475.769043,4182.307617,4397.563965,4459.358887,4322.563965,4382.948730,4275.256348
722,4149.871582,4471.666504,4184.743652,4392.307617,4460.897461,4321.153809,4382.692383,4268.846191
723,4156.025879,4479.487305,4190.000000,4400.641113,4461.666504,4327.820313,4382.436035,4274.358887
724,4170.256348,4496.153809,4195.128418,4419.615234,4461.538574,4341.538574,4382.948730,4290.512695
725,4186.410156,4515.512695,4197.307617,4442.179688,4461.025879,4357.692383,4383.589844,4311.282227
726,4199.358887,4531.922852,4196.025879,4461.282227,4460.897461,4370.256348,4383.461426,4330.000000
727,4207.179688,4542.179688,4193.333496,4472.948730,4461.153809,4376.282227,4381.794922,4342.563965
728,4210.256348,4545.641113,4191.410156,4477.692383,4461.410156,4376.538574,4379.230957,4347.948730
729,4210.256348,4544.358887,4191.153809,4478.333496,4461.282227,4374.230957,4376.922852,4347.820313
730,4208.461426,4540.897461,4192.436035,4477.307617,4460.897461,4371.922852,4376.538574,4345.000000
731,4206.282227,4537.179688,4194.102539,4474.871582,4460.769043,4370.256348,4378.461426,4341.153809
732,4203.974121,4533.717773,4195.256348,4470.769043,4461.153809,4367.563965,4381.410156,4336.666504
733,4201.794922,4530.128418,4196.153809,4464.743652,4461.410156,4362.820313,4383.717773,4331.922852
734,4200.384766,4526.538574,4196.922852,4457.563965,4461.282227,4356.794922,4384.230957,4327.179688
735,4200.256348,4523.461426,4197.692383,4450.897461,4460.641113,4351.922852,4383.333496,4323.077148
736,4201.410156,4521.025879,4197.820313,4445.897461,4460.128418,4349.871582,4382.179688,4320.128418
737,4202.563965,4519.487305,4197.051270,4443.717773,4459.871582,4350.641113,4381.794922,4318.589844
738,4202.307617,4519.102539,4195.384766,4444.230957,4460.256348,4352.051270,4382.563965,4318.461426
739,4200.512695,4519.615234,4193.333496,4446.153809,4460.897461,4352.307617,4383.717773,4319.102539
740,4198.461426,4520.000000,4191.410156,4447.307617,4461.153809,4350.897461,4383.974121,4319.487305
741,4196.922852,4518.974121,4190.512695,4446.282227,4460.641113,4348.589844,4383.077148,4318.589844
742,4196.538574,4517.307617,4190.897461,4443.846191,4459.615234,4346.922852,4381.922852,4316.666504
743,4197.563965,4517.179688,4192.179688,4442.563965,4458.846191,4347.307617,4381.538574,4315.128418
744,4200.000000,4520.128418,4193.461426,4444.487305,4458.846191,4349.487305,4382.179688,4315.769043
745,4202.820313,4524.615234,4193.974121,4449.487305,4459.358887,4351.794922,4382.436035,4318.205078
746,4203.461426,4527.051270,4193.589844,4454.871582,4460.128418,4352.051270,4381.410156,4321.153809
747,4200.512695,4526.025879,4193.333496,4457.436035,4460.769043,4349.743652,4379.487305,4323.205078
748,4194.871582,4522.948730,4193.205078,4455.641113,4461.538574,4346.153809,4377.948730,4324.230957
749,4189.230957,4520.641113,4193.205078,4451.025879,4462.179688,4343.333496,4378.077148,4324.102539
750,4186.153809,4520.512695,4192.563965,4446.410156,4462.307617,4342.307617,4379.871582,4323.333496
751,4186.025879,4521.153809,4191.538574,4444.358887,4462.051270,4342.307617,4381.922852,4321.666504
752,4186.666504,4520.384766,4191.025879,4444.743652,4461.282227,4342.179688,4383.205078,4319.230957
753,4186.153809,4517.436035,4191.666504,4445.641113,4460.641113,4341.410156,4383.461426,4316.666504
754,4184.487305,4513.846191,4193.461426,4445.384766,4460.512695,4340.512695,4382.820313,4314.615234
755,4184.102539,4512.179688,4195.384766,4444.102539,4461.025879,4340.256348,4382.179688,4313.461426
756,4186.922852,4514.358887,4195.897461,4443.205078,4462.179688,4340.897461,4381.794922,4313.333496
757,4192.051270,4520.128418,4194.743652,4443.974121,4463.205078,4342.179688,4381.666504,4313.846191
758,4196.538574,4526.282227,4192.563965,4446.410156,4463.333496,4343.205078,4381.794922,4314.358887
759,4197.948730,4529.102539,4190.897461,4448.717773,4462.563965,4343.974121,4381.666504,4314.230957
760,4195.897461,4527.820313,4191.153809,4449.487305,4461.153809,4344.743652,4381.410156,4313.589844
761,4192.436035,4524.743652,4192.820313,4448.974121,4459.743652,4345.769043,4381.666504,4313.461426
762,4189.871582,4522.436035,4194.358887,4448.077148,4458.846191,4346.666504,4382.692383,4314.102539
763,4189.871582,4521.410156,4194.743652,4447.436035,4458.717773,4346.922852,4383.589844,4314.743652
764,4191.538574,4520.128418,4193.846191,4446.282227,4459.358887,4346.666504,4383.589844,4313.974121
765,4193.461426,4517.051270,4192.692383,4442.948730,4460.384766,4345.769043,4382.563965,4310.641113
766,4193.974121,4512.436035,4192.563965,4436.666504,4461.153809,4344.230957,4381.410156,4305.384766
767,4193.333496,4507.307617,4193.589844,4428.205078,4461.538574,4342.179688,4380.897461,4300.128418
768,4192.179688,4502.179688,4195.256348,4419.743652,4461.666504,4339.487305,4381.666504,4295.769043
769,4189.871582,4497.820313,4196.410156,4413.717773,4461.922852,4336.410156,4383.077148,4292.179688
770,4185.512695,4494.102539,4196.153809,4411.025879,4462.179688,4333.333496,4383.974121,4289.102539
771,4178.717773,4491.282227,4194.102539,4410.512695,4462.051270,4331.282227,4383.974121,4286.666504
772,4171.922852,4489.487305,4191.153809,4410.384766,4461.410156,4330.897461,4382.948730,4285.384766
773,4168.205078,4489.615234,4189.102539,4410.000000,4460.256348,4331.794922,4381.666504,4285.512695
774,4168.974121,4492.307617,4188.974121,4410.256348,4459.358887,4333.205078,4381.025879,4286.794922
775,4172.436035,4496.922852,4190.641113,4412.179688,4459.358887,4333.974121,4381.538574,4288.589844
776,4175.641113,4501.410156,4192.820313,4415.384766,4460.384766,4333.846191,4382.692383,4290.384766
777,4176.025879,4503.846191,4193.846191,4417.820313,4461.538574,4333.846191,4383.846191,4291.922852
778,4173.974121,4503.205078,4193.461426,4417.820313,4462.436035,4334.358887,4384.102539,4292.436035
779,4172.051270,4500.641113,4192.307617,4415.897461,4462.692383,4335.256348,4383.717773,4292.051270
780,4173.333496,4498.717773,4191.153809,4414.358887,4462.179688,4336.410156,4383.205078,4291.538574
781,4178.589844,4499.615234,4190.512695,4415.769043,4461.153809,4337.179688,4382.948730,4292.179688
782,4185.897461,4503.461426,4190.641113,4420.256348,4460.128418,4337.692383,4382.948730,4294.358887
783,4192.307617,4508.205078,4191.410156,4426.025879,4459.230957,4338.333496,4382.692383,4297.179688
784,4195.769043,4511.538574,4192.307617,4430.256348,4458.974121,4339.743652,4382.307617,4300.000000
785,4197.051270,4512.692383,4192.436035,4432.179688,4459.102539,4341.666504,4382.179688,4302.820313
786,4197.563965,4512.820313,4191.666504,4433.077148,4459.743652,4343.846191,4382.179688,4305.897461
787,4198.205078,4512.948730,4189.871582,4435.000000,4460.512695,4345.897461,4382.307617,4308.974121
788,4198.077148,4513.205078,4187.436035,4438.205078,4461.153809,4347.820313,4381.922852,4310.641113
789,4196.410156,4513.205078,4185.769043,4441.538574,4461.282227,4349.358887,4381.538574,4310.769043
790,4193.717773,4512.692383,4186.410156,4443.846191,4460.897461,4349.871582,4381.282227,4310.384766
791,4192.051270,4512.179688,4189.871582,4445.128418,4460.384766,4349.871582,4381.794922,4311.153809
792,4192.692383,4512.436035,4194.487305,4446.153809,4459.743652,4350.000000,4382.948730,4314.230957
793,4195.384766,4513.846191,4197.307617,4447.948730,4459.487305,4350.769043,4384.102539,4318.461426
794,4198.846191,4516.410156,4196.666504,4450.128418,4459.743652,4352.051270,4384.615234,4321.922852
795,4202.179688,4518.974121,4193.974121,4451.538574,4460.384766,4353.077148,4384.102539,4323.205078
796,4204.871582,4520.384766,4191.410156,4451.410156,4461.153809,4352.820313,4382.820313,4321.922852
797,4206.410156,4519.615234,4191.025879,4449.615234,4461.794922,4351.282227,4381.666504,4319.230957
798,4206.794922,4516.538574,4192.307617,4447.436035,4461.922852,4348.717773,4381.282227,4316.153809
799,4205.897461,4513.077148,4193.974121,4445.384766,4461.410156,4345.769043,4381.666504,4313.333496
800,4204.615234,4510.769043,4194.487305,4444.102539,4460.384766,4343.077148,4382.563965,4311.538574
801,4203.589844,4510.256348,4193.333496,4443.461426,4459.358887,4340.769043,4383.205078,4310.512695
802,4202.692383,4510.769043,4191.666504,4443.333496,4458.974121,4339.102539,4383.205078,4310.000000
803,4202.051270,4511.666504,4190.641113,4443.333496,4459.743652,4337.948730,4382.948730,4309.358887
804,4201.794922,4511.922852,4190.641113,4442.692383,4460.769043,4337.307617,4382.948730,4308.717773
805,4201.666504,4511.410156,4191.025879,4440.641113,4461.025879,4337.051270,4383.077148,4308.205078
806,4201.538574,4510.512695,4190.769043,4437.307617,4460.641113,4337.179688,4383.205078,4307.436035
807,4201.538574,4510.128418,4190.128418,4434.358887,4460.512695,4337.948730,4383.077148,4306.666504
808,4202.436035,4511.025879,4190.256348,4433.589844,4461.025879,4338.974121,4382.051270,4306.282227
809,4204.358887,4512.563965,4191.153809,4435.512695,4461.922852,4340.256348,4380.512695,4306.922852
810,4206.153809,4513.717773,4192.179688,4438.846191,4462.179688,4341.410156,4378.461426,4308.589844
811,4206.153809,4513.717773,4191.538574,4441.538574,4461.538574,4342.436035,4377.179688,4309.743652
812,4203.846191,4512.948730,4189.230957,4442.692383,4460.769043,4343.333496,4377.051270,4309.871582
813,4201.025879,4512.692383,4186.922852,4443.205078,4460.256348,4344.615234,4378.077148,4309.230957
814,4199.743652,4513.974121,4186.666504,4444.615234,4460.512695,4346.922852,4379.487305,4309.358887
815,4200.769043,4516.538574,4188.461426,4446.922852,4461.153809,4350.641113,4380.384766,4310.641113
816,4202.820313,4518.846191,4190.897461,4449.230957,4462.179688,4354.615234,4380.512695,4312.563965
817,4204.230957,4519.615234,4192.051270,4449.743652,4462.563965,4356.794922,4380.641113,4313.846191
818,4203.974121,4518.717773,4190.897461,4448.205078,4462.307617,4355.897461,4381.153809,4313.717773
819,4203.205078,4517.307617,4188.589844,4445.512695,4461.410156,4352.563965,4382.179688,4312.563965
820,4202.307617,4516.666504,4187.692383,4443.846191,4461.025879,4348.846191,4383.205078,4311.153809
821,4201.153809,4516.922852,4189.743652,4443.589844,4461.025879,4347.051270,4383.333496,4310.000000
822,4199.230957,4517.436035,4193.717773,4444.743652,4461.538574,4347.563965,4382.436035,4309.487305
823,4197.051270,4517.948730,4196.025879,4446.282227,4461.922852,4348.846191,4381.282227,4309.743652
824,4195.384766,4518.205078,4194.615234,4447.307617,4461.794922,4348.974121,4380.897461,4310.769043
825,4194.871582,4518.461426,4190.512695,4447.051270,4460.769043,4347.179688,4381.538574,4311.538574
826,4194.871582,4518.205078,4186.282227,4445.641113,4459.615234,4343.974121,4382.307617,4310.897461
827,4194.615234,4516.794922,4183.974121,4443.205078,4458.974121,4341.025879,4382.436035,4307.820313
828,4193.846191,4514.102539,4184.102539,4440.384766,4459.743652,4339.487305,4381.922852,4303.589844
829,4193.077148,4511.410156,4186.025879,4438.461426,4461.410156,4339.743652,4381.282227,4300.128418
830,4192.563965,4510.512695,4187.948730,4438.461426,4463.205078,4341.025879,4381.282227,4299.358887
831,4192.436035,4512.307617,4188.461426,4441.153809,4463.974121,4342.051270,4381.794922,4301.922852
832,4192.051270,4515.641113,4187.436035,4445.512695,4463.589844,4342.436035,4382.563965,4306.794922
833,4190.769043,4518.333496,4186.025879,4448.974121,4462.692383,4342.820313,4382.692383,4311.538574
834,4188.717773,4519.358887,4185.384766,4449.615234,4461.794922,4343.717773,4382.051270,4313.846191
835,4186.666504,4518.846191,4185.384766,4447.051270,4461.538574,4344.358887,4381.153809,4313.205078
836,4185.641113,4519.102539,4185.000000,4444.230957,4462.179688,4343.974121,4380.897461,4310.769043
837,4186.025879,4521.538574,4184.230957,4443.974121,4462.820313,4343.077148,4381.538574,4308.846191
838,4187.307617,4525.641113,4184.487305,4447.436035,4462.692383,4343.077148,4382.563965,4308.717773
839,4188.333496,4529.102539,4185.769043,4452.820313,4461.538574,4344.358887,4382.948730,4310.769043
840,4188.333496,4529.615234,4186.666504,4457.307617,4460.512695,4346.410156,4382.307617,4313.717773
841,4187.436035,4526.282227,4186.282227,4458.846191,4460.769043,4347.692383,4381.153809,4315.897461
842,4185.769043,4520.641113,4185.128418,4456.794922,4461.794922,4347.307617,4380.128418,4315.512695
843,4183.846191,4514.358887,4184.358887,4451.410156,4462.692383,4345.256348,4379.743652,4311.922852
844,4181.410156,4508.846191,4184.615234,4444.230957,4463.077148,4342.692383,4380.128418,4306.025879
845,4178.717773,4504.743652,4185.641113,4437.820313,4463.461426,4340.769043,4381.025879,4299.743652
846,4177.436035,4502.436035,4186.410156,4434.615234,4463.974121,4340.384766,4382.307617,4295.256348
847,4178.589844,4502.051270,4186.922852,4435.128418,4464.358887,4340.897461,4383.077148,4293.974121
848,4180.769043,4502.692383,4187.051270,4437.948730,4464.358887,4340.897461,4382.820313,4295.128418
849,4181.282227,4503.205078,4186.922852,4439.743652,4463.846191,4340.128418,4381.666504,4296.794922
850,4178.461426,4502.820313,4186.538574,4438.717773,4463.333496,4339.102539,4380.000000,4296.922852
851,4173.205078,4501.282227,4185.897461,4434.487305,4463.077148,4338.589844,4378.846191,4295.128418
852,4168.333496,4499.102539,4185.128418,4429.358887,4463.589844,4338.717773,4378.974121,4292.436035
853,4166.794922,4497.436035,4184.358887,4426.666504,4464.358887,4338.333496,4380.256348,4290.512695
854,4168.461426,4496.922852,4183.846191,4427.436035,4465.384766,4336.410156,4381.538574,4290.384766
855,4171.025879,4496.282227,4183.589844,4430.256348,4465.769043,4332.820313,4382.051270,4291.025879
856,4171.666504,4493.589844,4183.717773,4431.410156,4465.384766,4328.717773,4381.666504,4290.641113
857,4170.256348,4488.846191,4183.974121,4428.717773,4464.358887,4325.769043,4381.025879,4287.948730
858,4168.589844,4484.743652,4184.230957,4423.589844,4463.077148,4325.128418,4381.025879,4283.974121
859,4168.205078,4484.102539,4184.230957,4419.871582,4462.436035,4326.282227,4381.666504,4280.769043
860,4168.717773,4486.538574,4183.717773,4420.128418,4462.307617,4327.563965,4382.692383,4279.102539
861,4167.820313,4489.358887,4182.820313,4423.205078,4462.179688,4327.692383,4383.205078,4278.717773
862,4164.871582,4489.615234,4182.307617,4425.128418,4461.538574,4326.153809,4383.077148,4278.846191
863,4161.153809,4487.948730,4182.179688,4423.717773,4460.897461,4324.230957,4382.179688,4279.358887
864,4159.743652,4486.666504,4182.307617,4420.769043,4460.897461,4323.717773,4381.410156,4280.384766
865,4161.794922,4487.692383,4182.563965,4419.615234,4461.666504,4325.128418,4381.153809,4281.666504
866,4166.025879,4490.897461,4183.077148,4421.922852,4462.307617,4327.179688,4381.410156,4283.461426
867,4170.000000,4495.000000,4183.589844,4426.538574,4462.563965,4328.205078,4381.794922,4285.897461
868,4171.922852,4498.205078,4183.846191,4430.897461,4462.179688,4327.307617,4382.179688,4288.717773
869,4171.794922,4499.487305,4183.717773,4433.077148,4461.410156,4325.384766,4382.179688,4291.025879
870,4171.794922,4499.487305,4184.102539,4432.692383,4460.512695,4324.358887,4381.794922,4291.666504
871,4172.692383,4498.974121,4185.256348,4430.769043,4460.000000,4325.128418,4381.410156,4290.256348
872,4173.846191,4497.692383,4185.897461,4428.205078,4460.641113,4326.922852,4381.025879,4287.563965
873,4173.077148,4494.487305,4184.615234,4425.000000,4462.051270,4327.563965,4380.897461,4284.487305
874,4169.487305,4488.589844,4181.666504,4420.641113,4463.077148,4325.512695,4381.410156,4281.282227
875,4163.974121,4481.922852,4178.846191,4415.128418,4462.692383,4320.769043,4381.922852,4277.820313
876,4158.846191,4478.077148,4177.820313,4410.641113,4461.282227,4315.384766,4382.179688,4274.487305
877,4156.538574,4479.102539,4178.333496,4409.615234,4459.487305,4312.563965,4382.179688,4272.563965
878,4157.307617,4483.846191,4179.615234,4412.307617,4458.461426,4313.717773,4381.922852,4273.077148
879,4158.846191,4488.461426,4180.384766,4416.410156,4458.846191,4317.563965,4382.051270,4275.128418
880,4159.230957,4489.358887,4180.256348,4418.205078,4460.769043,4320.769043,4382.436035,4276.666504
881,4157.820313,4486.153809,4179.230957,4416.282227,4463.333496,4321.153809,4382.692383,4275.897461
882,4155.769043,4481.410156,4178.846191,4412.692383,4464.871582,4318.461426,4382.436035,4273.077148
883,4154.743652,4478.974121,4180.256348,4410.128418,4464.871582,4314.743652,4381.538574,4269.358887
884,4155.512695,4480.384766,4182.948730,4410.256348,4463.589844,4312.307617,4380.769043,4266.538574
885,4156.282227,4484.102539,4184.487305,4412.563965,4461.794922,4312.051270,4381.025879,4265.512695
886,4154.871582,4486.666504,4183.461426,4414.743652,4460.384766,4313.077148,4382.051270,4266.153809
887,4150.384766,4485.128418,4180.769043,4415.000000,4460.128418,4313.461426,4383.205078,4266.922852
888,4144.743652,4479.871582,4178.077148,4412.948730,4461.153809,4312.179688,4383.333496,4266.153809
889,4141.410156,4474.102539,4176.794922,4410.000000,4462.948730,4309.871582,4382.307617,4263.974121
890,4142.179688,4471.666504,4177.179688,4408.717773,4464.358887,4308.717773,4380.512695,4262.820313
891,4146.282227,4473.974121,4178.333496,4410.384766,4464.358887,4310.384766,4379.230957,4264.230957
892,4149.743652,4478.461426,4179.358887,4413.333496,4462.948730,4313.717773,4379.358887,4267.051270
893,4149.358887,4480.384766,4180.128418,4413.333496,4461.410156,4315.256348,4380.512695,4267.563965
894,4144.230957,4476.538574,4181.025879,4407.179688,4460.384766,4312.307617,4382.307617,4262.692383
895,4137.436035,4467.948730,4181.794922,4396.153809,4460.384766,4305.384766,4383.461426,4253.333496
896,4133.077148,4459.102539,4181.794922,4385.769043,4461.025879,4298.077148,4383.333496,4244.358887
897,4133.717773,4455.128418,4181.153809,4381.538574,4461.794922,4294.487305,4382.307617,4241.410156
898,4138.461426,4458.333496,4180.897461,4385.256348,4461.922852,4296.666504,4380.897461,4246.153809
899,4143.717773,4466.025879,4181.538574,4394.102539,4461.282227,4303.333496,4380.128418,4255.384766
900,4146.922852,4473.846191,4182.563965,4403.077148,4460.256348,4310.769043,4380.641113,4264.102539
901,4147.436035,4478.589844,4183.461426,4408.205078,4460.384766,4315.128418,4381.794922,4267.948730
902,4147.307617,4479.743652,4184.102539,4408.589844,4461.922852,4314.487305,4382.563965,4266.666504
903,4148.333496,4478.846191,4184.743652,4406.538574,4463.717773,4310.384766,4382.307617,4262.948730
904,4151.794922,4478.205078,4184.871582,4405.128418,4463.974121,4306.538574,4381.410156,4260.897461
905,4156.922852,4479.487305,4184.615234,4406.922852,4462.179688,4306.410156,4380.512695,4262.820313
906,4162.179688,4483.333496,4184.230957,4412.179688,4459.743652,4310.128418,4379.615234,4268.461426
907,4166.282227,4488.589844,4183.846191,4418.589844,4458.717773,4315.384766,4379.102539,4275.384766
908,4168.717773,4492.692383,4183.461426,4423.333496,4459.230957,4318.974121,4379.487305,4281.025879
909,4169.487305,4493.846191,4183.077148,4424.230957,4460.256348,4319.358887,4380.769043,4283.077148
910,4168.333496,4491.538574,4183.205078,4421.282227,4461.025879,4316.666504,4382.179688,4280.512695
911,4165.641113,4487.179688,4183.974121,4415.769043,4461.282227,4312.436035,4382.179688,4274.743652
912,4162.820313,4483.333496,4184.102539,4410.128418,4461.153809,4309.102539,4380.384766,4268.461426
913,4161.666504,4482.307617,4182.692383,4407.179688,4460.641113,4307.948730,4377.820313,4265.384766
914,4162.948730,4485.256348,4180.384766,4408.333496,4460.000000,4309.615234,4376.153809,4267.307617
915,4165.897461,4490.256348,4178.846191,4412.436035,4459.615234,4312.307617,4376.538574,4273.077148
916,4168.077148,4493.589844,4179.358887,4416.153809,4459.358887,4313.717773,4378.077148,4278.717773
917,4168.333496,4493.846191,4181.666504,4416.538574,4459.615234,4312.820313,4379.615234,4280.769043
918,4167.179688,4492.563965,4184.230957,4414.358887,4460.000000,4311.666504,4380.384766,4279.102539
919,4166.666504,4492.820313,4185.128418,4413.205078,4460.641113,4312.820313,4380.256348,4276.410156
920,4167.692383,4495.897461,4184.230957,4415.512695,4461.025879,4317.051270,4379.871582,4275.512695
921,4170.256348,4499.871582,4183.077148,4420.384766,4460.384766,4322.179688,4379.871582,4277.436035
922,4172.692383,4501.922852,4183.205078,4424.615234,4458.717773,4325.641113,4380.512695,4280.512695
923,4173.589844,4500.384766,4183.974121,4425.641113,4457.179688,4326.410156,4381.410156,4282.179688
924,4171.922852,4496.153809,4183.846191,4422.948730,4457.179688,4325.256348,4382.179688,4281.153809
925,4168.846191,4491.666504,4182.307617,4418.717773,4458.589844,4323.461426,4382.179688,4278.333496
926,4165.897461,4489.358887,4180.256348,4415.641113,4460.512695,4322.051270,4381.666504,4276.538574
927,4163.846191,4489.102539,4178.974121,4414.102539,4461.410156,4321.410156,4381.025879,4277.051270
928,4161.410156,4487.820313,4178.333496,4412.051270,4461.153809,4320.128418,4380.512695,4276.666504
929,4155.384766,4481.666504,4177.307617,4405.384766,4460.384766,4316.410156,4379.743652,4270.512695
930,4143.846191,4468.974121,4175.000000,4391.922852,4460.000000,4309.230957,4379.487305,4256.410156
931,4129.487305,4453.205078,4172.307617,4374.615234,4460.256348,4300.769043,4380.128418,4238.717773
932,4118.461426,4442.179688,4171.282227,4362.179688,4460.256348,4295.256348,4381.410156,4226.153809
933,4116.794922,4443.461426,4173.333496,4362.948730,4459.871582,4297.051270,4382.051270,4226.538574
934,4126.153809,4459.358887,4178.205078,4379.871582,4459.230957,4307.051270,4381.282227,4241.410156
935,4143.333496,4484.615234,4183.589844,4407.179688,4458.846191,4322.436035,4379.230957,4265.641113
936,4162.179688,4509.487305,4186.922852,4433.717773,4459.102539,4337.692383,4376.666504,4290.000000
937,4175.512695,4524.102539,4187.307617,4450.128418,4460.000000,4347.692383,4374.871582,4306.922852
938,4179.743652,4524.487305,4185.512695,4453.717773,4460.769043,4350.384766,4374.871582,4313.205078
939,4176.153809,4515.000000,4183.589844,4449.358887,4460.897461,4347.820313,4376.282227,4311.794922
940,4169.871582,4504.102539,4183.205078,4444.358887,4460.384766,4343.846191,4378.205078,4307.692383
941,4166.538574,4498.974121,4184.230957,4443.333496,4459.487305,4341.282227,4378.974121,4305.128418
942,4167.692383,4500.512695,4185.000000,4445.128418,4458.589844,4340.128418,4378.974121,4304.358887
943,4171.153809,4503.333496,4184.358887,4445.512695,4458.333496,4338.974121,4378.589844,4302.692383
944,4173.461426,4501.794922,4182.692383,4441.282227,4459.102539,4336.922852,4378.461426,4298.589844
945,4173.205078,4493.974121,4181.538574,4433.846191,4460.128418,4335.128418,4377.820313,4293.461426
946,4170.897461,4484.102539,4181.666504,4427.307617,4460.769043,4334.743652,4376.794922,4290.128418
947,4168.717773,4477.563965,4182.948730,4424.230957,4460.512695,4335.897461,4375.897461,4289.743652
948,4167.948730,4477.307617,4184.102539,4423.974121,4459.230957,4336.666504,4375.769043,4290.641113
949,4168.974121,4481.153809,4183.974121,4423.333496,4457.948730,4335.000000,4376.282227,4290.512695
950,4169.743652,4483.717773,4182.179688,4420.000000,4457.563965,4330.769043,4377.051270,4288.461426
951,4168.205078,4481.538574,4179.743652,4414.871582,4458.589844,4326.282227,4377.692383,4284.743652
952,4164.102539,4475.512695,4178.333496,4410.256348,4460.384766,4323.461426,4377.692383,4280.641113
953,4158.461426,4470.000000,4178.333496,4408.205078,4461.153809,4323.461426,4376.922852,4277.820313
954,4153.846191,4468.589844,4179.358887,4409.102539,4460.128418,4324.871582,4375.769043,4277.436035
955,4151.666504,4471.538574,4180.384766,4411.410156,4457.820313,4326.025879,4375.000000,4278.974121
956,4152.563965,4476.282227,4181.025879,4413.333496,4456.282227,4325.897461,4375.128418,4280.897461
957,4155.384766,4479.871582,4181.410156,4413.846191,4456.666504,4325.256348,4376.153809,4281.282227
958,4158.589844,4480.897461,4181.666504,4413.077148,4458.461426,4325.512695,4377.563965,4280.000000
959,4161.282227,4480.512695,4181.922852,4412.692383,4459.615234,4327.051270,4378.333496,4279.102539
960,4163.205078,4480.769043,4182.179688,4414.102539,4459.102539,4328.589844,4377.948730,4280.512695
961,4164.871582,4482.436035,4181.922852,4417.563965,4457.179688,4328.589844,4376.666504,4284.615234
962,4167.307617,4484.871582,4181.153809,4421.666504,4455.128418,4327.051270,4375.641113,4289.743652
963,4171.025879,4486.794922,4181.025879,4425.128418,4454.487305,4325.641113,4375.641113,4293.846191
964,4175.512695,4487.692383,4182.692383,4426.538574,4456.025879,4326.153809,4376.922852,4295.641113
965,4178.846191,4487.307617,4185.769043,4425.641113,4459.102539,4328.717773,4378.589844,4295.000000
966,4177.820313,4485.897461,4187.948730,4422.051270,4461.922852,4331.025879,4379.615234,4293.333496
967,4171.794922,4483.333496,4186.794922,4417.307617,4462.307617,4331.282227,4379.230957,4292.051270
968,4163.461426,4479.743652,4182.307617,4413.461426,4460.128418,4329.230957,4377.692383,4292.179688
969,4157.948730,4476.538574,4177.563965,4413.077148,4456.794922,4326.794922,4376.153809,4293.589844
970,4157.436035,4475.641113,4175.897461,4416.282227,4454.743652,4326.153809,4376.025879,4295.000000
971,4160.512695,4477.436035,4177.563965,4421.538574,4455.128418,4327.820313,4377.307617,4295.512695
972,4163.589844,4480.128418,4180.384766,4425.769043,4457.179688,4330.641113,4378.974121,4295.128418
973,4164.230957,4482.051270,4181.922852,4426.794922,4459.358887,4332.563965,4379.358887,4294.871582
974,4163.077148,4483.333496,4181.410156,4425.000000,4460.384766,4332.307617,4377.948730,4294.487305
975,4162.692383,4485.512695,4179.487305,4422.051270,4460.128418,4330.641113,4375.769043,4293.589844
976,4164.615234,4488.461426,4178.205078,4419.743652,4459.358887,4328.717773,4373.974121,4291.025879
977,4167.179688,4490.128418,4178.333496,4418.205078,4458.717773,4327.436035,4373.974121,4287.179688
978,4167.563965,4488.205078,4179.230957,4416.666504,4458.846191,4326.922852,4375.641113,4282.948730
979,4163.846191,4482.563965,4179.230957,4414.230957,4459.358887,4326.922852,4377.692383,4279.743652
980,4157.692383,4475.512695,4177.820313,4411.153809,4459.615234,4327.563965,4378.461426,4278.461426
981,4152.692383,4470.641113,4176.282227,4408.589844,4459.358887,4329.230957,4377.692383,4279.358887
982,4152.051270,4471.025879,4176.025879,4407.948730,4459.102539,4332.051270,4376.282227,4282.179688
983,4155.000000,4475.769043,4176.922852,4409.743652,4459.615234,4334.743652,4375.641113,4285.512695
984,4157.307617,4481.153809,4177.563965,4413.077148,4460.641113,4335.769043,4376.538574,4287.820313
985,4155.000000,4482.563965,4176.922852,4415.128418,4460.897461,4334.358887,4377.948730,4288.333496
986,4148.589844,4478.461426,4175.256348,4414.487305,4459.615234,4331.794922,4378.974121,4287.051270
987,4142.307617,4471.666504,4174.102539,4411.538574,4457.820313,4330.384766,4378.717773,4285.000000
988,4140.384766,4466.410156,4174.358887,4408.846191,4457.051270,4331.794922,4377.820313,4282.948730
989,4143.205078,4465.128418,4175.256348,4407.948730,4457.948730,4334.615234,4376.922852,4281.282227
990,4147.948730,4467.436035,4175.897461,4408.333496,4459.871582,4335.641113,4376.666504,4279.743652
991,4152.051270,4471.153809,4175.641113,4408.717773,4461.025879,4333.205078,4376.794922,4279.102539
992,4154.615234,4474.615234,4175.384766,4408.974121,4460.641113,4328.589844,4376.538574,4279.743652
993,4156.538574,4477.436035,4176.538574,4410.000000,4459.358887,4324.871582,4375.384766,4282.051270
994,4158.974121,4480.000000,4179.358887,4412.436035,4458.461426,4325.000000,4374.102539,4285.897461
995,4162.563965,4482.948730,4182.820313,4416.153809,4458.846191,4328.717773,4373.589844,4290.256348
996,4167.051270,4486.666504,4185.256348,4420.641113,4459.871582,4333.846191,4374.615234,4293.846191
997,4172.051270,4491.538574,4185.000000,4426.025879,4460.256348,4337.948730,4376.538574,4296.153809
998,4177.563965,4497.948730,4182.051270,4431.922852,4458.974121,4340.384766,4378.205078,4298.077148
999,4183.846191,4505.000000,4178.333496,4437.692383,4456.794922,4341.538574,4379.487305,4300.897461
1000,4190.256348,4510.641113,4176.794922,4441.153809,4455.384766,4341.794922,4380.000000,4304.102539
1001,4195.769043,4513.461426,4178.589844,4442.051270,4455.897461,4341.922852,4379.230957,4306.794922
1002,4198.974121,4514.358887,4182.436035,4441.666504,4458.205078,4342.051270,4377.179688,4308.077148
1003,4199.487305,4515.641113,4185.769043,4442.436035,4460.769043,4342.563965,4374.871582,4308.846191
1004,4198.205078,4518.589844,4186.666504,4445.641113,4462.051270,4343.589844,4373.846191,4310.384766
1005,4197.051270,4522.692383,4185.128418,4449.743652,4461.666504,4345.000000,4374.743652,4313.077148
1006,4197.051270,4525.384766,4182.051270,4452.948730,4460.641113,4346.794922,4376.922852,4316.025879
1007,4198.077148,4525.128418,4179.102539,4453.846191,4459.871582,4348.974121,4378.846191,4318.077148
1008,4199.358887,4522.179688,4177.820313,4453.461426,4459.487305,4351.282227,4379.102539,4318.589844
1009,4199.871582,4518.589844,4178.717773,4453.205078,4459.487305,4353.589844,4377.820313,4318.717773
1010,4199.871582,4516.153809,4180.641113,4454.358887,4459.743652,4355.641113,4375.769043,4319.743652
1011,4200.384766,4516.282227,4181.538574,4457.307617,4460.000000,4357.307617,4374.102539,4322.563965
1012,4202.179688,4518.589844,4180.769043,4461.025879,4460.256348,4358.333496,4373.461426,4326.153809
1013,4205.641113,4522.179688,4179.102539,4463.974121,4460.128418,4358.461426,4373.589844,4328.846191
1014,4209.871582,4525.256348,4178.717773,4465.384766,4459.487305,4358.077148,4374.102539,4329.230957
1015,4213.717773,4527.051270,4180.384766,4466.666504,4458.461426,4357.820313,4375.128418,4328.077148
1016,4215.641113,4528.333496,4183.589844,4469.358887,4457.692383,4358.205078,4376.666504,4326.794922
1017,4215.512695,4529.871582,4186.410156,4473.461426,4457.692383,4359.102539,4378.589844,4327.051270
1018,4213.974121,4531.282227,4186.538574,4476.153809,4458.333496,4359.615234,4379.615234,4328.461426
1019,4212.179688,4531.282227,4183.846191,4475.000000,4459.102539,4359.102539,4378.974121,4329.358887
1020,4211.025879,4529.487305,4179.743652,4470.256348,4460.000000,4357.948730,4376.538574,4328.461426
1021,4211.025879,4527.436035,4176.666504,4465.128418,4460.512695,4357.051270,4373.974121,4326.538574
1022,4212.307617,4526.666504,4176.282227,4463.461426,4460.384766,4357.563965,4373.077148,4326.025879
1023,4214.358887,4527.692383,4178.974121,4466.410156,4459.358887,4359.615234,4374.358887,4328.333496
