F3,F4,FC5,FC6,P7,P8,T7,T8
-0.44025884461149089599,0.32680706453539121181,0.68150650794956346701,0.81718488432557334633,0.77768251710880587080,-0.76801784465052069795,-2.36926140385078021211,0.13344699267065077142
-0.51870583226387478870,0.33630269052187744538,0.48260910236490378589,0.87181737354671284823,0.50611927808840428966,-1.09285620909943226309,-2.47536402740601868544,-0.34430992806779364690
-0.41873296105531510047,-0.19592353829240616303,0.35293864181699591276,0.69010171994603020096,0.20337864337914493551,-1.02396919621502258124,-2.58999049628128208411,-1.35369234085087941644
-0.10726818105883093035,-0.97507962245392698630,0.45839725188734431471,0.36630139229660002576,-0.15334521090131597587,-0.63094138831115764710,-2.74196520166080581760,-2.32317239532699426618
0.30159908475467550604,-1.38500141128536369273,0.75075406225496188473,0.11496542161763953493,-0.56713438565055906970,-0.24911098635370512722,-2.93551225309077334913,-2.44884377635416150554
0.61066203363052373732,-1.12284270908934824540,0.96073477358403847060,0.06714609447662070463,-0.95961927141877034764,-0.22507186066423559567,-3.14799594019929429578,-1.58757697738492820072
0.56611962436576523938,-0.27171419856837175644,0.87648205675528489955,0.26189215424247336284,-1.10525209439694993563,-0.63419911287892383189,-3.36867314315009336312,-0.29849982950759329503
0.07398614601995266715,0.75506366958715676052,0.51711486317779509214,0.61628746928006994388,-0.88007294332426799777,-1.21482493481131603730,-3.59820106316157817261,0.53207915040096331882
-0.58506827425297625034,1.50958920927696582659,0.10095490234927162465,0.94583838585517843178,-0.47335059747292218546,-1.41140745753692664621,-3.79196956953944974700,0.41239244983165257441
-0.89164992056679825971,1.65187046637150358741,-0.17528524809026552189,1.04285817331401409191,-0.16907608399291587653,-0.66846079626447907351,-3.87047269157173579046,-0.41296322412925612344
-0.51748085741767024803,1.02443750785485154786,-0.26448777222787367425,0.80599777578756348628,-0.11884105401220751430,0.90219396881560676160,-3.79377660069828692713,-1.26310280892985948853
0.32483597429113514332,0.00018600044019922928,-0.20801448323680035712,0.35443353316311398959,-0.29411069537438339072,2.50856358047753369434,-3.58653081638778514773,-1.49117196661743522945
1.09790182162071192629,-0.81380357922508661517,-0.00218603462911487988,-0.05460733271454624310,-0.55382380446287382547,3.15506818611055006585,-3.36707999041458982958,-0.91212422756508926280
1.40589207770167567979,-1.12686583071120627331,0.33373442051675211717,-0.22749741677394455519,-0.76297678006704283682,2.34180699496734412435,-3.29548637957965606660,0.13623030819954562443
1.18604173118784594898,-0.99446150210931016922,0.64761391725390804464,-0.16138355181592520249,-0.81437530793867918266,0.61484708096139217837,-3.42383871157121300044,1.12843625545367554075
0.61869084586383260582,-0.70923932718204329984,0.82349618523075551746,0.00392482981361549649,-0.64428871024648148857,-0.94686471913901748554,-3.65709485353148844311,1.59574558145203981852
-0.08146670273552068797,-0.41907285307782954353,0.78912931960505017237,0.14752171463301347321,-0.30992322492908341847,-1.48480678882922711992,-3.82985766980153119476,1.45245762058003458073
-0.64468685661465696679,-0.11470110528229710001,0.49010270130059518934,0.19892067234846372292,0.00823655680357115658,-0.81845103349078096588,-3.81256881966515859261,1.09891219476201551508
-0.71178055079116342441,-0.06048064278585709580,0.06453180706567003544,0.08560460782443304883,0.14030226923849337117,0.43213126195021750453,-3.58532386036926364881,0.91585756179458466253
-0.21862758533505816105,-0.44630625616411517820,-0.28638207961732203843,-0.18652754076435845709,0.07293189019894572023,1.40272805472785311309,-3.23537909710924154183,1.03573502267838057911
0.40773128696777549695,-1.00095699701895801681,-0.42973982270852079113,-0.46312520575415283552,-0.07435774270359460369,1.54152628909108568855,-2.92219702993958962978,1.34314721945369019984
0.70723063080038117700,-1.25763082129871173187,-0.26965674333708755661,-0.55841260291619343459,-0.23237750361815667777,0.94250459564963362524,-2.79822676661611646765,1.55365002960817166766
0.53563223376345803217,-0.91602762978970198038,0.07413090322911693175,-0.42984236890094745798,-0.38630363237411963206,0.30175659211913280489,-2.88489978465244423234,1.52703909627484191169
-0.01749820708794302612,-0.22180587002687116027,0.33341474801206333334,-0.20974669138160084714,-0.39899070984842693877,0.16219606223279717239,-3.04881591011299635241,1.21325929336601445740
-0.65394167552557525003,0.23979785235617109840,0.42314767741949932400,-0.06908464259426035092,-0.16674930350309416505,0.37614627233314346100,-3.12375783819617636183,0.70377644933273708627
-1.04187174977291863165,0.24942028394385734602,0.44913197555879708078,-0.06001920844632475244,0.16187748854923014741,0.46353438213342079699,-3.02737533435014016803,0.26864818713376364956
-1.08512713903644919533,0.02784368469787658687,0.52468143536399802773,-0.11217034229423634983,0.35985991748447282434,0.29407868424422212161,-2.77817837654389832025,-0.05545607547248621039
-0.82148157680244671131,-0.10491054001680120977,0.61725023002265977379,-0.14663867994544582674,0.26606270417625810243,0.01435029818726438894,-2.46662943237427878529,-0.23497902353460581315
-0.37249252896162921012,0.02850492364215608324,0.57046849758630757687,-0.11382142403659036012,-0.10192263400533936590,-0.36835434306308018071,-2.23415697553291758837,-0.01932404571790195119
-0.00427054045706964838,0.32207932059712823802,0.34246574396845863575,-0.00809361002757384707,-0.44611712616535470488,-0.68390978430325322091,-2.19121985792359286194,0.46566010299011006968
0.05791615100896661816,0.57019127664789814869,0.00331502927742658533,0.09967021156682351335,-0.48825725635719974260,-0.62677954657649981307,-2.32974317690214371979,0.71363406290345787752
-0.18357730081931353250,0.69112149363825559067,-0.34741287467234432951,0.13846160839314061719,-0.21470613157151322015,-0.21369943940822702655,-2.57873787135936671788,0.48123588007991019433
-0.49146734244975798234,0.67731749410201347317,-0.50834470427770384049,0.10201291320224770143,0.18654420958267672881,0.33311001023124081621,-2.85424585692213605981,-0.03285074855918011100
-0.58850913251069003618,0.53991862838881532483,-0.37021229956468981737,0.04265757552489304189,0.43508852330796937702,0.69847323180031950507,-3.06754764575846916586,-0.43001798207516800376
-0.43197808313231439437,0.37711733812854747461,-0.10790582859633696122,0.05145048424983082042,0.39255496064983091964,0.62672189808680911494,-3.18608573742248202265,-0.44012670758233585211
-0.24801369454880367593,0.33042585793594825283,-0.06977709431410378249,0.14059171897414951546,0.18511839478048677798,0.21333406558823639343,-3.18906371492917406485,-0.20442325558816074049
-0.26449409902425191632,0.35098600293960263707,-0.47946607349143494092,0.19649914316158237360,0.06618383593591500857,-0.23887164528291984777,-3.03990360274706139521,-0.09395153235790572321
-0.43596769414478619975,0.28872142793423799523,-1.11148882189311404289,0.13124559707916833018,0.18196641101134494733,-0.39404717125227778363,-2.79447089523303704439,-0.22869506407146653060
-0.57392486152203825434,0.21933191725273909478,-1.50542709334231306073,-0.00828854802037196775,0.42317345917246568243,-0.01439259945712534870,-2.59171094291642623020,-0.50357013008769624385
-0.63324201105128907763,0.32371942796860114777,-1.42800022635671752802,-0.07439608103350602020,0.58914749069206084897,0.67130601026773739637,-2.56335943157257695191,-0.77865842900940829274
-0.58505908852543464516,0.51833791830454567506,-0.94765987424661235483,0.00616622484541751170,0.55421273141015148234,0.98791083998898565621,-2.73000860786716836870,-0.86584278246647661259
-0.29908756112841833330,0.35585043748445283063,-0.33026893619816161118,0.09101204038681692809,0.29942029760810784378,0.41943221897877630555,-2.92381210544727965228,-0.79915504894859501483
0.22092093301002396766,-0.48259317828054187904,0.13316964417524526643,0.00740418374329716595,-0.03107837485675511713,-0.92601315560446795239,-2.97255147153717391717,-0.79040621247873088517
0.78415597216609256304,-1.56161764896204746655,0.23968870477275208697,-0.23927214046794659241,-0.26536499826621240405,-2.24718079298821393763,-2.86533966823123753542,-0.77686251359708613506
1.11951451931888468216,-1.99664132394540816406,-0.05465658654871792532,-0.49600099395855251627,-0.34325053416608836132,-2.57040613763791414570,-2.67621195876044071227,-0.53557464191250836461
0.99882974658638679077,-1.34500808417223249869,-0.51930560236128364693,-0.56976652525066995292,-0.25279282343080122786,-1.69568667366211567327,-2.52007197091567070046,0.01444799893343334633
0.47070560260751470594,-0.03049437453188853439,-0.84900287534760587871,-0.41690485458945480968,-0.00577441517567245117,-0.26925427861010670094,-2.46968257356130793667,0.64791308996543561793
-0.19617911470635657212,1.01266748455175181753,-0.96239318173319365890,-0.19653048611629755915,0.33424884934945758852,0.90562440700816126959,-2.47121401668393048112,0.77622894232562433814
-0.66855056255838085644,1.12946924797640479987,-0.93687063916537705044,-0.08967465293621346145,0.59693617690721567648,1.24988558655661496921,-2.44870023090601485194,0.03202323835533148200
-0.68204256573584065571,0.40707513916510529306,-0.81699090626444892393,-0.16685791218298984262,0.57076555120034377921,0.70215533589074863308,-2.37767848544239335240,-1.31375806980533571533
-0.33091333968322617087,-0.42816111001930245994,-0.61547021149646674587,-0.32316419510015154115,0.25271070752160917916,-0.14279057990414104062,-2.30801042602444317353,-2.64356166619314159050
0.14613962624205342755,-0.60814246579294239936,-0.38286821020817068950,-0.37905281102868071397,-0.16441920451216499033,-0.52628029949831944823,-2.34637779467356200058,-3.23965050248890573670
0.64816748158842552030,-0.11129097450551535264,-0.17851669589151616946,-0.29782476918356642903,-0.47831714966650196175,-0.24399912400290887926,-2.51692702603354989677,-2.83040500084264223801
1.05543872369909874642,0.38162744171224322054,-0.03941730282736697483,-0.18495920718263048066,-0.54438657571363224807,0.32217882757234267421,-2.73273366264269856885,-1.92973122163674681850
1.28156852664988840651,0.34911981646188056105,-0.02131566898958698469,-0.16232205582457009951,-0.37761585467333819155,0.76238157533302997049,-2.87843137260160419899,-1.13414430987433978437
1.27875562017378885393,-0.12718012369388878580,-0.18044737766414625790,-0.24112962905766741062,-0.10347823384915418032,0.73817433842520840948,-2.92181436385896553531,-0.65935862941503997625
1.09848448082850458363,-0.56705881237573974030,-0.38442068985821165050,-0.28194332706069996641,0.14202413208665193300,0.15845574236398196621,-3.00040134971963290411,-0.33963044998169944488
1.00067927999704475717,-0.55750500617202713993,-0.37288242937847654312,-0.17610047143474905074,0.24563895308710848031,-0.47746482045985527698,-3.24494567462631788857,0.17393367560587244536
1.06142889832207854006,-0.21679344392219007664,-0.16061815955496122621,0.02384556003915875091,0.30330537134720281234,-0.73849938260425584957,-3.59071260740704722991,0.81615205135574553363
1.09452274029504859065,0.02139892807432823216,-0.05445753785013426190,0.16656954719314520652,0.52751702655206123005,-0.56838735345989344072,-3.82811227667815989761,1.22820408878485110016
0.90812652682624839251,0.00762009723384912945,-0.31479277935356614337,0.14214991885295358287,0.94653627337201662328,-0.01798413820059328178,-3.76390839379197439385,1.24862879697783069055
0.46152785978935145783,-0.11052222988085731725,-0.89453994116675961124,-0.01876226378895083993,1.32775893607599759783,0.47976074801717688567,-3.40960254082769731454,0.96474114031176438910
0.04671493721787949721,-0.15838860006283575488,-1.40826877198162225824,-0.23306308925472546401,1.32284047253528735943,0.60542546917543571539,-2.95713571591937940397,0.74852147847066252684
-0.05057606932737838956,-0.10431710697028893919,-1.51109398218257773294,-0.45159860103120047503,0.89169962650614387201,0.54289111713312210306,-2.59782860201536891509,0.85039902905040187786
0.18491934325001821438,-0.13427961637287344487,-1.18738460744335805330,-0.65222283330319663630,0.34190481558781132820,0.44437070859450139571,-2.41404926278553766394,1.08394212104567966293
0.59415600080271657735,-0.38871691202555452849,-0.67781259705030250107,-0.82569123224045748444,-0.04184583913600634780,0.39248976793220480275,-2.35029197961950586659,1.11371054747820541486
0.69327046337587594493,-0.66463904521273242665,-0.35435230714210869118,-0.89941699344782100045,-0.08246983812542314773,0.20998728992363185908,-2.29851071860469424735,0.64768908464926766566
0.08919634203465996725,-0.57928948673386393420,-0.40060689264641174967,-0.80852893706610196034,0.14525650140189710902,-0.43967384776513152023,-2.13823994330483024839,-0.18779810060510007674
-0.97621268229143520756,-0.06901866622638340443,-0.62437704342021249637,-0.64677241032833587830,0.36614637755381168605,-1.37318847882339101218,-1.80138618162818264778,-0.83218391354281406880
-1.87177850450822047534,0.43084080667828217326,-0.74912253255938243690,-0.60079022190631803380,0.41584523332880013458,-2.07180672732473292186,-1.40017167174980938782,-0.93485390476203744647
-1.94711431015007430112,0.38921812613680645265,-0.62711746547335689428,-0.81092470364933932903,0.17464820993170718233,-2.11714739448425559587,-1.11022682929086036197,-0.50419179453830897941
-1.04451433560927919864,-0.34611687440562105555,-0.34478456523463268946,-1.23531251859060020593,-0.32859409215214602229,-1.57264665730571207014,-1.05193464807672443229,0.24595655217309234097
0.24993545244663967209,-1.32070192474194625376,-0.22245796224583999634,-1.62904662990102044873,-0.82030744675265399035,-0.93863418161607836687,-1.26640037525469506541,1.00857693047716501233
1.11516199517534730923,-1.75695428056356584001,-0.38992290193992318326,-1.74934359904132930019,-1.08757357629030204649,-0.40722851245676544574,-1.61892127407420516327,1.42712179176827147487
1.02506067614553564304,-1.34351684167602236641,-0.63564960582706553360,-1.54368904564328568441,-1.02620599605267037724,0.02747270434284911772,-1.89432989260404704979,1.08107554078875001125
0.13467761688049326163,-0.52613573460396412251,-0.73383139404670327810,-1.20129218309335805692,-0.70199722167701705811,0.25874793653114974701,-1.93362946477102237708,-0.03388502137580626239
-0.80414651785620605562,0.05615410759519304934,-0.64312543867395066677,-1.00599021568635360602,-0.40838883113392704383,0.37765421813091631931,-1.69216186862854001127,-1.26178335817372144767
-1.13435535310848178980,0.15819609725472796868,-0.56571160194975056434,-1.06900081142778424770,-0.33592141754096821460,0.58774379207007021453,-1.35957221624291535456,-1.77293483444792654424
-0.79082119158584485152,0.02080383212332075071,-0.71301392671258634337,-1.26730446823354259145,-0.41615223630818959366,0.96070012644009405989,-1.19694451079253960657,-1.23226516498187210757
-0.32284488996550469997,-0.03699388334165197578,-0.98222921350552794273,-1.37827382231388972933,-0.40795123825162910025,1.26617077042420400623,-1.29369275390197224773,-0.25862083052158452157
-0.33947992122174575069,-0.03300934890392281940,-1.07739845935011380185,-1.25701374636221707703,-0.10588187741447226131,1.04925803744831847020,-1.61820038816549982563,0.10930697547765345912
-0.95629165325504317252,-0.12056145835000590949,-0.83833412661128625665,-0.94494490462225289029,0.40872919683910163835,0.25039635247957975350,-2.02766859045558334174,-0.61414891153140527269
-1.84225511382052209441,-0.25469439276822020135,-0.43625333249124848001,-0.60657430322039196380,0.87504645791020640999,-0.56854479137844204928,-2.31647247340911510705,-2.03174310406527336426
-2.33960763084882339413,-0.38527672937306262080,-0.16123107741540959603,-0.43924658113974784923,1.06608332665212457435,-0.80133810465218913155,-2.39423929618950159792,-3.07139961522457216603
-1.89642184742443342671,-0.60122603235117777487,-0.08136926190515859914,-0.57139492518276824295,0.88940260918650282385,-0.41635693931076461771,-2.29127299420465790902,-2.86972001023078471249
-0.72346623656150532700,-0.84782360557229863307,-0.10149751032942853912,-0.91890018175203214135,0.48456028355411095987,0.18705084188496889919,-2.08827056397193766557,-1.62117002157076095514
0.41773520249793183456,-0.88091524271842169824,-0.06619286527145543109,-1.23712330830296313167,0.10218117928124410831,0.69634030752377862328,-1.86554244492299980962,-0.32478389501593746269
0.93840938075727931000,-0.63682933945821063038,0.18623572200960528122,-1.33417513759979899923,-0.11599965289779240463,0.83628045964695663095,-1.66658947187133632539,0.09875100619746174369
0.79721762215398317419,-0.35058219941090612570,0.61338090536123412999,-1.20398023535687159757,-0.17609680879493919137,0.41183340325327927323,-1.51008744616760992585,-0.48992733002063632020
0.43444379888570516801,-0.23336627833177059355,0.94035191299822185051,-1.00959251863255294879,-0.18953371556129008924,-0.31379102955738141789,-1.38573186688758021035,-1.45874944966298381033
0.29200120418425534741,-0.19853144359331764690,0.94808406521873322959,-0.90117842726230756867,-0.25998512700384057705,-0.88837884044805337513,-1.29226710941090061624,-1.95272156784070261004
0.41993815048909527432,0.03093314918296042465,0.68802153330107129747,-0.88566816152350080760,-0.35584942129315638715,-1.03045862616043581994,-1.25006859036031081622,-1.44026509136915947806
0.60883553393174894008,0.47166418727433823133,0.38271777374211063405,-0.92867713684195074553,-0.36136772953508561335,-0.64452299888599151600,-1.23955090764956876725,-0.25146753982205360956
0.62339245453789948748,0.74905804751526727792,0.25631329353953463679,-1.00903291472551015495,-0.21734274315136617450,-0.05496386607873825214,-1.22008602683041611492,0.58693816658121134022
0.34734712201595058234,0.64481316196175375577,0.38846234410858360153,-1.07251982459829497962,-0.01469643390421437185,0.27921822498593057427,-1.17004262405567671657,0.38810818466852847752
-0.07711460290218540015,0.33148117592645498508,0.68040420111821997562,-1.08231744796995266178,0.08741299780270313236,0.29466555512699099673,-1.10134784733864421469,-0.64013683356973005711
-0.38093205581256861514,0.02071851330690892279,1.03994609202291798944,-1.05205207556421176385,0.07626115272560204938,0.10054789903824745689,-1.04954453897268473739,-1.70842266101684914226
-0.38294742818742305568,-0.21462471445410308268,1.38885556957576628001,-1.03414839285053017370,0.05798651292642872934,-0.13000148734210487111,-1.00905700486850391506,-2.16373761621714022496
-0.07232052974506096577,-0.38653432606485632617,1.58690663387334462975,-1.08034060588063107744,0.10916448799068008413,-0.26882994833770995635,-0.95000792869243255723,-1.91654356266263503628
0.33190525609698395826,-0.48377988898602181100,1.56314195478621953406,-1.18108382354611873843,0.26605217506533251903,-0.37684482147001413521,-0.84742700698626782785,-1.25883312528345681081
0.53398420176930050385,-0.49984880521895069805,1.36943999870856814027,-1.30764063550366227417,0.48254490359666835086,-0.45122625728475068696,-0.66690290170295274397,-0.68690192663858973265
0.45496802918328704823,-0.51642380747351468440,1.13604521502426036861,-1.42852084139828838794,0.64215107802025761519,-0.61510401969032257874,-0.44059936598322058110,-0.46578862116091102052
0.26743503528490197851,-0.56014519416952035513,0.96709290454712737439,-1.50270081104576225250,0.66018715242326375670,-0.86624132083515381630,-0.25224647294915236717,-0.44554525536015865406
0.09574561123897770698,-0.52041649396441902464,0.84508282785360577805,-1.50426245057201768418,0.52379566023085155635,-0.80885552791529291561,-0.13267275591559340997,-0.61943880374360149599
-0.06563329530718138571,-0.26098694942998379442,0.72091568668679117948,-1.40174520060811036437,0.29718836632408618392,-0.41928347780009866952,-0.10103095994027637416,-0.92826333641700442545
-0.15392479224124733239,0.23376537452802897965,0.58044493009262987382,-1.21963259659622158537,0.09064411732140982558,0.12090319323737358514,-0.18217019704788892098,-1.07988254737153765994
-0.14825001625434086616,0.80249771080028331482,0.46568462115664410739,-1.04218180672585325475,0.02714831385937165401,0.81659008881051342588,-0.36200933571865817617,-1.05145163575972699910
0.00093077543687986020,1.07913708572679478692,0.47967247219374542500,-0.96642669110278689448,0.14413294188005670859,1.44932942003666620501,-0.59299112457020597411,-0.91062225392651041656
0.42674182819679751244,0.68036017064346576699,0.64760615608545724076,-1.11132396657197540790,0.29862837032193845221,1.70223171342892465319,-0.74194697868306802579,-0.73409030200658942356
0.83424797697795582962,-0.14255003796126439197,0.81182818073855411711,-1.42468188312679644447,0.34214921843903695065,1.40579295683368821201,-0.65571866336936979192,-0.66996525324821698533
0.72179846893577914724,-0.61706509868283632159,0.72285236295237276227,-1.66329601037244767525,0.27375166906085335317,0.65886558206623502265,-0.36410371356464182879,-0.61185317832625629730
0.09359564087695147749,-0.43371403477135517246,0.29873233660364395536,-1.70496118682581387915,0.16193785616992464882,-0.09496040007173719988,-0.04204712921934385811,-0.44940967577380946940
-0.59477669909890962252,0.04832138237374478812,-0.24248734428000456864,-1.62370096150710385707,0.11978432191276805474,-0.34028233467940682822,0.14043091777872712678,-0.20076804168374837167
-0.79024858057328373206,0.20681231654774387407,-0.53808321594729435766,-1.56724708870501672209,0.24035758384435024215,0.06158861419013680200,0.05473364715711251383,0.21852342897789425735
-0.30153971189698031141,-0.28989129853213918553,-0.32098944069286039493,-1.62196017486747612324,0.47178311363626512787,0.67286722722500480476,-0.29549650773250768498,0.78286133636321431073
0.45346619912760643967,-1.09854537491436099472,0.32334812108394478392,-1.73503384280276540252,0.71579496866718195225,1.00736744540896960842,-0.73392217528120029524,1.27795435916244115582
0.94348776619778662589,-1.71557176004324096752,1.00105962650537327896,-1.83759784140661697194,0.91416193022411706970,0.93111394339663966502,-1.02688834182700827746,1.48923345313513255661
0.94957416003812900041,-1.85774723424993748466,1.35720085524748657058,-1.91500339588231205390,0.98939931840447314926,0.63798676034276335933,-1.00109109807227203426,1.36453850164960077684
0.49473851017047792977,-1.37213463601355356580,1.23826958714334867118,-1.92777501878602408603,0.93866409350435775494,0.50336717994718627178,-0.70985078807470880502,1.10252892152423087602
-0.12466607608436555688,-0.54240927810923378338,0.78758109260099273818,-1.86193050959104522413,0.86746623792560562105,0.70694912746486349153,-0.43712664300804221496,0.91000963079750307738
-0.39122226279399141546,-0.05643907631464987334,0.35018635002935483147,-1.82334699226251983895,0.83353299489997667582,1.21667361069612178781,-0.38584006656654040723,0.79171246494620584055
-0.05930778004848123730,-0.35829484226594637830,0.12929095373496268806,-1.91238243595864965130,0.83245317105218019638,1.65025676256261966124,-0.53088683932899249918,0.71880231948065476111
0.61921752499680116077,-1.27333710758080620451,0.14791686588673116920,-2.10117185610501966408,0.85310387904876738840,1.48381428658418346167,-0.70495747576197886897,0.73332093511162699251
1.11871210970000967144,-2.11057423516835118704,0.27203419568650416549,-2.27212659920049020457,0.89722931762372226672,0.84849231243244671585,-0.74309403939212737011,0.80054808097985297177
0.97588419515264734905,-2.17984466748166427763,0.21929564930957184954,-2.27058878008005970983,0.98196564611962666724,0.10315213030891413892,-0.66888845726817958148,0.84535111174327615124
0.25901901215426148539,-1.43125166466979392155,-0.10115110274989735917,-2.05178694416664741951,1.08461046926266213575,-0.50183914758574388326,-0.61690399377789595370,0.85678144840174819130
-0.47884507578186241705,-0.53339683431543127856,-0.43028008800096168018,-1.76114345864215726678,1.17109441049217366526,-0.58988294351254488834,-0.64726243564421437338,0.70485625879504232305
-0.74525681116356257139,-0.22103849508530151735,-0.46082390110904425384,-1.58565596706558675777,1.21411514935449438291,-0.19117537276577059591,-0.72531209139406704889,0.27413103846896358373
-0.42470176903169709615,-0.56276615000769925068,-0.17511828803192225346,-1.61836129205492773586,1.16500534392746213364,0.31905364344960773781,-0.72051190069490933521,-0.23451463801799482534
0.15443833147658556082,-0.98264588890650106379,0.20417692082637556306,-1.75924201417004932857,1.02886539615254601898,0.56883597911394589985,-0.55041210376157967410,-0.58884154232297158948
0.66135660955481001544,-0.92262457905237749145,0.50847798755254536296,-1.75556665655296839645,0.87967298291430617851,0.35154768188431584353,-0.36063270244576978163,-0.70552071662311865996
1.13092920682897291051,-0.30996673325204154859,0.70848915748915874957,-1.42772957995262195219,0.84885796154940185154,0.00149866829462363960,-0.37808183939746559110,-0.62491938732052587646
1.63264496315720641917,0.48878570185416964078,0.87416567689663893237,-0.78672194488349000974,1.10548386488359140500,-0.16930368669815076821,-0.63937762561239241954,-0.57583838999698777616
2.12364479808308947995,1.04823526042464276742,1.02853649877741371022,-0.04697965769295606164,1.65646684167865676507,-0.22966873679438801203,-0.94937674410753736254,-0.66415746401707620450
2.48403016651066410603,1.15885978901639075112,1.08209737943524575421,0.45031181368904227291,2.21452496051843583658,-0.28446573113480316808,-1.04080511715730406053,-0.86578790627973256644
2.58761950595721890167,0.77738298655305049234,1.07451762297865061058,0.43867115893686881023,2.30704614388059869867,-0.61106542083524906239,-0.79313917447975057495,-1.21661475651616246552
2.52525258436502708648,0.07587482825218591631,1.08078225334354338649,-0.12063717925256743635,1.58039546156229993024,-1.28984729283091992258,-0.37576570720937024772,-1.58739782528230644054
2.35230772721605818631,-0.41518850418773484146,0.95300940501034914210,-0.96947515302479214672,0.16313503227176115451,-1.84021203452101911324,-0.11160938959563787565,-1.75251595724527797771
1.98619528811943402147,-0.17819328403326969990,0.54729182475796356311,-1.68266189395896059722,-1.34083125832259719701,-1.80435284654174821206,-0.20015028418860167370,-1.44280706507582356934
1.54789728055409758767,0.61202981348462515143,-0.08536983401335776489,-2.03168349892747501784,-2.24701104094506121100,-1.09744213381944977215,-0.55315824935387536421,-0.53128891614802509213
1.24243520537024587647,1.22014125884235991037,-0.77787743935250031058,-2.12121856530366192928,-2.22886413026442209429,0.00930387727450187989,-0.83839300413263628808,0.50910858173007023098
1.12465576988215598675,1.25122296286950662747,-1.33299748872478041051,-2.14260762806813342962,-1.55027244530983110415,1.00700778636188781334,-0.81860591318234721125,1.08705051033507871239
1.06654085378400309558,0.95959857459355291098,-1.65671711543594701865,-2.16625338964488944882,-0.77929160366050143072,1.44626657001919523005,-0.57425901365114895292,1.03129333255526423052
0.89763299357048631499,0.78777839311755282203,-1.72264496556391999427,-2.14989879938291128525,-0.32257152423024565424,1.21287831010751201433,-0.36300264981824720278,0.51449308170402852092
0.74936518127845552772,0.92610156875032056956,-1.47199679698937102579,-2.04467929678684123829,-0.30833135571349457038,0.66237627484299832492,-0.39208968696729112891,0.07664916282310421658
0.81757546592966412469,1.22744426725144273327,-1.00873467027285701469,-1.86813987308416273869,-0.53238445584826488144,0.27876404950497651880,-0.59705001275060420873,0.18490038601139527352
0.94047836258813000132,1.44926591644337832143,-0.62058825640927839373,-1.66708231899266889897,-0.55160978700221430238,0.24387349623051046699,-0.72230428855187456261,0.72592368823531383537
0.89841532670560364515,1.43507987021231353530,-0.48509293135109943229,-1.48918888889715561596,-0.16192244562183391587,0.40211942900352176666,-0.63512772118591509507,1.27182942332988835332
0.74246306032614173276,1.12775016197486332992,-0.52435566710462866435,-1.39764758258950516634,0.37777862473244377961,0.43933302055702255773,-0.37449562105263328737,1.44556811182767264157
0.67927760572485940127,0.64223842161394673056,-0.43728022915622771771,-1.41334102987584020461,0.66639975161261488790,0.19110746020251184740,-0.09466041859022948646,1.09750720641694932134
0.80339876592046977066,0.25965262789261533971,0.01236981533635460838,-1.45032976664522883503,0.55218743613635756784,-0.30546098236953483918,0.00734839559800937528,0.44903389965747786405
1.01152681418842460559,0.19010220365320826263,0.71133653537148089363,-1.41591778856155925403,0.21590172281115102559,-0.86720355063594545264,-0.09655183327955356443,-0.07979099119838962972
1.16667113316517978561,0.37112533584707607659,1.34680175465021068071,-1.34570103789852790754,-0.03243472425779318769,-1.17240953156654503786,-0.22142536914867139153,-0.20431166409379228344
1.20193097810794857772,0.59516130118474652733,1.68886521305607395504,-1.32129665653243710821,-0.00758839216134204672,-1.01968131417400664773,-0.20691555558674443183,0.10887019467134052830
1.20420011496411460961,0.66864440640581990216,1.78407406506265386881,-1.36279528266766480904,0.22272924248781694745,-0.39122171231597502317,-0.10727665598663375934,0.59208312757813219562
1.32500833814285012835,0.50020343201861261484,1.85959789347061676956,-1.43677300442046163020,0.45002879982160004513,0.45213063421228599781,-0.09453822893819489870,0.84521516028703536083
1.50297927781737539199,0.25365948122768616768,1.98461984297971816282,-1.47205289429743602092,0.54578958824707701769,1.01476884234659947559,-0.21839039204390206517,0.69105356714932997253
1.60019136918511684087,0.14622634577900833763,2.08490022424651932909,-1.43955789919804444388,0.53194753380450432445,1.22246300877980518251,-0.37088065861202251794,0.18948633387582283771
1.59619271147887276108,0.20855023757818191843,2.06973507389766719911,-1.36698620663811531983,0.50931539489886290539,1.32608166161269891425,-0.48151261636505082731,-0.46012112247470632331
1.49373689673938692124,0.38231208565334212635,1.82685078438412173973,-1.26670231125164867159,0.53753747263368834020,1.20647477112998124937,-0.60149826325894650836,-0.97932257015836354785
1.41171214012873291743,0.49267342680261289045,1.45970796725054130505,-1.15642300805990294599,0.55780780510460337140,0.47708297912159380871,-0.79733566231326624685,-1.08381504335516964943
1.49982193841966826575,0.38936225883271302628,1.29084984492886012397,-1.05250467639279832177,0.47865299549716094907,-0.99865434766559868507,-1.02781249168009369832,-0.60907227819527154367
1.65575280473634967038,0.16278552740670063081,1.40374325740002992013,-0.96712104422716860253,0.33000328133893291893,-2.74388569666795856250,-1.12067267642545420614,0.14440893982852195943
1.68331479593504407255,-0.10022095139245079665,1.53002601152553863173,-0.97015498369679442625,0.28321078957201861748,-3.82896546425322847895,-0.91389596159060881853,0.50887672486950075168
1.44586685542725734699,-0.40837708246290832514,1.40683229434202350383,-1.10839624410107706609,0.54064714736231922476,-3.70419167469890497912,-0.42493754503113134735,0.09165891044294226242
0.91818094121877136260,-0.68211880599002705505,1.03601305252596165296,-1.29849839921845910951,1.17170942011852319276,-2.59344158251657663783,0.11376794033534776140,-0.76667321829559376134
0.34251499937983248545,-0.74369057553140160977,0.65727680865939197563,-1.39941590743204202774,2.00246938163052146109,-1.02600875017360726460,0.39580641120215370732,-1.17638202516132595044
0.01648325882995028621,-0.42197716473261909220,0.52395889804704542936,-1.32429540430924963523,2.67615744245242526134,0.38638259466536384323,0.27990008043177405650,-0.55542709392284284053
0.05857995201644503047,0.19103538072445375162,0.64016150575517183352,-1.13514110740269558164,2.85928476361547501128,1.04377757693950212747,-0.07364622601575446237,0.79303098013841155645
0.37445901031372680334,0.62856236352955430213,0.74265262358402972520,-1.04895512179094652083,2.54655229011200123779,0.80265533060342386662,-0.28925626982610408433,1.92911269073468116808
0.64045877001455997490,0.52699373014618211553,0.53900811055249564507,-1.21189850686122624346,2.10756759161648909995,0.07394530991516405638,-0.09773065890653502563,2.07024392676871915597
0.62695001607128308940,0.05228652439371288957,-0.03467101454472399508,-1.53137626765151502184,1.89837944780971268344,-0.43017801203200178861,0.40357944470671575088,1.28221699577383141389
0.38203346352623457349,-0.34078581918533445982,-0.68674604004158290582,-1.76235143332151111828,2.04189541200097002260,-0.18804843713071972555,0.83191593641415251259,0.27803315036290587869
0.05803748439403010051,-0.32854532175759415535,-1.00357248331571913269,-1.70256310647540587411,2.44621518429676543249,0.61190986985891304695,0.84306877713830796761,-0.20334199067202127220
-0.14881309142617121788,0.04547042791569212705,-0.85119255643976143855,-1.39291709951154318858,2.81905087211782845458,1.24340191909362962619,0.46492725363727782639,0.13032321045460473763
-0.14915230965551201647,0.43471401052883507088,-0.42507894406024199219,-1.07845205072724348305,2.93496823903513837095,1.21795368104573009660,0.03587702411084837950,0.90908097221314210223
-0.04158071977162530047,0.55766841371374364922,-0.01406284442258724267,-0.98630250695029964003,2.83910464149478558582,0.87268667528301535619,-0.13173665776557924589,1.45309447908827604756
0.01536939438331791016,0.38097655737546509691,0.26972666602122602475,-1.16999205642711290309,2.73628487224314520532,0.76416958228267461983,0.06874366783179100548,1.38649008065927636935
-0.10660945374731498059,0.04591973637729242219,0.57251676135377771448,-1.43587955376486609005,2.82280123554681194875,0.80046208874111590692,0.43180197931512359633,0.93467903351522751976
-0.37860122907389648361,-0.22377418988119332499,0.99237366171849594743,-1.53100912576166381385,3.07423117986057192752,0.67202508928107507202,0.63142019168709628829,0.57516140845081031863
-0.66309508616313184159,-0.21955666273410739953,1.34090344614118306410,-1.40398689377623742125,3.25276630832090196677,0.40951258143339164253,0.61094521339780116786,0.55305038875963619116
-0.78733060926298004123,0.09014129235483936409,1.39097703196575261941,-1.19468319887468554796,3.13056745248007439741,0.21110198184451581249,0.52428808220557832076,0.90188601802194978685
-0.53647622113144899370,0.46458738676831023984,1.11984538579439840689,-1.10641740599940852086,2.62841227312141256789,0.17072190328148437177,0.51242482854874549236,1.52724028637542930120
0.05953872603385301776,0.68345260141524422082,0.67842397831227430061,-1.21487560546704598252,1.95708960654889119191,0.18217835398312964834,0.63067870325498809336,2.20808596706910487129
0.67392184225389051289,0.75121088111961420442,0.35819796315811519571,-1.38310416707106909051,1.50311424356602940655,0.13922470201233530518,0.82510118775251994894,2.65949552399238253741
1.01916005768482298421,0.69879444048765748665,0.38627060824421616259,-1.44325001678782505188,1.47621294581465933859,0.15357618523985647196,1.03295250654947801117,2.56386969368344219689
0.99918196012251248028,0.55796130864934012639,0.63261683383965539029,-1.34795147402010284665,1.79583802703188366579,0.41982272435429263124,1.21685232894673367454,1.75469359752542386488
0.79585023055438663953,0.37239171809727100726,0.70122297735656302642,-1.19847885307107793196,2.13447682177204445253,0.87998953965072967964,1.34857725825619900739,0.43777484749321771140
0.79881606808655591934,0.14546969623165836860,0.31861111248617962621,-1.14827711537905186034,2.12448125767742812542,1.22649324552398852894,1.43276637859025446353,-0.77446739722177160292
1.21230295095189721799,-0.02475530487514679412,-0.39087551304616247050,-1.22264473219512193047,1.70488466827682505489,1.20560001409009420748,1.44844134233201615736,-1.15804819587716933960
1.83607497756723203608,-0.05489970451742313962,-1.03548621301433274589,-1.32778824743918799633,1.19798353231673515573,0.75597238492152718514,1.37184377013570402148,-0.53529629002690048978
2.19128196158819266159,-0.03838132247873247971,-1.27153027821715891577,-1.34380266117277491489,1.07717992742756440983,0.10789733353993292975,1.18862032194936273477,0.45771879046353952658
1.85369959389623883972,-0.07522858999293299820,-1.05856203685858729635,-1.19215138657240782294,1.59015149711571912583,-0.38440701608942973166,0.87815817719061617375,0.93931732522807687147
0.85224126314897907797,-0.20997759414025704561,-0.74131689863114180739,-0.94853082469919380859,2.51855737775284493907,-0.56730593204158674681,0.53189354497214047512,0.52281447151395532558
-0.28606582060798013689,-0.40443601839820841892,-0.63650319620880912996,-0.77852056706957295518,3.32244264624158525123,-0.48931997294346951666,0.29256990134844917950,-0.35854460780358510252
-0.92002481295848459464,-0.47980051034819409805,-0.70505686046174775861,-0.78418501818201269415,3.50008665196657187124,-0.37943082135912586939,0.22707071883198015616,-0.85236516640861625937
-0.74078325069724215712,-0.33114387753285556837,-0.75395459370114881192,-0.99030937212333425279,2.96280430672823413829,-0.35111553177627752298,0.35698163483926498296,-0.52907502732552058600
0.02145484783401313197,-0.09730718664525851713,-0.63132900114248668988,-1.33555002878441131386,2.09202018386938837224,-0.29150942358520381958,0.61635991317913185750,0.33711442387640044860
0.78086585848424383549,-0.01373967737476420800,-0.39612279952651957560,-1.69084600202186163820,1.35997272404741975649,-0.22076992717035737179,0.87479311055404440634,1.09116105582809286290
1.03278795599418393714,-0.15743000126662420879,-0.26281764068506752174,-1.93638210295163704089,1.01924729216158316270,0.00209517371953428077,1.02622589675413644628,1.15079376122297194485
0.66342517871697126441,-0.37573596486176136233,-0.28664025949081411992,-1.98928132876759278247,1.03858273212320706413,0.55865076329381568865,0.97726157955715897696,0.45294919970317631952
-0.08235283719405191161,-0.40826026135161969099,-0.41540808411068325112,-1.83950354668365978483,1.18004524541475364074,1.08208714892604418445,0.72059694020517861546,-0.51280098277839258891
-0.75293731693641985370,-0.13427095036008013240,-0.52150566011909071928,-1.59541222961049866669,1.19966050505113086544,1.18791547294283450498,0.39509383172624107372,-1.09644604392035782681
-0.90982136953872294605,0.26412926921148582871,-0.30424142030911011103,-1.42014029237464489697,0.94020689646532729089,0.78620686755044544292,0.20600987067194095892,-0.94820458040468980077
-0.50128637780980678240,0.60769703199217484091,0.36890881924448731821,-1.40046638604184492394,0.39290597634542617778,0.02620953132986359596,0.31609992529250957594,-0.24243729970943647678
0.12386856363437301343,0.87421609916030762477,1.22412160306051132075,-1.51626712707290600690,-0.21689834056114967731,-0.51669122687468427291,0.69142060712095954056,0.43474109065568233845
0.61298672568764878132,0.97986333856128260411,1.81302319123599464668,-1.69790496181690797606,-0.64091851945896560760,-0.47486214362342710205,1.07500135554891418366,0.47530284954949186815
0.79846831519034366931,0.89691642155783213308,1.82110168528561544576,-1.86473342878033898629,-0.82275447335379980895,-0.07368883609768003828,1.21024068196092637884,-0.19188667781723356409
0.71843137946019586249,0.74586755168910356950,1.28333289905937064646,-1.96495932426220099032,-0.85171299027760782874,0.37329511048121621908,1.04535864699350633522,-1.11121299219899993815
0.57911612910814991295,0.72255812660432960914,0.53330879452137092134,-1.97881714843134992599,-0.88315144095438857796,0.74547066029369268847,0.71635442669064952614,-1.75190061322470236327
0.54691689329345472004,1.00074503358844157930,-0.04036450660022357362,-1.88968017451611780544,-0.96622832338212849557,1.10671072411726001405,0.39868930540041586097,-1.76419885708898860344
0.64733570814698737639,1.46367518353408909704,-0.22064213020646006314,-1.72195151738359508720,-1.02816051900382587903,1.46706272751368982377,0.24133150320597407390,-1.27370592189051001775
0.78992966323062563383,1.85121390790090489809,-0.11682241229813258854,-1.54455349943499942178,-1.06565135868303384470,1.61359967216676203350,0.31687392657972551779,-0.70498699294231470525
0.85622581257768715091,1.98502250813294045528,-0.00505522933822321555,-1.43323567244746463700,-1.08458098865453633763,1.34194071438980611077,0.54063711315302742655,-0.30888871546385687772
0.89295157638316802196,1.65301631831353845747,0.02626817601950232409,-1.46292817976311040340,-1.03445365374861886210,0.67767611429463714412,0.75396426469492616729,-0.18842679628488809285
0.98936778952755166650,0.88614766672794886837,0.11944480089639415710,-1.60656830163349373386,-0.84692600794543948517,-0.06410440751841467444,0.82122465631053720436,-0.26240337724646023432
1.03221257013190137464,0.17229980830676264181,0.35189096750768689148,-1.69925406299445258540,-0.45054256304516077103,-0.47717354379964305178,0.67740564064738351124,-0.26994096679451634602
0.89952795627152182245,0.00024785753490741332,0.58131841341003920309,-1.61830253478719487958,0.04570971784824182788,-0.40975646546700111861,0.40244121805674709647,-0.07119625142109080318
0.65360479950509564606,0.42958960084368291721,0.63568607259061737924,-1.40238648803498122675,0.36112109924608931655,0.06432651491617935591,0.13654419054244620879,0.24030666677690495914
0.47783843950997878514,1.03494334659668574261,0.51830000403791565144,-1.20756951623572295063,0.31420602091306321091,0.66175342013981863776,-0.03636978636369504747,0.45061454660491928603
0.57964601694383899311,1.16213348260605053852,0.39080320220950393040,-1.19410031980792386008,-0.07047231625900265972,0.78078328393865303880,-0.08992006961456282255,0.45741763704785876055
0.99791112412324234349,0.47974827078601434138,0.40489890786003224221,-1.39503884112271148155,-0.55343560465555119432,0.11765838229943099968,-0.06132993411123235927,0.28725433251683457625
1.50346763431193153338,-0.65576569970202247539,0.59008525681221135617,-1.67356862094134895003,-0.79040578425391727624,-0.82191413098741705756,-0.01717351435834402890,0.01175972698921574390
1.69467779114637329130,-1.48588002555853337938,0.88548311791269229687,-1.82512301568078383340,-0.54689282048468634834,-1.26161797257042507248,0.03517478412797815646,-0.25662307825533003935
1.24448080018822171411,-1.53736809694168186091,1.17719647502900759406,-1.75500282028854304173,0.17858762829146843099,-0.83122767957868981537,0.13380567830851824995,-0.56693464917353053600
0.26612415057263599794,-0.92012686810493249379,1.32321974402433384377,-1.54704270792944020840,1.06833321871160569216,0.17652930576761441395,0.27087289737715503080,-0.93432844826505079272
-0.71169084714208463716,-0.05406842249140240975,1.26996264616621923338,-1.35980203359093354543,1.63970978103154929606,1.11808479354245426940,0.40566011083273251225,-1.06196063274906493668
-1.16175280911797362826,0.56813143995578663237,1.16152599099797937399,-1.29961450548930224080,1.62644471117879541033,1.52241975693658448954,0.50186086399161133897,-0.77215001232386293317
-0.92748203523677463789,0.67273462892836111138,1.18506107665602988810,-1.35261667492112480637,1.13537309987818058055,1.23083014940724844166,0.53198430195916390772,-0.20471237475165185438
-0.34817458334151230037,0.44457094949178294074,1.36454611293371996794,-1.41989318135171105340,0.54014833363301617553,0.49035889194954657144,0.51856055807956158432,0.34512568775591279113
0.11707183762873379917,0.21334881580234305032,1.61982337538129561594,-1.41943716901853544954,0.17811066232062119918,-0.22412815679720643480,0.48476592731841661177,0.55900469110317829724
0.24206651569759871090,0.23551639562183596111,1.80968059404254422162,-1.32052269171881597742,0.12765231879027577611,-0.60236630819468783837,0.42202834963560958981,0.41324157430798102997
0.04737439693218038761,0.59249670468475701401,1.80704689529878015364,-1.16604498484157592664,0.29749909584811462526,-0.55988618801271072822,0.37689117315681069931,0.13808060826861900949
-0.14570542251720577931,0.98220553025046053452,1.67939811864831001209,-1.06910138685930644620,0.47900691458029304171,-0.30034752628140709563,0.42136129425891982736,-0.02245485096074142234
-0.07038266669738479919,1.10069899989073394231,1.49865827676366691890,-1.09589378527778724681,0.49662144757125958883,-0.09499620872510498859,0.55598854924959062451,0.05636460966584541654
0.15264652435747863568,1.01431224677845732707,1.16563297964918599625,-1.20905767292503951715,0.36753166473336701392,0.01874430221921087950,0.70304164000434321569,0.22646485140176533801
0.37215180823549237621,0.89530036743928620435,0.69247869814653673082,-1.33071534948266712028,0.12097753376648481827,0.04734541718902471330,0.76691171864759921650,0.31284161539339094826
0.54150726154020734082,0.78781756836293004298,0.28297040245193233465,-1.41631659158129341591,-0.18082510202402954369,0.05393996674392025764,0.74120954171332165128,0.24761854834102048351
0.65692424729498599678,0.66037270679794046746,0.13182185614005717533,-1.48740771795035930936,-0.39282129066555121488,0.17308986626602895775,0.72875821366152082614,0.03428718761862256659
0.78018115837074686336,0.53567217462664418193,0.29996868462730041927,-1.57844365052485313683,-0.46367020079530063548,0.41099708224405151480,0.83403537863516929995,-0.10842924231278190661
0.80055490445594790216,0.48247759748820345793,0.60707403795538694702,-1.67751147145925982862,-0.36805320372058131229,0.65936525123961298167,1.04751350135430931765,-0.04084253547408531193
0.53159924562760607625,0.51287919884366606205,0.77911875096168392574,-1.74320602253318934771,-0.12642872635246568680,0.68952487692860875423,1.22860401341842639944,0.18399064666228170939
0.03533826673065714602,0.57526591082736089344,0.67841469479506766316,-1.75136300088316021473,0.12007020559954334482,0.38389904818208220316,1.23926393635704013008,0.57029030506033728809
-0.45120087835497130202,0.56464072624166583569,0.32597396722967353355,-1.70896988196350574363,0.29811670287229158349,-0.04392856982512434449,1.04390935523914496486,1.00802749672085800725
-0.75260779359737850491,0.41842195099849538442,-0.07852931691529758951,-1.62316579129424654049,0.43756939490892199363,-0.31063996859465309308,0.71552437132748492044,1.24423683579087906992
-0.88444928678395129396,0.27508607963601505730,-0.30473988898269038783,-1.49366395822631137236,0.54854930141960411838,-0.29048820240916700675,0.41608642889305585966,1.22988044565427689925
-0.93338683046342851846,0.32085606909195479863,-0.21882334528337760160,-1.35518382788739355505,0.58785393628947923972,-0.08591344596318867266,0.27661341856822818652,1.17644825928946539229
-0.99372446491271382296,0.55842980543795961434,0.22741128895355347539,-1.26661086467406969192,0.54757907908759073656,0.09025623561705588271,0.30015681778546865477,1.21583216435610652617
-1.17560443337461451030,0.89511249082839705604,0.82490328161082437930,-1.23598660737841514745,0.51202060740683141837,0.09090454232257205724,0.34927756165529538768,1.28806639243652720772
-1.41552891901622568405,1.15663744191736661548,1.23738879855213368408,-1.23158787853179552130,0.57601019698132627234,-0.06521233972739229334,0.23969647434202612235,1.25948867575945944175
-1.55718019658386563897,1.11915490335969503022,1.37007053484985230618,-1.22270195190405916996,0.78534654986912177943,-0.12210586760010590235,-0.05912734291188129210,0.89826827365398154157
-1.49148335658368291767,0.78103333659980067605,1.32631009654522102892,-1.19049108407044634816,1.02682225356678036299,0.15122505449976500480,-0.38650370953245721806,0.14019402361883970265
-1.10772444986371154663,0.38705834766299479499,1.19598852260737542608,-1.17375195468684845324,0.97642864899643933008,0.72806052066275428469,-0.52263139030154404097,-0.69901633599935497632
-0.48914732473732869256,0.27471876971379372012,0.98178904872141237181,-1.20686872311383375234,0.38858595438915283227,1.27423502454257997485,-0.38253523430085650814,-1.18431484268209552546
0.04997666139435756605,0.56789214802104037716,0.67915088472077767001,-1.26910468284928068528,-0.53540551669237568255,1.35066974952125051779,-0.08793201947857158529,-1.08345460619707334438
0.24421121716597893325,0.94026252404933918783,0.37029248869916553399,-1.35213463954022938829,-1.20008547256353192978,0.96146606204051221489,0.19686160175368891401,-0.61073666328548714688
0.06117090243512661452,0.98819140232099411669,0.19287030271498939449,-1.44377830937190920757,-1.12237126045990986967,0.49193106129059083198,0.37069665525937195438,-0.25314372460290890388
-0.27317476290857772847,0.57619219196579563036,0.28935479557423843255,-1.52103274069777816280,-0.32159760885403482211,0.29084623069549014884,0.43125284091122256802,-0.33450217957538458391
-0.51582264946241640491,-0.05200819746037548680,0.69434144382883378199,-1.52831849877394732040,0.70572917777000798711,0.43563635439838604979,0.41696728233788088458,-0.77971363858709352712
-0.61586246451404103031,-0.37745540643636743550,1.28187411263009010121,-1.37633942390862062943,1.31687109137455071739,0.56133736433767988938,0.31786968303491408561,-1.21731955723151119564
-0.56942632329352005360,-0.16632978892750827082,1.87617905425245590223,-1.10380434180870268257,1.16620074015084851382,0.32892283759281726319,0.17386579461023729531,-1.33770740177771729762
-0.31859358370773283031,0.39616904602854263739,2.27845626078060758957,-0.87042961869623747262,0.36523762486011923656,-0.16563233307028443764,0.04164720085064612526,-0.91724379661060451152
0.12161560437690258074,0.94875231926827130469,2.38122576933568108615,-0.81397978317147745564,-0.65425016898332077897,-0.63368981808780222575,-0.05585846970096500219,0.02506720573386768056
0.51667337115286071647,1.15383846958372848768,2.36375659709745322701,-0.97922869136130008538,-1.36834212247231645776,-0.77224446295125326323,-0.03851382484190681021,0.90892302167329630525
0.45335057930002914395,1.14457244838973770662,2.47291926270181772196,-1.23432397666843041151,-1.45863012675362857529,-0.46369602590823938426,0.13598125334661231856,1.15090730164717025552
-0.27993064518726679113,1.38132832964903218276,2.71472139812711743545,-1.36155769709937368717,-1.00157096373200293904,0.08899921831214901990,0.39713804008096803555,0.66938321294993141652
-1.38370789385948000927,2.00682767454800892182,2.92324144359123039294,-1.26088275979527142390,-0.39164003225070814773,0.51334291215416771870,0.61576799047472330351,-0.19503935391024085355
-2.28424081398574196911,2.75840739613352470272,2.94303441139916710512,-0.99702538129401652167,-0.00657211507625632147,0.50118905433819493922,0.65936131643924678070,-0.74701650277620101903
-2.56481178479275273574,3.16814336236481430831,2.80432874483889271744,-0.74878598742305679803,0.06614605285516381161,0.09533076136402289513,0.49327689380985773049,-0.48020383782819858753
-2.21268492782576631228,2.91695479388796519160,2.70467699698547558995,-0.69017276904325619569,-0.05723516985412444025,-0.37579240260971069620,0.21094260758423696855,0.41409615201112692784
-1.64403639091202902200,2.16593686676665786450,2.74248663817041693491,-0.87162448573777906446,-0.21051409239314780586,-0.59031646716165175892,-0.01740303814510647112,1.25288728993936016032
-1.37330406805982518925,1.34809683238947775052,2.88347643576941026211,-1.19663864048285129016,-0.25882980496705998430,-0.36379318375462588175,-0.06120232626864210990,1.36011899027161753395
-1.60732356846307578024,0.83997773873701520042,3.03175298147218441613,-1.46426333582962198143,-0.17326555418573544309,0.18380408355114041807,0.04136919050902678613,0.65312623878221587326
-2.18859594717999295099,0.77239932209018291598,2.99801621985320476682,-1.51393611910977266000,0.07049355680246491285,0.74333053670510007560,0.14357632613358900509,-0.33055494484667025112
-2.72028314665486492530,0.93720204299674680914,2.64201269745947708856,-1.36883727308946090417,0.49766009775479025379,1.05296294312730998044,0.14891743227644976821,-0.93709323667289745607
-2.74661113940681689272,0.98477663196989395633,2.00784694385757589430,-1.21598933973523859464,0.92792174154761086768,0.94552852915120733091,0.08682226612400704979,-0.78779339574263229640
-2.12249068024015130618,0.78515354924827074345,1.29025612856100058146,-1.22038400198424268339,1.07069346088125394445,0.57111541339745608425,0.05175708870627639818,-0.08253600559262352920
-1.19849658532044633930,0.56383827086443905063,0.72207690342703145792,-1.33055943032647294721,0.81330673677143727751,0.24532044833426736030,0.05179249094380546786,0.60664413889082691167
-0.46942346411690910601,0.57514502525522448462,0.42209836651778304129,-1.36380407467155406742,0.29547810091682868983,0.10306889657197707000,0.00155742893991428553,0.84887824753414531376
-0.20246858989733565459,0.82283605870580800445,0.37655396219264952729,-1.21509871407237501906,-0.17983522799362486322,0.13796750336657107039,-0.14288157049356092765,0.58197179166760881763
-0.29893301197396104918,1.09793607891299505042,0.49747125825247834330,-0.94006222900521352326,-0.38396033301047305386,0.09064995116623782156,-0.30046888693499307355,0.19738641174328275252
-0.36854490654251564896,1.11776863080749322421,0.64849124540783087411,-0.73543457678849022408,-0.33591715851823039651,-0.30401395259914698599,-0.31603611419873528510,0.13019586887125159103
-0.24310767399695679125,0.88641549041761147354,0.68743705028993240536,-0.70152933864381150642,-0.17050215721302261485,-0.88910713924902384786,-0.16782763243613904591,0.26390508830930242690
-0.11910612463184827581,0.69894342480464632938,0.51278562889095080646,-0.74733080252374728403,-0.00701681438552636746,-1.27646459248915555840,-0.00732067352459087398,0.17449852292502013307
-0.09535864637318369752,0.71875227557045562321,0.11915968414491365235,-0.79682842450844271198,0.05479988623486323207,-1.05677232162717804620,0.04405850720981410035,-0.24946105077727409594
-0.13390737473638852917,0.90605264733792190146,-0.41942856251032606396,-0.81648418970395686411,0.00725089996142574619,-0.18261973852900600934,-0.03385689716224073165,-0.70118240305454437866
-0.17685845213754119998,1.12299667820441073651,-0.96155248714993890591,-0.80716197328671701605,-0.06144732893258050832,0.84844844116275530688,-0.16573456350375312396,-0.71896556924512289299
-0.17701063384406764967,1.22563013786954266848,-1.25426352720245448680,-0.82458020403334786330,-0.04800127425671860820,1.46221640866276603177,-0.20688004113890964830,-0.12137743800318608056
-0.26888608663434299118,1.13028457719207553467,-1.10100791219101390439,-0.88847065316027673543,0.15310836288931917171,1.24053503354039729167,-0.05456578038537875791,0.72531294389277400914
-0.56470660001744832357,0.87079159012095330716,-0.56678409471805091258,-0.98150983227512056395,0.50625147692372518549,0.29686370880630935654,0.27456088036865156088,1.29630675051716814927
-0.96342081005417057327,0.64778758340668740612,0.06465047081302544019,-1.04696486035304126005,0.76967658517438952703,-0.63460277841664713971,0.61212470244417527265,1.32578351881762612763
-1.33211981917763422345,0.61681520293606373340,0.47488866757628794835,-1.01170615400943963991,0.76151094504860095125,-1.07444157203196288819,0.74943338620155686147,0.90212102256210546791
-1.54834836953202059640,0.76530183126741302413,0.59202041122018522756,-0.90199769401088325527,0.48238530994649136963,-1.04038999005422327926,0.64789592800914241888,0.44259300747087654271
-1.53678538392110386468,0.93291888045287274522,0.62554728156160788188,-0.86064706824980707900,0.08658239519960793384,-0.61715686672813352409,0.49236493655037771866,0.23890946342776037126
-1.33644606186062930853,0.94750303033161964450,0.72438333315857561523,-1.00820606738351425946,-0.20544136178986530106,0.16843170243341706871,0.49054413636988303260,0.21594492682750002222
-1.02523367281192534506,0.88835618132486782184,0.86839296287247036421,-1.26916763557323042377,-0.36037618013671263162,1.19438070941785912105,0.62508938858511331471,0.27843831184622636066
-0.75872158893100716259,0.87936788604924975843,0.97868347340438710535,-1.42484014584954721272,-0.45198351599198693940,1.82522560380438325645,0.69832864686900364415,0.42460971984975320881
-0.76539912853207936472,0.89501256436016130014,0.93260610978814462158,-1.31800719513161634922,-0.47135402887196919952,1.27474546056699544749,0.53915653548308717369,0.59833513320736109176
-1.08691578997088789116,0.89031050196100025573,0.69416408020634767784,-0.99278536382001680849,-0.44640861551638755245,-0.38845969166834337649,0.17221385225194393853,0.64357428443679065566
-1.49488660939299067287,0.84334314313147351605,0.35158665523219767568,-0.67387394942731693170,-0.42597582441796361108,-2.29431597696596334401,-0.17504834647240050116,0.50031626272303619807
-1.71637258203530018719,0.87465996986421512549,-0.02978549108546244689,-0.53511759607589304277,-0.42202721756788902363,-3.40734058160912089974,-0.32663545097284635288,0.40990474650327590744
-1.62205098698818117597,1.07260239367103915598,-0.40042375084867337653,-0.59107387457243820705,-0.42773117430937174221,-3.04655444257668150954,-0.29050177108292418726,0.62366206819179936804
-1.31511466405099430865,1.29540766324366196649,-0.71176389429072572934,-0.75127294857002036021,-0.38024984830103508715,-1.43122739777333007893,-0.19567028558855667497,1.02922693010029453475
-1.05887459647320003597,1.42532236967522218940,-0.93799649721491817900,-0.86566350060960584045,-0.28399441126915037081,0.44822210096772324706,-0.16355791172939068701,1.25147091525077214236
-1.01707916046829494050,1.39670167712018655770,-1.05152650441708095386,-0.86082357665985187456,-0.22375498514405800510,1.58267423840535848001,-0.17766043157928476659,1.00595141614095706650
-1.16904127201174667938,1.16436652943540974725,-1.07633164683997173405,-0.78462540071670106023,-0.17542239630751280122,1.57346984191460270708,-0.18949453971783344897,0.33637993731042004075
-1.42711471837429626497,0.79635010218996804543,-1.07667844477812035819,-0.72544645208356783872,-0.05289527221141563512,0.78229817006973723092,-0.17037121705409638550,-0.47971330988917343374
-1.65343164834207034808,0.43158045422951818448,-1.12960103040393344820,-0.75501225381412429005,0.12844852322681327150,-0.01277920083718198097,-0.07569112770778033128,-1.07832044097229973190
-1.67527729928244983881,0.31454202015214621779,-1.31903354567907160622,-0.85699518267602203814,0.22509889407879346557,-0.26368956770326962280,0.05212987323171305171,-1.01313038116790510301
-1.39751778425955452967,0.58929291389426863290,-1.54905358002293480624,-0.93204448125250694002,0.05327573402245931039,-0.20956708870380605370,0.10952367113827171652,-0.07009689389076406707
-0.90998572537565802776,1.07759135958276419665,-1.54959562315961796308,-0.88183478672383219799,-0.38433208699497029004,-0.39246218430361412555,0.00961842338199670258,1.27925489499194888765
-0.49703120958877872182,1.52426461141532265664,-1.19719775336298916990,-0.69606769398608236976,-0.80840542290691486116,-0.78028794987202521050,-0.24200809161167036176,2.11937668956102287510
-0.36155621229067486100,1.74679628899736183456,-0.65236017130723311652,-0.50014096324032109031,-0.95914891073195385207,-0.93348729793705476077,-0.47667321084820390986,1.96239852441094830837
-0.47567549505378126096,1.69043481441519327646,-0.26526552601659858510,-0.45563779975106061260,-0.82297546725605075224,-0.54088972825237446873,-0.51117351043578551639,1.12976621203338534194
-0.81908581283535830675,1.48981240732184172515,-0.30629739479661161061,-0.61105207581361908886,-0.54687244620712105458,0.20587636532859684979,-0.28752410113545445736,0.27397384671990443472
-1.35082230540028480625,1.25928008506775945818,-0.66619408256732448592,-0.87784957088564818939,-0.32130925555939310323,0.70787546253610877933,0.10279769241617979503,-0.14894685180901764965
-1.81617423898576602070,0.99075957620238086498,-0.96492003692299410655,-1.11791124408339537233,-0.24718858916834440809,0.67466834838786360340,0.45518150685053648807,-0.12166161779364655093
-1.81041340476587842012,0.71137571494845974751,-0.92014573550985268025,-1.22275830175920630083,-0.32536651956785939133,0.28847421026811098654,0.59435344084382379926,0.10780184018277140512
-1.11643717531872921356,0.66775719742914341204,-0.54890164047412093318,-1.07395965734118914447,-0.55610919289184446157,-0.16098704794423121522,0.45678259892211658943,0.33940455044224349113
-0.06747376714899162853,1.22846778312631621510,-0.14533107316431984057,-0.54465571399329637536,-0.85766432926363789235,-0.56250507569065266722,0.10646763089193637952,0.32441162945082030467
0.80509097227378234596,2.43686975030907992945,-0.04531538459937451552,0.29272072492461276294,-1.08296612291893068480,-0.89578992182460670524,-0.26560251692777331334,-0.05901596216261754957
1.23415366988617902777,3.80304859068820766410,-0.24708075028472903378,1.10979643464041854983,-1.13641214716740424073,-1.00277873668270367524,-0.44499787757004694022,-0.61189369469039101013
1.14635154185869914123,4.61421900183553290731,-0.38529824556214364861,1.56180036257061605198,-1.03039745157678286347,-0.96333571738819090413,-0.34696411969531587571,-1.11899292414460815870
0.70415217971444621359,4.51179022780071203869,-0.25786778944934690694,1.46832861674102099769,-0.98248190645375488295,-0.89195751876055262564,-0.08039324737223645101,-1.37929097664427757763
0.19990976072686378329,3.72103398835681531409,-0.06417459636916524046,0.88597423015542509095,-1.24273998646153538417,-0.55641465679555213164,0.14251043996334239461,-1.30759857458459682888
-0.11564561056156219543,2.71065094965899788804,-0.10295278382120622018,0.06173661072429342811,-1.89794217847779500552,-0.05708606897681833131,0.17798216309343026231,-1.01289489397365906065
-0.08003953042307519750,1.91128504439097368639,-0.50335377815529336321,-0.73111715884748729177,-2.83691929414711063728,0.24055670229203571231,0.05244201028354746746,-0.56052310353670964371
0.10770747004254030421,1.51644056263521243011,-1.09443279935298720673,-1.27445588781007890233,-3.64853939805218896453,0.14534210750501977416,-0.10675906839178055108,-0.12809747481532046676
0.11613800789707626193,1.39265719538925325516,-1.58921712252410052280,-1.49915031083999683581,-3.90884074200641418173,-0.31364026183861104524,-0.20079793867955428310,0.08064997724883972430
-0.10757628007877936827,1.31075880952432433091,-1.89002273610886439847,-1.51405646746486355347,-3.51561034064785671305,-0.55953907711129680091,-0.21121049446064441013,0.10403173523480638285
-0.45018051092406735636,1.06070762640583238223,-2.03068216384839717037,-1.44634462397667862277,-2.66924607680449410552,-0.18347242015219752953,-0.18760758974616473238,0.00817001935149993565
-0.79559363963490126181,0.66374627919204720605,-2.04283963246833444316,-1.34033412826998077350,-1.82256682984668305636,0.43469619309118867623,-0.16266820914805943388,-0.15684923077584003726
-1.20729429509671137843,0.52049620694014475664,-1.94110583660246804882,-1.14563589542133392740,-1.31071041305338709115,0.87004042516261226314,-0.12359695840357037833,-0.33779265460758600703
-1.75564771428467203407,0.90302895852721010161,-1.72611412566029298610,-0.80922315231911934319,-1.11299617196038092004,0.92207771766016710657,-0.08115465660492175715,-0.49879179102080495323
-2.16321125855618223710,1.56274637584574094262,-1.38216483636935349999,-0.41684557438184366429,-1.08452474632133744059,0.58892516966343388951,-0.04884599421548953962,-0.53291258161654886383
-1.98208199236885729277,1.89670805786415908045,-0.91017619273894612153,-0.15384665577399994629,-1.08574375275466783464,0.14227642137867796412,-0.02033319244208265861,-0.32041855210603126247
-0.93881047039027010204,1.44415347108665592657,-0.45640861489145212460,-0.16103735027933016588,-1.13159195594694672593,-0.23227829522086382297,0.00394526563101949175,0.23333192004861674773
0.59919511911119593961,0.42586657234966662777,-0.32016303358081077413,-0.39463050990592801748,-1.29428625902961513816,-0.45188746110307331794,0.04784667619005768952,0.90496392913032852601
1.67881309307203907544,-0.41581594832900609093,-0.70694935647162315817,-0.64081921550703191404,-1.44334163444380991770,-0.28368562435608574157,0.15686422892414128571,1.11252475467090961025
1.68205201083257915862,-0.53421999244218187908,-1.44274775564608970235,-0.73034655851691276940,-1.43388080093704606277,0.30778883743219492830,0.36457861678271030748,0.62959329638447625310
0.73587080601326515517,0.01300774321109004865,-2.05760169488516719838,-0.63660451611514745629,-1.21697747714948367737,0.84652986671215824099,0.63847447892833364413,-0.21074919465383626371
-0.44632528568197354923,0.72504663192554219542,-2.15734794807721508292,-0.42336288266415023074,-0.87754855838334711038,0.84866271003791715621,0.81648986868262263261,-0.83676253188647364833
-1.04798376187073016830,1.12871958406044403667,-1.66299071776050810811,-0.18677454646284807893,-0.67061391361472955097,0.31590833167832998996,0.75014561357360098892,-0.87718559294486919686
-0.88275044112810230335,1.15344392792902850076,-0.94204254005276610862,0.00366176526937326413,-0.71177999417329407272,-0.30110916678100463351,0.47617182682984149356,-0.57655956228153670828
-0.32620200956962280836,1.07933041757111425341,-0.56619121831715202298,0.10065868722299310678,-0.88663070421588185965,-0.47499673424508304098,0.15598177857372319544,-0.29057298543451132167
0.11101470756932724226,1.14973901248483501014,-0.78418072552629058958,0.06529825075789548461,-0.98267363361960202717,-0.06512960829417414887,-0.00501621444803929378,-0.09439737807166610761
0.10119836999286777046,1.34908712103712202790,-1.38511285433397635103,-0.08539638359474609197,-0.84856913920575383070,0.73906736477957668541,0.10314581284979633391,-0.01327647509013413392
-0.15101167352608976802,1.41678690493197589895,-1.88086983548426633917,-0.26615476196225879013,-0.59148281968074445381,1.53103334481833286418,0.33866688110673065504,0.04566557933792916857
-0.29614835654258470088,1.07395727355305048434,-1.90798477722539749912,-0.36450523964657116638,-0.36614367058564545321,1.69192031629696182371,0.48240361684119226204,0.13935761828632398096
-0.26743973623645422855,0.42958104293018539721,-1.54284479558689180401,-0.30232646628254689070,-0.22714016181269036654,0.92671522445657172895,0.45065665838181417913,0.22880426487238694766
-0.06620634743290919333,-0.13980781737871161852,-1.09170219660072875811,-0.12136489665467982413,-0.26762324491841527063,-0.41884948815039818593,0.28256528051283907876,0.38769987690253399082
0.18943963979469982672,-0.39612207756732931152,-0.85423395283128267241,0.02652019716045097078,-0.48479927144751028267,-1.61869407605084592028,0.11540520013681125622,0.56398327796442404569
0.24219568355592557829,-0.26415039245491150899,-1.01147318721863821445,0.02226958390003577065,-0.73743448788227028423,-2.00383068835377242678,0.09382024094286371685,0.53487374459775471891
0.09065571751007199530,0.09062355025237719963,-1.45639928240861027398,-0.12318183319044771762,-0.91567849301422465924,-1.51486029624496754131,0.21311675018792472502,0.19318194774870636743
0.00034266048098677970,0.33324948124210351796,-1.90201695821270289066,-0.29084716788221087747,-0.95645672413413818091,-0.72345506290542804795,0.33227461879321296134,-0.32242057553829589489
0.20352010422072369655,0.24843607027545888677,-2.15124522036651333323,-0.38062156653158013553,-0.88797254903661004821,-0.18465858285111907966,0.36448497042980765315,-0.75413410311366058103
0.79768296172644803654,-0.26409628828034936721,-2.11728117085979361534,-0.41368160398016645685,-0.85117135791361409058,-0.05235823520333670461,0.37677752169069705923,-0.92357303130927481671
1.58403141078613463044,-1.00082609974992231550,-1.78980548061787825276,-0.43383718778930946414,-0.94120996574343362973,-0.22313038874370344500,0.47220304164115378676,-0.69806637102534929706
2.09901972206574027879,-1.44715424155827276920,-1.30252925572692057621,-0.42563798727033019809,-1.09097736539028411507,-0.45175767175273573439,0.66568045874997960887,-0.11152184376869950233
2.05800363829012544770,-1.35934761485165189754,-0.84814674628653552446,-0.35772667379050432368,-1.10768477591558633932,-0.51666607651838380999,0.83306712799873905428,0.52629459653322785417
1.52723173242641618863,-0.93985659345927508035,-0.54504778687192922959,-0.19578016313299867468,-0.83547509180512624649,-0.53379628280122171091,0.77894641982363188593,0.85366283711660972955
0.85610835610233104731,-0.57708882309473030769,-0.40901267313611100462,0.02295832320335784021,-0.32944718821833274269,-0.63656945164040379392,0.48364863014611136904,0.67160454712908257413
0.52476810064951961987,-0.47803751013894180133,-0.41861253689415706125,0.17305862541894956319,0.13873541810547090902,-0.55681871322357090470,0.15678126955406909704,0.17098160015511337795
0.75248468761615372458,-0.50365612167960083223,-0.62021848023486214618,0.17221650401307367351,0.26211284575208104730,-0.09708237997651107676,0.01513657734669494187,-0.20325000317844973963
1.32966105208378082558,-0.48135263595985361418,-1.00695289454882441760,0.03228743932939587974,-0.05228604607423068679,0.54361142080806668098,0.15350397694925704828,-0.21915270911515510877
1.74788489979000694063,-0.28912034683412035641,-1.42050454221098365615,-0.12070138826325037262,-0.57488233421000145551,0.97590858506635502767,0.49218574295925798801,0.05256977326711466392
1.52662454572294326027,0.14319936127111274060,-1.65203606079653519956,-0.10129251494190173732,-0.92079178845031606215,0.79610778481016297725,0.79964356554010429523,0.32225587540126904296
0.63111714218360692730,0.72111179231285804647,-1.58363758561747025588,0.13894068084219579617,-0.82858583217244363706,0.08697742366134104952,0.89722571876093826226,0.28969532203265996317
-0.46880235681002602188,1.27635559807949472422,-1.38282039417300040007,0.44467602399093431043,-0.31837536691509443765,-0.47207436591466406250,0.79220733637943596683,0.07569367709292959545
-1.12482776655947058764,1.51914822706745100689,-1.25615972060004232880,0.59239363284766577422,0.33576956549065262170,-0.40706245095947007906,0.62476713659988569738,0.11399165570905610279
-1.03733562701791059979,1.23385857255509057140,-1.08532730171990388079,0.49388691182299859772,0.80033333375549986499,0.23058533051618115839,0.54781423414549168527,0.50799334212171631808
-0.50349044756445171522,0.63832208445756499771,-0.71308674006955752311,0.28739766169770941673,0.93019934410236670974,1.05702989204305475290,0.58375425099877198409,0.93329991235402620653
-0.06107511593588808851,0.13057203538594108760,-0.20628661462808267624,0.19417010030653747421,0.83514745675617219067,1.43805742625588139916,0.63302145346203364529,1.03507938970965751579
0.03282327993045635467,-0.09451075332690990483,0.25080738732569007876,0.30233900064801100260,0.67316446479821057114,1.00610658389237062060,0.63073164972686779350,0.72034594459028555846
0.00219545181313746075,-0.08766976694806986881,0.51021139478160926206,0.51957328143632108830,0.44792609520585607852,0.02334060105698957527,0.56873337347538410746,0.36455669269416279832
0.19142226002670131857,-0.02693572642733601391,0.54754489448239473948,0.67802565269558845440,0.09476866010643954230,-0.88169178601215758562,0.48581974691238061226,0.39371514167445220700
0.62666199324745797128,-0.03715989989783639869,0.37506781475414152638,0.64282993956100253907,-0.30440363770566314372,-1.05055494386447834110,0.49432623926453045371,0.69578918097819919542
1.02544029960824745196,-0.08082979604593228118,0.05444178309089017093,0.42601545309016042307,-0.53465187309175732366,-0.36082079538205352742,0.64726903517649592157,0.91671055436659631965
1.06056789635896997481,-0.13368547457494278641,-0.26914311282242375789,0.17629225437472961779,-0.47124389090767693222,0.53781382524630327868,0.88182212725519959484,0.76548261688548258075
0.68757480395241887816,-0.34990666271573656054,-0.49829210975726023758,-0.00344957433978775128,-0.18093949960879854300,0.93501482703179505940,1.12032775434868558939,0.09242491622585209676
0.18073565787638323776,-0.81380524188639657979,-0.58955307955457936231,-0.11925410063026269103,0.13211727497948749788,0.76519048682611867651,1.30304226067282402646,-0.89194842094542314825
-0.18608173891797355481,-1.31829021980348892740,-0.55764668427297081621,-0.20251905885512339056,0.21459499429968023620,0.47027961402654094858,1.39311156015884440862,-1.75462916320940531811
-0.34069277041251916360,-1.46237708421106171741,-0.47631010210683899508,-0.24516392748358117881,-0.06760056940226708000,0.33075130265900309912,1.36838427974360854478,-2.02154558052930788392
-0.39261537236130661377,-0.98437686618825126494,-0.36053408772965878093,-0.22237681078109833299,-0.61056242868468579843,0.29561230330193255522,1.23847576691214511513,-1.45942690695612675711
-0.46480703399779643714,-0.10063023809969910694,-0.15956461908197591693,-0.15122696277233399487,-1.14730863099326962917,0.29374450736994806022,1.04887011137677155226,-0.43637472626949203036
-0.55477262726688902905,0.64597236682618508485,0.19649944715489200964,-0.07572857599320204081,-1.42095673065401340018,0.28364339220599621427,0.82682178388756322196,0.43777341493862248489
-0.61783298194011038174,0.79226727304452482237,0.69271248765775284006,-0.04263907452052675268,-1.34323434789250661936,0.29927383871327484233,0.60383665357566229659,0.76916784109755020893
-0.68579655950765139316,0.31078067666501446586,1.12079605194199882767,-0.06873944597959344427,-1.05367772364672496188,0.49537301460983995671,0.42317336079206840926,0.44322098754981914537
-0.80889165305275911866,-0.32217530490203200033,1.21440044856284279362,-0.13032393141608086817,-0.83182537140607659687,0.95948922889295984451,0.33039200585869860083,-0.30173644762036749833
-0.93761022299691987314,-0.65448012250148812630,0.88980101125363131320,-0.21360545154219498509,-0.88397715307513413663,1.46067662462375147392,0.35279461454619215344,-0.98931738671703595145
-0.99563502028781791786,-0.56887929093109901313,0.33415239000446922413,-0.29873824712799068593,-1.16176494048749168186,1.56435401392384809682,0.43564677206157703671,-1.20450267889569762048
-1.00493853710959535341,-0.14325667509047099180,-0.16382253614831787658,-0.35808842821114417188,-1.41284588485040596417,1.20336398264308330752,0.50927655746973576889,-0.81909630177627634762
-1.01838224073313154960,0.37490331815276867200,-0.39279777237191132455,-0.38108102221475476101,-1.45543179153733737152,0.65027182553954843147,0.53801806561877230095,-0.07241223276280210619
-0.99384920069432025613,0.68230623394308409502,-0.23905647636258212096,-0.37355565580720839769,-1.37785936494713734390,0.08527056314231291900,0.51373102735063613800,0.57029317145816216250
-0.84962895196655252583,0.54084094026257667487,0.26141205921817534108,-0.39224081443729041929,-1.36981275464153684496,-0.34813643750585981929,0.50644072598031186772,0.65629963088939458071
-0.63711985355149913790,-0.11425640688843748116,0.90032135905358046113,-0.50490873239798794714,-1.45335312706090191703,-0.46578839847164998922,0.60387861961715483261,0.01670584332995910318
-0.53025765060848473187,-0.96838632854677819672,1.36833594639384070746,-0.70020742861452878181,-1.48202114117108485480,-0.20785178542617979702,0.81080353681711880842,-0.99226698630211063179
-0.65804681597184500053,-1.49126900457020528101,1.47511602714164280492,-0.85691754659887731105,-1.34041895877271199922,0.17676407770363353200,1.01245851812312248619,-1.64688202380495107846
-0.88927024728963965927,-1.41816908811130404366,1.38607613652288264028,-0.83932828725284924776,-1.15340309551027120349,0.32041404547895024901,1.03256232457268848357,-1.39959829510134503572
-0.90858321185131285525,-0.96127598350637744051,1.40177230882448844440,-0.65856165776992259264,-1.16212015026871462453,-0.00832183995137703546,0.82349242692207236249,-0.28899821442603595978
-0.71206123009840494031,-0.43177956934912453679,1.51923092731213538187,-0.44168734973232004482,-1.42107495177623133209,-0.77891378924828136299,0.55372717245027636146,1.08548980395135896693
-0.56313534975207690803,0.08596770412132774541,1.41370456654042619959,-0.32520739120173730585,-1.82963592123415041968,-1.43353332463250082718,0.45901852168884738070,1.97937317633435960751
-0.54978212971506323914,0.47875359765329256190,0.86383243540076737332,-0.39691958681994926605,-2.20862246673206374936,-1.40060414145812361930,0.61213819362510046851,1.98390873127896893990
-0.59835740186508801219,0.55959550006912772702,0.07244268833975496535,-0.60509347471993413237,-2.31985149253200040320,-0.65645624122196655215,0.83929265375989847708,1.28631033810590977851
-0.57601187616970805916,0.32665093206469547615,-0.50526449960688513130,-0.78443149151399138574,-2.07699279703186512336,0.52824845866635705693,0.87513008040823248024,0.57383795430461237430
-0.45007498292410508256,0.03338660259021031251,-0.55830970233756471721,-0.76088152267082176383,-1.64247579535520715766,1.54714910787076842524,0.59491195499905491495,0.47006232907630407514
-0.41382597804569237754,0.07073303609610524789,-0.16265370429213268921,-0.45809406148910752909,-1.31070781334020458608,1.74406744522140710885,0.13438405745588438700,0.96537727165664355411
-0.64118038908000962728,0.49532362803384399896,0.32555710815434385497,-0.01353696415133538548,-1.27406413427502851476,0.98446438484910037126,-0.18823619189939785890,1.44642331103856314201
-1.13110868080522730672,0.84071050572445382709,0.58245239636231227465,0.30682532722428096372,-1.40852832161562058211,-0.41951414112005602775,-0.12539973668025600206,1.27988498848890341897
-1.67368361252866404421,0.65569159077552996440,0.50744277325576547799,0.33429300813353396427,-1.43292866745088520730,-1.64547130206270142416,0.26994062795750550787,0.42984554936068136710
-1.92920516808377051632,-0.02345406547422049584,0.25688493368447462561,0.12146941337302648301,-1.23883191258310842997,-1.75250300764716060442,0.67507532679034476519,-0.54945240738734524300
-1.84222176793986358589,-0.65270364026287108761,0.07547243241573894923,-0.08253125888096560225,-0.91916014793007838612,-0.70197508545039422057,0.76639001427388053767,-1.09710093171296518832
-1.73829450425377141087,-0.67399391696250587902,0.05952096634076527171,-0.05665733821193881525,-0.62429623726094152225,0.62992691785846832708,0.49269713580072904691,-1.07124212208235847221
-1.91327312901693136205,-0.06068279657272792477,0.08829319325966152043,0.16312310231986962283,-0.49512143347580167552,1.21873724256531645871,0.12605112794828260414,-0.72795949989149377757
-2.34911045812118501885,0.72205333856217746025,-0.02816501242953730125,0.33122370667428052693,-0.56161163319146178985,0.70874082808613436679,0.01540417095293645372,-0.44697463380743196470
-2.65419823836690982333,1.01573560819455743776,-0.19158292420730907435,0.20681649968492865632,-0.72886483029368220876,-0.19856856130455494136,0.27475607706913030004,-0.41926050644565132641
-2.36287037792223753030,0.45209462297927499597,-0.02952314943790588717,-0.22446335567025590962,-0.94477014799514069665,-0.60869739649847509622,0.70417754316459502117,-0.54131288182582071311
-1.51176045880754106321,-0.64500114090479965245,0.56214176754868894204,-0.71050180325968415040,-1.18150938758992296584,-0.33556902454321735352,1.01246426524006638559,-0.59521989612984149698
-0.62510679531803270415,-1.51624270233049429635,1.16619380786867088418,-0.99003299539806721707,-1.40773547077840688324,0.27686866948212235373,1.11024192582493297365,-0.44193462082820722525
-0.16669804826854939250,-1.56529846790529503231,1.16695625621069498656,-1.03302436812340481254,-1.71237215315187518705,0.70879569565582489776,1.16120814456269139114,-0.06721405577755686089
-0.21601274363081346408,-0.91369663938754952515,0.38261600497556974565,-1.01568769900216882007,-2.15466113443799889282,0.58014141914881667272,1.36370804945722756685,0.38267916378800781452
-0.51191123259475324048,-0.27093826754505889731,-0.64707733886542162516,-1.08001867041531451896,-2.58727077510021441498,-0.04922647964477302324,1.66376933628425915934,0.70055156269594398566
-0.74203418819710098564,-0.16912803147747301757,-1.15818851812637158005,-1.16079623248082342002,-2.72330311395887303405,-0.79873780455317466842,1.76351174370357099974,0.86101420676221585015
-0.78868039133384526540,-0.63201420090582249856,-0.84276548226718550616,-1.11256503317875021786,-2.29174615343342846785,-1.16519576385016532249,1.47106468820413049947,0.98281783955060131319
-0.76552991516296686747,-1.21190824782769790424,-0.10771645305925132974,-0.86554518861906393212,-1.32567485360676173833,-0.79118446758722438261,0.89209428399184353964,1.13437853111538822226
-0.80918300426987632701,-1.41382140925850907642,0.39323562640398823653,-0.47324556683847379679,-0.26559798707542531249,0.13309328787297558527,0.33196321754189622721,1.22559070038717488060
-0.82819373852935751490,-1.22486288158195577580,0.40365612208707440933,-0.12108518755712285864,0.31644797762619281123,1.01586947428360963031,0.09752126228461092949,1.01174964933175881576
-0.65704295774789045481,-0.87539023656350978264,0.07438190498318046628,0.03113949729586741946,0.11391372718206518866,1.40357894763903590096,0.24588624575467538103,0.43328162387859053828
-0.23471448388391422113,-0.66929136416772894158,-0.17168652179748730702,-0.01772222406898388281,-0.65636891819647980029,1.21769355137273005418,0.52663495146473982000,-0.21219848786331083068
0.31084118642132585464,-0.80684840153277859187,0.04112588566404556251,-0.13644359925052637617,-1.44698717299311074846,0.69486697027997712528,0.62851711527442666316,-0.60588739077073738848
0.57132463453233273132,-0.94217861664401225674,0.56265787464372907234,-0.13871893604250234988,-1.80068329457457498854,0.23139634534760289419,0.44749837116585045038,-0.69290325433748878314
0.37950230442504490069,-0.70829213293811232877,0.94720342487811948207,0.01167712715871302084,-1.61726879041743010212,0.16942127263908215995,0.15111978844050227844,-0.57648145971298447865
0.10744041257781952736,-0.18831522875398534755,0.87875939838922156877,0.15774259935861612014,-1.19815390173210056801,0.54366061693057543547,-0.02153206333604408204,-0.19518643210031527691
0.10817588343881390234,0.32889206722842656561,0.40142983748152633039,0.17907385044783510897,-0.93607912545916571734,1.02618588880673522468,0.01518930600134494463,0.48627067852183741836
0.39715512395745589114,0.47060018543145376579,-0.03453864007073075698,0.07180389731609601589,-0.95551034286320146727,1.23256885882849598346,0.21764524786096933751,1.11439109041955863866
0.64612112598988724610,0.23211386660056224085,-0.08061590952555861000,-0.03876866759451445127,-1.07920598881829588045,1.05974689025515034224,0.45670794582949031382,1.33345653180305157015
0.49144451010442202765,-0.00942320376064659931,0.19100746440304039453,0.03002893932938787910,-1.04973824499384571496,0.61697246837650210338,0.55942284235287709215,1.22883455791829243609
0.09356490762803215677,-0.15396184174792917898,0.48045437451887818003,0.24888139592358160535,-0.83509297755350941905,0.02701842074500918414,0.50169739340271402028,1.21997120115921964256
-0.11587363372280244656,-0.32801501271609961874,0.51729446820510827099,0.40008717219886974492,-0.64329099175918946774,-0.41741169188327070794,0.42866057555756770236,1.49617159447670888817
-0.01227245889458691494,-0.63206827927997888406,0.30532196496097646632,0.33401752351505775707,-0.62534008125957973867,-0.40497934948432773306,0.48818061516192756688,1.63990645215953434466
0.21030332890224695541,-1.09354558309658322912,0.06614155669035219620,0.08889294450320664454,-0.73058059923354301546,-0.09652660950872105072,0.66663829964691068142,1.20546050900678269890
0.24528736704764339538,-1.53968249285325042841,0.00409113648801949937,-0.12425917473376238420,-0.79245603688943222487,0.08070873186694944856,0.75790581796215250598,0.32583695782222088511
-0.05608356554219988410,-1.73153835395816235732,0.17039183201443414140,-0.13804196351383005159,-0.70852177509836111735,-0.11933961593144258584,0.66679949001756744220,-0.44608984101743009987
-0.54080351441067264773,-1.52418398528471699116,0.39896298633608001660,0.03133518815002454827,-0.58812618800765747995,-0.68340531739341681128,0.54660255839867943894,-0.66175463560522518325
-0.89923852673218684917,-0.98325664274165547329,0.48729225957346611331,0.27272094116145534359,-0.64784238749496847465,-1.33470393159667222172,0.54493070667746335012,-0.40178093504002154734
-0.90450926924218366665,-0.44380028138121152548,0.39027319528430209905,0.43135794697647755758,-0.93844277160129963011,-1.70606575724367770519,0.68895092785575506866,-0.11846955990777215117
-0.66956698551553606169,-0.25276587175326964418,0.15271994507376848715,0.39983872324813690691,-1.23890322593956536679,-1.68877129947812587574,0.89645087633152698015,-0.22436855124255322691
-0.57189635774467018070,-0.54674316817903012566,-0.18502381508892040696,0.20142680462785086948,-1.28749983096455666853,-1.53133437542634820439,1.03855399068790754669,-0.89088816668898462847
-0.81672446170902812668,-1.09368978399140259761,-0.61824760984721671697,-0.06095848047244138007,-1.09699673836647271230,-1.43859910626951115198,1.06173113775362470967,-1.84541654413981559557
-1.22581303482141756866,-1.31834422412711349537,-1.13910448302230760120,-0.24934734352899837195,-0.93948570017544930089,-1.28737348829436570874,0.96198426705235362544,-2.39503919153436983791
-1.34852016814721475946,-0.90009243205367839291,-1.60034920260977431283,-0.28718887909500412370,-1.06413385955726536025,-0.87383384523320828396,0.78647762247000330138,-1.93079013371030394630
-0.86241552120498732315,-0.09511573379287026342,-1.74843925350533457852,-0.20566691335132639140,-1.46050626560743346261,-0.15826186535718173021,0.63917574055374315467,-0.45515550298699186671
-0.01990503634123308094,0.64566113670578662020,-1.49917964525427604983,-0.04145725105930226501,-1.84657581725154207319,0.59972186673865401918,0.56989092061717361304,1.31406563525391506531
0.60914033089001740073,0.93601784656804321028,-1.00813222118558831752,0.14554306106576436752,-1.90665543535468717806,1.11082692149909600943,0.57838342494524341841,2.36241303730146068318
0.73149832123861968647,0.60461157331481762967,-0.48483398979383235394,0.24809339066862828860,-1.55476023700749932388,1.38639547466057888592,0.61441016334854126058,2.18122053191211850987
0.45662925554922001448,-0.16413017275256361338,-0.15711989035777634838,0.21127853666064805305,-1.01242435795513818775,1.32325149097995709013,0.57737408093785980157,1.22799875682978787417
0.10947559938341108743,-0.97721493721445629177,-0.20586711281556310804,0.05915600801199610154,-0.64935519971450761378,0.79392067582633130129,0.46045766168321855538,0.40042356849391030904
-0.08576933434041894566,-1.41352991319546728022,-0.54092386514584056556,-0.10845836997171541538,-0.70799111918979740210,0.15457413625410074132,0.35876643321881868109,0.12471051450115877568
-0.17163808763748536479,-1.31201516804832385432,-0.88342041228216383608,-0.17906895618828927441,-1.10820842604850633428,-0.12440844242171811285,0.36556220912018905222,0.13344925313124542110
-0.28132288124344823066,-0.90629287781167378046,-1.05383002492198052380,-0.12969434676521296446,-1.47307941349864157665,0.15791536678552703377,0.49873897001377232030,0.08973464401375738642
-0.48884927217425067081,-0.50496930033105003055,-1.06136865202903174499,-0.00230041595271621201,-1.43818161631290042379,0.78947703067787111664,0.66284314654543829981,0.06587017436339605292
-0.76322866866338168190,-0.33762581950410108789,-1.03475206215755943795,0.12536585164524005620,-0.93134644604209093632,1.27893233653359428281,0.75656730494113177965,0.22795710528694851371
-0.92493224547754315790,-0.53916183232761349942,-1.00407329333976624852,0.17180809175722619453,-0.21790408272856073846,1.42855031971508372735,0.74405814254974667055,0.48430666504909591907
-0.78564411044170612275,-1.08032445241433427974,-0.79259187931153740614,0.12806980801507850121,0.26406413884044899198,1.21731351656116815185,0.63949366128623752470,0.63239476757118462391
-0.45314854776998741981,-1.69471306738715732365,-0.30183998497178365916,0.08512481741202981844,0.29801693040454452222,0.61956795248180573932,0.49039604731520081149,0.62574551570029002256
-0.29593817859831528239,-1.88672664281034641043,0.26647075983703244484,0.17452645628328020133,0.02848450196099555978,-0.08296646162280325865,0.31927490187964197021,0.62203144007049293585
-0.55189875031420621010,-1.43757951452723831132,0.55959536708047508125,0.39735104297245782412,-0.25274895526466273354,-0.58624241274334898399,0.18967942680927554755,0.71401662351123462713
-1.10797187879144831690,-0.69537383156699605902,0.40100152144879702698,0.59612059123896066204,-0.29721309098547948890,-0.71202857030659860715,0.19388962735165923834,0.75210370674842352834
-1.51385210316018592458,-0.13084737275066507523,0.00811323762914756969,0.65641546213140267163,-0.13718748237155148351,-0.25586405814996338037,0.25565714390812266377,0.65359664510443082897
-1.37871507909519275259,0.06299619947178103363,-0.22379079572315035973,0.61850350278192556264,-0.04935861065997149827,0.63849470817273434875,0.19937663088095367026,0.55700016226029358535
-0.83807855758620786180,0.04876994627794083853,-0.09385446331967017830,0.61961861860552736037,-0.21151343054164239987,1.48870744353436346152,-0.03718118777722147217,0.49210415459614814671
-0.34178389618934140737,0.11953411749116989171,0.33852391566725498206,0.74798141815289609369,-0.61389145931297484093,1.81068062517936367861,-0.35329214896258226419,0.39013463680923499144
-0.22586260811874747656,0.35476089715591846430,0.88765675113517661377,0.93617211430782165671,-1.05962486977536896049,1.35746103617351865367,-0.55470835185983990989,0.27492156475855361597
-0.51357678441969156768,0.56694933934096647388,1.37023795962423045047,1.03120222932629235224,-1.23004296885905928249,0.45834529964945702751,-0.54366317029132282812,0.15773488767187124338
-0.89931924478943980894,0.55327317496733385838,1.62378017860676182593,0.94897048200276878926,-1.03144019731869573953,-0.28691989891254038314,-0.40012709888106884337,0.08933062068463312744
-1.05220364990101677982,0.28241466513973673136,1.53446657894979754388,0.74493367630934026469,-0.73633617561291420106,-0.53919208004330876349,-0.26433053779622117663,0.01132660348558979166
-0.85903296831333053607,-0.20458511312462099307,1.16561105531468656160,0.55225307498179865284,-0.70020554250287758702,-0.40320137464045646691,-0.25096617167690560279,-0.30093446355278991033
-0.45129365406706067887,-0.70952021021183508953,0.67738141256604589291,0.47556513818138729244,-1.05420664868713886975,-0.24261548507825150822,-0.35334396173787802065,-0.74330403972320757688
-0.14822954040637734141,-0.81761703844853694800,0.12138952734415001111,0.51150678009444039418,-1.60749775458822941054,-0.04619652644105162048,-0.39438339110510284291,-0.99090251596122969069
-0.17069442171681353804,-0.43485807365346507147,-0.42974734366665429119,0.55224180358385477341,-1.98388121084664281746,0.27824218209617401776,-0.20938802559372179934,-0.86797480713476582448
-0.43391868672772104798,-0.00937953672505306355,-0.73220023112537646615,0.49541835092297137333,-1.89707549477842896124,0.47800758936250892228,0.17393134143385843848,-0.37702793994201050376
-0.66128695794510716777,-0.04200719301478408885,-0.65919747305703746409,0.33662693087714018469,-1.34034494214601851425,0.54024019854024596388,0.53454437700150847501,0.20937312704732100044
-0.61586144731288350318,-0.63874331852243304564,-0.38744474893725416864,0.18857015776028185350,-0.58254619827789433373,0.59860286592374700732,0.58080093181654279810,0.64582193455356817768
-0.29273474152637790624,-1.36413196844277528896,-0.20816040919351858074,0.19015017736673353599,0.03090452732210999254,0.70014258912579607763,0.21425144548643113018,1.01640846965340747587
0.10939357715315101149,-1.67170652964750510172,-0.32840820362202804983,0.35496361017339622679,0.30647436127312494003,0.85189643985940610715,-0.33698964280200183197,1.48964392922755983761
0.35856989145989298651,-1.46169794270280073434,-0.64062683352374938384,0.58990586695145552643,0.23644416197484235953,0.83016748096802783774,-0.73897850623532990166,1.98710147359861122318
0.31977234041135393916,-0.97198754588387814568,-0.78227639812243188189,0.80469504264886981826,-0.01844109331670100438,0.62312182008870165006,-0.81976879880408914936,2.22053253386635107702
0.01830880248422241466,-0.54724482935983997933,-0.58599202903169578249,0.95204849426675886015,-0.16603214184577350099,0.44618657513475273868,-0.64777881306805606965,2.06294100785560807765
-0.40161037632448742807,-0.47494584690267782623,-0.18714850962879447938,1.03432257077196521067,-0.01238953246249791841,0.38387289633403015587,-0.42695253125603888078,1.65384713938130012423
-0.71115108273345262191,-0.81776699058407475995,0.15612403473002336995,1.03393575663661430042,0.39977800828059556482,0.56220850545023937084,-0.31156699659611059028,1.27768016440963538827
-0.73281990035144606299,-1.44468110635589774837,0.21211984393447261277,0.92149781670255659360,0.88156069001506776051,0.96207988579066794355,-0.31824393077293655629,1.10831354554073202578
-0.57392639111877563618,-1.89974537610486082784,-0.05283544854472596586,0.80312173708351142221,1.21322684192793905922,1.43914388960088990288,-0.34222488118263288959,0.92914371171735321564
-0.49324277550422801486,-1.64476527591146814977,-0.50242159898891314285,0.89241446565969517746,1.32366422336324895959,1.81584506900376552174,-0.25196896129015555754,0.43095600934759198397
-0.53757927265216942647,-0.69854714807996665105,-0.90627257043709763540,1.32768911807432243855,1.33931361423171391145,1.70444305312479937875,-0.03146676352441658830,-0.33040599259686431743
-0.49018056957799438500,0.44937714571093351212,-0.96566459252947867142,2.04802461223283271963,1.39269968533446886205,1.01218497911680760382,0.19804200392161383504,-0.87281631096846268303
-0.17631601063162669063,1.28185159410135796065,-0.57109177353416817891,2.76208205340812362749,1.51732518296880480868,0.22823433200170525903,0.31896867323800232041,-0.70425998129780065238
0.25509775387442451544,1.51840086206420932236,0.01719795314438204298,3.09225238628461740475,1.60363013838752199725,-0.07143949440860833389,0.34579132117190630735,0.11775727025429547079
0.47860824499320819836,1.19432436162908262034,0.40303127732699861596,2.79684244448023244800,1.42780333539133108545,0.28397243991747389558,0.38616240710999710783,1.07082651658105576509
0.40572129230137055078,0.40198082714934635362,0.39265796984344630838,1.88921165932873558191,0.81259274760353339406,0.92294041228416467959,0.50802187247303165485,1.61720672801914844285
0.24744232822005626793,-0.74608449854755387598,0.08046971938696886872,0.68070796189998650227,-0.24898816569096682283,1.29345020390139264777,0.66802782216881162469,1.50705453221778884476
0.15342729568408672303,-1.89628875866811474893,-0.30313777898414273615,-0.32865836112552954118,-1.42059676088085273804,1.12484283456656264377,0.73812047992827489740,0.98605188198646853692
0.00173280161446254201,-2.53590772170694522814,-0.62507401543517060460,-0.75286892707183006301,-2.13481964134488988449,0.57781889631560101606,0.63154591282055505541,0.64504606042129775112
-0.37281151890735347854,-2.37326851800439397877,-0.90841330115091734054,-0.59092336766140907134,-2.11456926541166989608,0.08631142125956670075,0.43198924405614097521,0.89599173400066123296
-0.84239928922195295158,-1.78801638723858480340,-1.11386992275802731989,-0.22583682321197592890,-1.55014267366638081036,-0.05977406583234700505,0.31718456859894644806,1.59618576343168672160
-1.06993220502881070111,-1.57368145434649520098,-1.15110590144533109225,-0.07050518542736107508,-0.89340623908032590350,0.03757604717976466974,0.33210953538149218245,2.20300024865329202584
-0.91923611662575699377,-2.02288906457573069986,-1.10991247776746204678,-0.21435133173222792324,-0.56460011573768997817,0.15869287209674950989,0.37665896980504903757,2.27835721529935009144
-0.59589804467882834249,-2.69784350931600513945,-1.12604411334178933224,-0.43217626666387320977,-0.61096217382665229945,0.19668415920111700923,0.37387287663588247844,1.86556878169829465364
-0.46690207098100633409,-2.90060901742161991734,-1.18047219615736831422,-0.40350934129470311662,-0.72970832101493032784,0.11977873264261444664,0.29941399747160912792,1.41346571770496542975
-0.79052482492215436771,-2.25769852070481968909,-1.19349574204544395251,-0.00819738781774374467,-0.61170863611712911201,0.08894465944670643109,0.21573709164765161872,1.22007737765767920735
-1.50550308047063641226,-1.10266760160566956728,-1.15912470293083957884,0.54454213515766403120,-0.18777853066350838618,0.29496533102599520326,0.25956591528642181110,1.10847336498894755152
-2.21836792994461795558,-0.08417225750798901229,-1.14516560247002385786,0.95958548853477920737,0.32558314709670349574,0.64206589527069590773,0.41955495410005577694,0.98191668827241784800
-2.49899269331725415455,0.45476921607899611910,-1.20764590963514084621,1.10599110461407690309,0.64547844400973930501,0.88417594739367322276,0.52864332993244023129,1.13516088036120010862
-2.35056570835050360202,0.57559727154623829826,-1.32931469520880640722,1.08634924873984894944,0.71724321453303008234,0.83314160667010073169,0.43727036958655196575,1.58316042797795564212
-2.13227410868217059914,0.46737028170384553594,-1.35880418051107954014,1.11481200256429935358,0.74675946815361726738,0.60630057312369289857,0.09090709144014778864,1.87427778692480018208
-2.12612366753716219847,0.21522998219178168799,-1.12287635577007649523,1.27748610598676615169,0.95603395072773689201,0.55688535189156529448,-0.36454018380299513247,1.59412278766605619573
-2.42190603579460983497,-0.09629731414637505982,-0.63736521455133487990,1.51346484294548910832,1.34170853268049738993,0.77470058694516974462,-0.66149227002311927759,0.67525062571200866746
-2.70988888545235795391,-0.43712790292685432814,0.00135703001005394916,1.67823984088467570430,1.66447434020895790319,1.09120339062628346483,-0.66307214822302984469,-0.36330750047338011832
-2.39334242602488478369,-0.96659320117908986703,0.70930440447976517149,1.60326927386190631886,1.60777715638974072476,1.26920921218597437807,-0.44226431707434155083,-0.83772760340043617155
-1.36520162493075081223,-1.66471625677266144017,1.33618859584836169319,1.30580163633518719912,1.05495613453445447050,1.05950715996355260273,-0.20053721421720047124,-0.60054867759065655441
-0.27026736517516580793,-2.14080370601663272367,1.69802060170427204788,1.01726896870522431904,0.30040985541289899619,0.44879658342845846208,-0.09114675255964981015,0.04539105210243037092
0.05320665646329551801,-1.96115923286776627776,1.61897987253852004841,0.97589856282467268844,-0.16446568094887564770,-0.22412433997083167081,-0.12954429261492517167,0.51846563124197275751
-0.60597484883843133474,-1.05719708896967379275,1.12168687842715186775,1.23845856889918626287,-0.13788600708412226958,-0.49892160947382058200,-0.25963847199100714702,0.37759324319238396495
-1.47676994784210413592,-0.03366259635207302647,0.56878065717543180302,1.57619399684391359173,0.09358121665953833546,-0.23621431242547374918,-0.37120840818520789428,-0.20465990283114407489
-1.57443868549305521221,0.29714391954495666948,0.37442598433603430097,1.67197949615966767745,0.09574283517367497554,0.41077553797971877447,-0.37347462322704555460,-0.82513336867515385542
-0.72424783688273342008,-0.08375132898077330967,0.68584535982672911736,1.47454375653015801184,-0.27361125831548233078,1.28894103188076991628,-0.28922295914963336294,-1.11208440399258168263
0.35567821521360115655,-0.43843900420541659368,1.27437089117604851474,1.21498006959049265063,-0.80710924213443957509,2.05281532507798525344,-0.19648897238208593019,-0.86130950779637738268
0.79171057119928911483,-0.20979438001051689544,1.71610588208879932814,1.15354975862871778070,-1.13338647454211494114,2.28254144661971869468,-0.19159139396166111058,-0.31575480359484314752
0.29964616520406489597,0.43626007322331084026,1.79937937831992011972,1.36243083652731988842,-1.01491991890304333879,1.76028838080388116971,-0.30622603866759245950,0.10904349348833618227
-0.68610609061118599250,0.86058272025632465141,1.57412679529785237698,1.67122213511892137028,-0.58724178306167285069,0.50683265469359273236,-0.41507901487223847203,0.17695238042859659511
-1.45589043847135446441,0.72812860274839030783,1.17900853534352045848,1.86029887762476597857,-0.18715089731177661503,-0.89333589100450405684,-0.42321320129240452834,0.04409227033649498056
-1.60606476292574829046,0.31829258213339117756,0.86620392476289964634,1.88744954450444724081,-0.02549542465225367385,-1.69114664760788357967,-0.41275561123746812298,0.14775938370311761383
-1.26762530925360095146,0.04314386423173462853,0.88503967585884790736,1.86262526810241779707,-0.08923323854093641316,-1.71875438841443362037,-0.51595496005229268821,0.63489411192126676831
-0.85402575094089661079,0.06431030903011152045,1.24064864379694927976,1.88599784142654192109,-0.20314078412473704494,-1.21381832176474846463,-0.75930773912124349678,1.20241054313593287439
-0.72129482941062439405,0.28203706206754797225,1.65114758474024503343,1.96445909773859983538,-0.17561785919872421879,-0.57041824981845679066,-0.99717866370777796803,1.39903118693997163824
-0.92944185417436209207,0.53295250520232861913,1.68957728775727700210,2.04693877955015235415,0.06766999576792923077,-0.04902558391516598918,-1.05659262759617500471,1.09518860880626500709
-1.20394177844958893964,0.68640892769477968027,1.18077240903727265220,2.08754590269167783489,0.44148022163691014175,0.34868329885584153915,-0.92920602565714660592,0.62463694930582058795
-1.21704728814029028428,0.54349052260421182314,0.49698715576010571437,2.04881111508969926405,0.74254207918963999191,0.55435147729781719672,-0.69728092004272534954,0.19083557665854136709
-0.90547111052885809190,0.09199546189097443372,0.19442121423958586002,1.92446929297510060941,0.81586332858526322553,0.65373672527785342545,-0.40797674842373815585,-0.26849596943000991756
-0.47033904808120013952,-0.28905781820606052390,0.47459319624448531583,1.78848774559563183928,0.64838739699021996632,0.87891777348303157247,-0.11415077157473479952,-0.59335422360964862332
-0.14672266783533391421,-0.24495972235406834883,1.11471769377475204976,1.74171663816139532521,0.33782558126451628366,1.20403531302363719924,0.08234365074511899862,-0.51604129797178399652
-0.07285088976527880067,0.11343111566586201733,1.69138083604497979628,1.79883901362782960831,0.10155918308932639083,1.46398039026896098491,0.11945034761280354241,-0.13153826298625284630
-0.20208866694149019150,0.28846300281930720155,1.88563026505396691412,1.87190724516578099745,0.09571008733583137584,1.43947396651471182238,0.04938943593283886407,0.13594593319382519692
-0.33779545265177546298,-0.01678101890245525807,1.69812120678775069216,1.88462839147816807461,0.24070986631053459259,1.04887565309622132759,-0.01980891524797324596,-0.03279353995974752106
-0.38359221273325194712,-0.55428736749063955980,1.36657795034408779955,1.84804620339733238765,0.38460112051239453423,0.52801180450653217857,0.01862646001799773271,-0.55582294540305865471
-0.32125066007581465355,-0.87952209323835817134,1.18001298531456488838,1.80565877911069594397,0.40090383208087482236,0.17285312017681850327,0.21855560763831202720,-1.01102321521056293108
-0.13933288537321061873,-0.77610343195891307033,1.27241036261118423134,1.78174538809607985179,0.25478900084784106284,0.18319373783511747056,0.53150548951722442759,-1.07645841637250927469
0.06101955783322275673,-0.37351219694756376821,1.45161058663181630202,1.77815513775529199236,0.06801154537569595315,0.46497414814547832762,0.85701235226575300796,-0.86523893225224279835
0.19877829836538402075,0.05601543832544301355,1.42234779239866737655,1.79895478788390139613,-0.07555287228584492421,0.64733892041430218800,1.08965750829744001393,-0.58802694338767713678
0.22414002527686277544,0.34818122303764859060,1.14380176739234484806,1.87940291392245373281,-0.13585696734875502001,0.48555218316154480362,1.13907105707884159784,-0.31414147466178460322
0.06060113569456924976,0.49267856571173307412,0.83057606639537906457,2.03499195373733199332,-0.03676809585392136481,0.09126747633400629500,0.98815480792280041555,-0.12468452660010281852
-0.16779910291659069776,0.62079643625403801988,0.76257940018109027225,2.20271733049998585940,0.13331669828766873342,-0.05370057896131944647,0.71958171665036230191,-0.01128629579552926573
-0.22465060846807355377,0.84558733364606142313,1.08367225630850816387,2.29436049053708135403,0.12354802362968991813,0.31404501137273538314,0.47012093151078837572,0.07488998436256447122
-0.03161290068626087385,1.09040015069917139989,1.68490197359953541856,2.27923327213363924315,-0.23396705175480081440,0.73022363194734263292,0.32867534874145681867,0.12479980792529626887
0.31949323322988015805,1.20264553088437864403,2.27498545373661720248,2.20790811587909718838,-0.85204833610327190829,0.60009526073855845585,0.25676382212776893699,0.23723644747991684545
0.58164088962754312284,1.10890449102919697033,2.52442469177665218538,2.16413155585114180823,-1.38391327778514838798,-0.14989737603488095807,0.16198453479458682636,0.40156434223262343908
0.56646249680135529747,0.85075355153618692494,2.27707809446650877305,2.15639908017920589600,-1.51435634001271157700,-1.05224089186434111021,0.04706069596849895426,0.44673053989135358410
0.35387491774556689705,0.58748154957418197153,1.67812427453310730741,2.09179516409026744483,-1.24170517075543518359,-1.41089582716137607044,0.03408776622978627879,0.38002169621385806231
0.14766470380485766101,0.44162978858537804694,1.07103687281194148717,1.87416107403247100827,-0.83337720213976340666,-0.76160637493566474276,0.24926551977886124423,0.24445947920177482637
0.16408163675926665248,0.34659258710362078615,0.84005213953364554769,1.52070849864431911769,-0.62375238361369844675,0.73000288052657757998,0.61413566504627947751,0.07198203902757686901
0.44235525253852026051,0.21391167460464260985,1.13720817223156189790,1.19679703355806688059,-0.75392586100400382776,2.30893307345814413623,0.82451457116541704284,-0.04598343973630140968
0.72403483740072804853,0.01776653308357073122,1.72203964039143131437,1.04101040919723275557,-1.04738279642963560967,3.32822837684721983820,0.70444441442579996959,-0.19578062608826340973
0.79165836982483051010,-0.28518096780717994143,2.24095865936122695672,1.02145901808957595414,-1.23339024233642224893,3.55680056440618574953,0.38609230995229659733,-0.36516300685756702959
0.58436391870901427392,-0.60339659365316822281,2.43557842360359000367,1.04666038621328216784,-1.18046409376684202641,3.04683124512015002239,0.11744772549895637903,-0.33443957645174465787
0.14879599183068989432,-0.72792546613365161079,2.15374078482493080955,1.03473608617319645653,-0.96263871666802103277,2.27488822861162631739,0.07819392118357172683,-0.13899573660399394681
-0.24478781184006526139,-0.61960102832247887505,1.53800335311978697561,0.93598773000130197630,-0.86393543302882547241,1.58918437138102497386,0.27127469487514604962,0.00419555087226272400
-0.34445444444925238381,-0.37997131814660833893,1.02254673345917046490,0.80727245240330347542,-1.16546128621808064985,0.82641018567530877270,0.54506796275220603665,-0.05094798290844988059
-0.15521953059127757690,-0.02332123224464641154,0.92858800104926408903,0.75932641681438439729,-1.86366642530551085422,0.02427096840087413984,0.70256212481846447293,-0.24946402333706763077
0.12372918068790086932,0.49067054942373272697,1.23048017400020648360,0.87304252438898932720,-2.61334251557674335231,-0.45908922364755022638,0.57532711386504964413,-0.32262435927802374236
0.21655069931830300822,1.04213288977603601992,1.67904914269926397452,1.12842191170050187843,-2.93249706675886789853,-0.27128219210216747426,0.15780653128076413405,-0.22339159392957519401
-0.00262027725598404327,1.29417406033727777626,1.99952558054579210278,1.37524371311301929488,-2.59889085452865264969,0.55808123164881862088,-0.34769395936709451833,-0.25292521053239930273
-0.45614803121566049882,0.96313333350672214461,2.08132683486801850492,1.48537039557839256609,-1.85187639985829033407,1.20261097052384635653,-0.68869552789061450060,-0.61445346686146473658
-1.01089156720653616794,0.16293630064663031098,1.96964847859963598786,1.43968546440800193587,-1.15694565121866643764,0.88071802300663237784,-0.69463665240215866081,-1.17684987451204103870
-1.58702123573685183189,-0.62218510344064303919,1.62566894403050543616,1.29112467771064443056,-0.79342219166102256889,-0.19023402739047923227,-0.36804174088535801523,-1.69843492524387418285
-2.08641510612855229923,-0.88400005391559788315,0.92587806180128839895,1.13404658202438524128,-0.71561981516506267820,-1.04478301155359609709,0.07999957145678530945,-1.93730377182473589848
-2.24598127542752790120,-0.48085051512763843373,-0.02258308974116741280,1.01516768244517918696,-0.80005857958520187889,-0.89765731781979218873,0.41087139004579681378,-1.59717342263673223179
-1.87960083031645730500,0.15667587437208604917,-0.76817769531745438982,0.93389635202035947703,-0.98466389015401745155,-0.07929520679584124709,0.50904367816182127804,-0.68365794501520726900
-1.12251808734325986272,0.39673174233508717856,-0.92134486899174228292,0.88640180421981840109,-1.19705115606808543127,0.53967001693526650552,0.37942477470146090957,0.31841726028274258686
-0.32736074877481718959,0.01689936770545193145,-0.59496726608473693432,0.84122465499035281589,-1.36525459527541803695,0.68667770244273196312,0.15261385673668548257,0.85487198309402079310
0.08171498412704357450,-0.68980181806283435986,-0.28567807019324903406,0.77866063610846836252,-1.38881527559405393291,0.57053774452299821363,-0.00900173885183250602,0.70273556284622085144
-0.07798134802336779969,-1.19158671318306441655,-0.46193979337808144248,0.69493530613673371032,-1.21719546212037865729,0.56180972043421040230,-0.00766627327217900625,0.15583490601703547940
-0.55682742584251165852,-1.10634469656895051415,-1.16819500469565706879,0.59215944761048333600,-1.02826239997884738564,0.91240657260394109063,0.18506366528428738749,-0.23900825422766183714
-0.98138573435529208311,-0.54048133859494207343,-1.91571828974472491147,0.51847060605544881273,-0.97923989054614635208,1.49086190566912901723,0.47530517108059849862,-0.21360924984394011328
-1.14529190312188622336,0.02237464310972819490,-2.13917907926055139711,0.52317305689766402388,-0.99992496842257883038,1.99663882292611605251,0.68055181234238271148,0.10776404372949949240
-1.03819994235604684540,0.15067986674423902715,-1.62556717958961671755,0.60708658187036745879,-1.00910915981083193493,2.11785550221150353778,0.68149870286779534734,0.46528038625223466784
-0.82297176976168884277,-0.20146018014293495813,-0.61037778234703554681,0.74054601108155682088,-0.94575425100062737727,1.71122982996351757912,0.48489110522829736993,0.73961242489131029387
-0.72115813924206828567,-0.60794776583002874126,0.29677729608239222792,0.91691355854786849022,-0.75092646509009819411,0.95570690662538460014,0.14444827032456417082,1.09436981271892519452
-0.87548347303507334516,-0.55607090718092822001,0.56187493298929436225,1.16368382141638471161,-0.43438896337125643132,0.24382294493031855809,-0.28453200474397638553,1.72680962655994063581
-1.23068339351955913230,-0.11925298545310046572,0.15830290583218689648,1.40626333002890180346,-0.03223083955390761146,0.01071088549822215782,-0.65823747341501259722,2.36262707151017803398
-1.49940499975427177226,0.05263709390633555113,-0.47256113179401737501,1.44370811243129559820,0.31983603331288407157,0.45001463926670542959,-0.75947102227207319292,2.36099868806856605374
-1.49885744675107002166,-0.36320251774221823382,-0.80417055553747529562,1.21303502449466438229,0.43582615361071319615,1.31275760820828657494,-0.50761257157889327907,1.55281786350675377051
-1.36610391100867833991,-0.94141224751890972833,-0.75418884854037115950,0.90493587863730706733,0.26602128138085479048,1.92575467860047599977,-0.08150681471661713751,0.59785567782022441818
-1.29808212447106696708,-1.11820417442234631977,-0.69352989270518206055,0.74401375574970995963,-0.05354791432555440489,1.71823582081733894356,0.24063884670363688834,0.32202048860333498670
-1.32829095631546123535,-0.82468153236340602241,-0.83102572312459943582,0.79487419259843761221,-0.24395700269729209131,0.89679948364587180887,0.31473717310040888462,0.93091986894789036100
-1.28488750354716030344,-0.58706138958341591572,-0.96629182601754037840,0.93355499573306643946,-0.11995549389803064622,0.15348327031426411970,0.16778567153019610658,1.84137132080553622693
-1.01943801258015764866,-0.99141056515431769114,-0.76798898754981115289,0.98876695036988127008,0.25181329078789976839,-0.10848158708108103510,-0.08677641314777527481,2.21280399937666283350
-0.63429991851376121836,-2.02859823731240274114,-0.09324781192932013463,0.92405962719395207117,0.60304006026515777350,-0.13481644389353994451,-0.31578731001006898893,1.73840142724931445706
-0.30128565804141904660,-3.13033587031823623548,0.76145010575149674192,0.80157873209221841559,0.58152802378802326277,-0.49157349062350652602,-0.40638320150358231420,0.83317967502724266105
-0.17123302380986782367,-3.52217269640596075675,1.24233120842751620927,0.72340584350133607661,0.05845135113427507578,-1.34331888239850250066,-0.31814815950726516025,0.23745515241657744188
-0.34297513936880696939,-2.71265296870399996720,1.10097140516242308905,0.80052790060920486770,-0.73876858734858907862,-2.26243781377093666762,-0.12344395497841270659,0.44270910915694133836
-0.67750894752261925369,-1.08050342148261147024,0.61833279391024098537,1.00623402378872661700,-1.41403582625289647723,-2.47265293755896209404,0.05483004752302347851,1.17528137350924533067
-0.93143183934079287756,0.35982723710181291343,0.32302695613675858066,1.19140794094033197759,-1.61424975264703585154,-1.43669416166478325358,0.13905315110096250208,1.71980366735155398850
-1.02132945229750271565,0.84552771652537328517,0.50621134111009813417,1.23863924232759159416,-1.27141982404740283563,0.47477521805035760583,0.13006162671123400187,1.65819731290796945622
-1.01119008527975640099,0.39385771732340307816,1.01547291206723588886,1.14414634133670789495,-0.72113114903256392285,2.20152754999555844151,0.07160545022591779940,1.03072390708047589847
-0.94210873836095831990,-0.37921385874150748130,1.52528124326326031124,1.01335575964690827178,-0.48521495874483555610,2.72672471988330755721,-0.00452504946998488929,0.24955979488968291213
-0.73665596369609465111,-0.96286652813738571322,1.81677698684137989282,0.91384331410288033304,-0.80824216819026328817,1.81101581297119884617,-0.04973748456235218413,-0.19221986553700670664
-0.36864742437097647310,-1.28772474994067231968,1.82329434860549088881,0.81806084107540300021,-1.41790625114281554353,0.26919059602720507574,0.01341185119230315324,-0.17474972999606994128
-0.00975338809346136364,-1.40445011112169315659,1.53981917485612385121,0.70212668037935932475,-1.85667080496339886864,-0.73981162440712744388,0.21452640613847626105,0.03098882893795555649
0.16939611948077867853,-1.35203925536802449514,1.05264810194488478423,0.56992249246899806536,-1.92310370386360229844,-0.63706513602204706270,0.50226697092461214389,0.09720596199816766703
0.11878818564317855655,-1.20542060754825519631,0.66632329480945529099,0.48588983976605171211,-1.75309664370064210992,0.11913086368720540720,0.73928763918175799397,-0.07556651603909622650
-0.17106915591479776584,-0.98453205028892742945,0.63545981535131290663,0.55166870136205414799,-1.61749952509946259838,0.49699155586960452879,0.76782054575996350199,-0.31343959897148099270
-0.54456148761911149503,-0.75673775526474718056,0.86882226869270473557,0.74495255000087834407,-1.66714425820645906207,0.07236921002339136155,0.57523666066905954075,-0.35503301702965700537
-0.65101278315468125157,-0.67657787962219317901,1.07128419793202178667,0.90201374751688190301,-1.84771159125102091281,-0.57612628110981778384,0.31227083294194024621,-0.11524622420200049400
-0.23493502689810197293,-0.83795272461578240719,0.98717850012794172709,0.86202126286300051472,-2.02088886761532693370,-0.64749106723243166073,0.16051742829779500066,0.26128596189903252611
0.58227216959928995710,-1.24301433313833320504,0.60338333000937349748,0.61210130457284028793,-2.04608750730283084351,-0.00346657650165229205,0.20873796596933999470,0.60526342886976802760
1.23470160703195652729,-1.68819276184234690064,0.15380641596277336292,0.33965503591611478917,-1.78616986805077182510,0.82641675601774700066,0.39009129159038702372,0.77613852656784387829
1.18220368182039159421,-1.81370375986341247909,-0.07729894510301560384,0.26440895456261487295,-1.28277076125993660938,1.30923889944652604989,0.58121937079212326882,0.71991896554848977541
0.44542427483549723588,-1.47974671571057236896,0.05886628822720377241,0.43343121188584782244,-0.76852589419605465970,1.26162601503935456471,0.70428286007402340907,0.59766304062436592659
-0.52694714358853966818,-0.88195024266981425498,0.46646276352052401526,0.72149012746008911456,-0.37214215440232389920,0.88565755325384298846,0.71560579480814690001,0.60178638469294454261
-1.18256391998035281787,-0.36387088888243740437,0.86730385738015325359,0.94668389584228995748,-0.12731966030712349447,0.62601054819268431295,0.64029660675732202879,0.80501459433941002786
-1.18558693246397472976,-0.16659741514024925535,0.92438100925756283566,0.99927507582512564710,-0.08285298298439915110,0.75794511993773006076,0.55473650760523574021,1.09632404841583563915
-0.69557843330529378623,-0.25930212304029159887,0.56381334158909568455,0.92570160261337619545,-0.19621047177909559101,1.21635467962837284794,0.49085182717625042148,1.16419433545275929909
-0.13853259477406051903,-0.51561649120506392041,0.17173333103117285892,0.86236415530760557324,-0.37595251848677313511,1.63806612914905103118,0.43292718319991779774,0.80124135866485235447
0.20083783314106448681,-0.90823095170432688317,0.10713134227422707601,0.87759833305166656814,-0.52496771310589274151,1.57537523709179949627,0.35302323113875516691,0.12691597987794400737
0.22505889472815837626,-1.23955291726729455171,0.31259647462768103132,0.97828346693363077424,-0.52940048448053511621,0.96700414095091880018,0.21777363673053537485,-0.40545551965350540291
-0.11093885816903664709,-1.06635336064177832505,0.43796352749996814158,1.19919451720698333475,-0.39049865978936382227,0.11226625955750897667,0.01593676656459486890,-0.33219546806168420705
-0.67371072170495016618,-0.29264944352666816263,0.21814704824829286856,1.48435354086308435306,-0.24758016850289771282,-0.61980790112154482419,-0.18355815998145383339,0.34181069724040635815
-1.07212082842929423698,0.50651301813135096719,-0.13511902775827899781,1.62420725625791262381,-0.24050444042639995690,-0.87233004332624597410,-0.23301545059690897954,1.16950782864637958802
-1.01035055787125149784,0.49739998617466057995,-0.21361920479833224062,1.43327311565320258957,-0.38065870592071116008,-0.59787266525152482632,-0.02667729746969927859,1.47231627412438759173
-0.54365283603023151215,-0.60685142066109531989,0.02874210210784281308,0.93058499467976307784,-0.55617395384162238159,-0.11955297941581165266,0.36667639639373844629,0.84936384377751805719
0.00946065925634048503,-2.11685840409041814425,0.25724416254647136659,0.37552782982386850863,-0.69893928194398158293,0.16883192834302587770,0.73668112015450193386,-0.29595868286301801886
0.36884108616118377322,-3.06438943161382804092,0.13302352261990044169,0.05011064172680121387,-0.85527934159212870568,0.00950538846705267955,0.90497664756956575083,-1.18964100461889432658
0.49545468812585502505,-3.03148345406614128095,-0.28977957319740310638,0.04018280639797122689,-1.04578495865311560387,-0.45041104047801544530,0.82368424479593194132,-1.33953771114600006520
0.40848570270454370723,-2.28270510950981675435,-0.62984722884167410051,0.24903952223683917255,-1.12805078721092821858,-0.71274211551208099813,0.57911929702254871799,-0.84127445120656907385
0.15101238993792184817,-1.56527315922053955610,-0.58309549674439931088,0.46683753712918790724,-0.93759303128586224396,-0.50675045492355763610,0.33217541463773103683,-0.23529645007141714030
-0.14417716692232451781,-1.51205171227296220060,-0.15011630090503572110,0.51910604091659351411,-0.54054996157170753790,-0.10037169591994449247,0.19710120335648395606,0.09261199809246316306
-0.47464256173094354629,-2.07390170186777877959,0.32040950116460914510,0.41199478636101211082,-0.13788780347806561810,0.05643862521085946105,0.18890837324108128437,0.08728055607942833416
-0.96083495174633715141,-2.62605730090938438437,0.41147693015142666750,0.29651529652158514772,0.13905358688779387299,-0.18427525952713338930,0.21825118920946148804,-0.09037104047402735874
-1.61680158565346121513,-2.61046065685322847827,0.09600451526096803745,0.33642572265761649941,0.27716379200422297524,-0.60594994412136504724,0.16023857719100828567,-0.16301476452076132939
-2.29904346041756868502,-2.08444624195273586764,-0.25988208866004919306,0.54559003194507882384,0.42885875112575494450,-0.88785922224158619898,0.03437951421946540409,0.02060606803474798743
-2.75515701396469614437,-1.53357470285782371278,-0.26877240905691707207,0.77251555994671372574,0.73860148050411933429,-0.89182803980521418996,0.00644185319486856572,0.46150480441913210861
-2.84680040304497694592,-1.27703830950903518549,0.15523076953254297261,0.88951452632297511869,1.14974952120921236620,-0.61383535742839601124,0.18181271125678130640,0.95674941008393721287
-2.71709330273601112893,-1.17793200305571055253,0.66682776632661955318,0.90845582533477320375,1.48720557811346898447,-0.05105316622208638799,0.48583908963225319599,1.18425132282463652089
-2.50579394146797440612,-0.91392781356730534714,0.85026909524667249052,0.92867026795166751629,1.52917278420388424998,0.56012127534880007396,0.68602811904164917589,1.25172473026606256852
-2.16320009739990837261,-0.55131035455305532622,0.72486823422535129335,1.00293912182399425070,1.19881154872017692270,0.86263368175943455629,0.56878457404120918994,1.47772088525744371701
-1.66801999731160943696,-0.51335139047431932457,0.57584424891070484787,1.04405914353570339337,0.69500895831102671441,0.79435735785214589555,0.21950849445288478368,1.73515303307918644649
-1.15961872388650788501,-0.94519716790550933894,0.50153296033001615317,0.94071542679720854263,0.28724371280447574817,0.51090218087645278278,-0.02290360028602511644,1.75356535199038909845
-0.86552764781986935017,-1.58067975149882711250,0.38873232773533145101,0.72695812367771739382,0.18643037274382795454,0.22943059013037012117,0.04285537204433424729,1.43336839680574690270
-0.89611536485710330258,-2.01961543830091194707,0.16338146594564914582,0.55691856240076353934,0.40185338067021025843,0.12402536691349119735,0.31134845666619476168,0.83030794626964965488
-1.07043922753656639557,-1.94782511973794947302,-0.04601433996076661342,0.55591226883295385974,0.64983807652542446842,0.20825901373200250699,0.52778711726004379212,0.28252554852446370992
-0.94418732289802742574,-1.54806058967970838758,0.00245403262314397444,0.65557198938016059131,0.59591862306153142725,0.44798639413931151676,0.53699435372423942603,0.10312092205182341043
-0.16724922624912047509,-1.44936829965447677715,0.39692346126266542239,0.61452009874035540271,0.13537178544687450410,0.82495112038490325812,0.44143872959839658421,0.28365231296790655025
0.91186122761493881850,-1.96177769333425477960,0.88430795110492654842,0.32812240519528046434,-0.42457205825341781669,1.20742932124848123543,0.45254141235314704339,0.59492651349518133053
1.39527619212685061179,-2.72581239282999554518,1.06028598720377598141,0.00212535648184167952,-0.58494916048479184134,1.25082917018273209742,0.61864875666145324740,0.76329786849356662248
0.79175916244316790760,-3.08790682238148095351,0.73168961811448074428,-0.07471170911134003556,-0.18106359296224780464,0.72322606376791576110,0.80595697014017919635,0.74928177698077691460
-0.49599664270202975525,-2.69468544455489888989,0.04584669938043155896,0.19413946477229104826,0.50165358629540424129,-0.10182214236178689648,0.84723078679016683434,0.74811432523539889150
-1.46044844571088550111,-1.77194987381275370630,-0.52863766488136398891,0.70206078296663221305,0.99262467534779275091,-0.69990877782523874817,0.63536120233658610612,0.94767226306949092773
-1.25032236023409137893,-0.83584522161507224247,-0.50624435004833712171,1.26866131817236560408,1.02490911767881209826,-0.66675841073088559785,0.23449830050925524194,1.37571348824287587043
0.09630054187435935220,-0.23086390975028814321,0.11023399858594386258,1.76479701562233581846,0.77912738277992887870,-0.00579157538500511306,-0.09079732300257252475,1.84207402214944426788
1.66364944137160142290,0.08204566314703826135,0.80193351019268510615,2.16171742545777245681,0.67045532537767693615,0.76683162267556259639,-0.06835442267059835264,2.04519408438711502995
2.38446884705629758017,0.31076023760787113703,1.00616102787384620321,2.43694322879983227281,0.94146257298844626682,1.16510241110529100261,0.37496452417195075268,1.71517747380420315650
1.84409480776357681542,0.51358019665155618672,0.57153824188708679532,2.53226582107490472140,1.42528035108271078357,1.06700943030430206449,0.97320618874357078809,0.86110259174249981218
0.59448787238707512248,0.45745100012895562047,-0.12216775109574158631,2.34706251954287425932,1.66569727602986650261,0.67375459357930045368,1.31378544744369363251,-0.13322162466010958881
-0.28931180932176497889,-0.29873686345492045380,-0.44281812632000727703,1.74660500279261321488,1.29287764217475431572,0.40057960110899465400,1.27405794630585433858,-0.88687506526718440369
-0.21133005335286458859,-1.78620780520210087339,-0.06071476349728126276,0.82582372656492242236,0.32790779365436156789,0.37731798934948673763,0.98025137876528600778,-1.27525960860257714380
0.38950334332350389221,-3.25660895616031353939,0.68336191615663866017,-0.01807211502629088931,-0.78468734999011779951,0.45065412754402661699,0.61939269314347455975,-1.43357741115938908116
0.55614622121727175230,-3.76266420854030148035,1.09517498187470563309,-0.39316228376515099940,-1.45509434393282033326,0.58609230136778456277,0.37607339258272926008,-1.65157202137216918558
-0.29352070593814388877,-2.89822695920313311291,0.76307511167021091492,-0.13542844524770170089,-1.34943556021453114901,0.69098619118170923059,0.22621078081449275121,-2.01261905996466117230
-1.75541971185075484918,-1.22115589630408449828,-0.13659392407726861363,0.51041105662017216549,-0.69287915638086994274,0.56400421159111058245,0.10015970694117930229,-2.26578415194995308468
-2.65021125419121217348,0.08287469898138849489,-0.99117651820542551633,0.99488022510823914679,-0.15515187393266147153,0.10501948933450468149,0.09416489584417446490,-2.05321234855166911970
-2.13193080999214190641,0.27927458075588829089,-1.27968923476538565254,0.97423213667394548132,-0.25273225002894544877,-0.55161597524197281128,0.24559256577869090221,-1.21798086829437934853
-0.44857632400312041909,-0.43630700831804070106,-0.98562108812880711017,0.54533419667146609822,-0.91349739417583042389,-0.96931226510027723720,0.45993305346912116693,-0.11163807145256501863
1.33148916063504474394,-1.41619065544931399536,-0.44190585482405764228,0.09685544543340098012,-1.58834862152304068239,-0.98091475260014537874,0.57466246142026200516,0.61591793396885086143
2.12255612009722538502,-2.14347237800407963704,-0.03848926792920481788,-0.01440372458815356894,-1.68393995581552191609,-0.92506002844281065567,0.47813528226675483523,0.53056304185860392320
1.62856101531578589814,-2.45368861914599944996,-0.03987875444420842935,0.22605685485856027994,-1.04889127968416073777,-0.90814549363983909647,0.29273562742259051639,-0.33450370558368602847
0.51467000985437039162,-2.41809652632097149549,-0.37247857075932760962,0.56758827441695436367,-0.11176621654597801436,-0.71301841386072561946,0.22947411686336927072,-1.35373034349155174638
-0.29457249609994129447,-2.18532156900979268599,-0.74269982627066832848,0.76155361835837831475,0.54709948547092102089,-0.30799654281636645869,0.38372465580671993868,-1.70004752762375965780
-0.34011872282753780050,-1.93966315224326857347,-0.95709766077892965974,0.71449801098446108494,0.63999039336811824885,-0.03746572187795130932,0.72186523542962410804,-1.06975734270290234740
0.16848120362660165550,-1.79122483298313017741,-1.03147725065403350619,0.52591740091467809037,0.25434575302435513677,-0.28344512998045917618,1.10104560414537600010,0.05395180959476109789
0.59145995010537311121,-1.63596849516543341174,-1.17304885879146025829,0.38552323552628398051,-0.23460427980801279446,-0.82527417988242512958,1.33983036121380338912,0.76942758621434270694
0.54640165357160319637,-1.29564485720591648921,-1.45892835782250829268,0.44531435460178120378,-0.48508647611981525749,-1.15969768272666318154,1.28356586547350604022,0.68905465205428872988
0.22731759884845775810,-0.79701437452434231723,-1.56812398272791253540,0.71671627256081471558,-0.44725231663926934278,-1.15270457342693033453,0.94209200131198866934,0.23643390026521621250
-0.00932280983860805761,-0.32633165110637074591,-1.16609425660592513907,1.03173855385829882358,-0.24662687139823735727,-0.87362192284730189051,0.59666067665185229529,-0.00282285206282405481
0.07796737983179650999,0.00772241618343958054,-0.33928774260049981981,1.18258355285791005862,-0.08484035055648460333,-0.35185905937998734894,0.54116379416822701920,0.23953925301826189953
0.47113212838193851972,0.18061970624396378460,0.45606691740640370458,1.10271224649824772790,-0.10042502006360072564,0.45610750501740132679,0.77390628779629155876,0.65184790810558757013
0.86172402077846566026,0.15762252082672192910,0.74066737761349910052,0.90672880254019005974,-0.18738607921456021388,1.32425877415473425280,1.04531153339466253982,0.72291838077437842180
1.02389701984680403513,-0.13310424884195903861,0.44882873059730848952,0.76989717092512000018,-0.16138713124769990537,1.56584752700936924441,1.09475941840913870706,0.39546253167536504769
0.97759120358953499608,-0.65926040870909596858,0.00186745110572168597,0.78652493697577796627,0.00811086898693646682,0.79891838562108852262,0.86020741425753477483,-0.05797146703786614647
0.86337657067838069480,-1.05496446621456851922,-0.15697636792186245303,0.94704958055473620337,0.19613140970443224131,-0.52888540789292270983,0.49920146614988625267,-0.19434890493775991427
0.91716123264569804352,-0.99053286017374031491,0.12904132804309501048,1.16148202828499758077,0.21442135488582184100,-1.57942190675502414088,0.18834223084299281381,0.27268199937125114918
1.26185232585873530198,-0.62980118012203623046,0.77128845969955062145,1.30405896784983732495,-0.00449780736973903576,-1.76692920389267849046,0.01550100499750284994,1.00963558911448836319
1.64926295405265599392,-0.31373969671879148313,1.46397328173845231447,1.31380221870918023619,-0.27178280415671773884,-1.16204166418782151027,0.02284310815496760558,1.39299658331581244219
1.74500360228417283892,-0.29273896594497417212,1.88534862241010992001,1.21837664472136752991,-0.35078645579765038720,-0.33956275840822697232,0.18794467451237792388,0.97242264658101507102
1.53377181733074374748,-0.60834450542033580156,1.93006272784085908256,1.08787885037457332515,-0.19429343560141867919,0.23664576651107063765,0.40812811252376740567,-0.13338499139511475478
1.21445476580558398005,-0.94210775719605477363,1.68111368398123461887,1.03212669817269642181,0.10609798323639059447,0.41529404115604340308,0.53014738962202057060,-1.13287084358043910193
0.95902508163412614195,-0.98247330446685876559,1.27312010394685137804,1.13335462017101695764,0.39960919592484961393,0.17805666486823640282,0.44605618163053839531,-1.32619026288310681849
0.80162952931991537930,-0.68162508490822082408,0.73618811001114770054,1.35956704885512591474,0.58851367126654929862,-0.29092459281920801661,0.21460351389651596832,-0.66912241399109229079
0.67146474950718293417,-0.12384937939229304082,0.09309454594553130680,1.62503858936540579450,0.67054772167708676101,-0.70553887293639949707,-0.01697843608724537018,0.38313246951260582218
0.57208292437313967849,0.48479055481268934491,-0.43764679020306440638,1.85108687441729191647,0.63354216654715289625,-0.90541491628624182209,-0.15172213081492019748,1.20968870326124178227
0.55554615409944774207,0.85790727788642762164,-0.56381752165208443017,1.95928986279076911003,0.53214294716977195154,-0.77838630629110716619,-0.15843735201347017294,1.31210605625242227035
0.55694286456627928317,0.89887381287986867218,-0.19081886396337324752,1.93828536750485791451,0.47629780038560076694,-0.39887978455397338218,-0.06291943332929242350,0.63298816363167431653
0.44962525266296760051,0.82106209684279540806,0.48420134477727722055,1.87459995610651319886,0.49876344393223803753,-0.04458954014892500817,0.05347131885966762560,-0.32123721335057947579
0.28649843580529177345,0.73889909335088321818,1.20750107846535725820,1.82950745022755700830,0.57834758061395041828,0.22253108989135994555,0.08573741321093701628,-1.00966026862716740098
0.31112131062498854517,0.52816349098771353532,1.83302917351540450852,1.78737459879225313308,0.58796312075957446464,0.42638550563794402892,0.01176912445716605214,-1.24361380066767623909
0.63660989822869806787,0.14087503994769010052,2.22596881190946938034,1.72012097787005435734,0.42641502810666481738,0.47323093943385186044,-0.07345347162694484955,-1.07617844259721784361
1.09723104848661345834,-0.33344698828423591230,2.26721222783940579149,1.62104684500232232303,0.23385458122607682974,0.42087725955245902654,-0.07848632418046679049,-0.78788845889533898337
1.40726904940921992981,-0.61737449291939949791,1.90714551478046145938,1.53644331750959972638,0.20473477240176066183,0.40134686555863569035,0.01194432997180561694,-0.65284700483120472470
1.45882705666930667654,-0.51020965347116764566,1.31713019458866575917,1.52145969226080080006,0.42137774371139596896,0.48207037710367089955,0.12772811191586980195,-0.66088714613959731459
1.41757922934967006690,-0.19647705431405659837,0.86042268255803977528,1.58455653884424552125,0.81184634397127020122,0.58758952946909215331,0.15011848869146687813,-0.56226503219406120948
1.43711258173809075522,0.10991906653725033727,0.67933470813339924543,1.70772879838766633576,1.13490432393309914616,0.50051577909917466247,0.05238657507934176699,-0.13548284033391466696
1.51993500237877143810,0.30472247402721330811,0.65476034069932587123,1.82341566955844602838,1.20009360436609902045,0.23564564621951678003,-0.04198580792798180944,0.46743156314912071014
1.56962895585394290876,0.37686743346938139654,0.61157984858173441989,1.87247015738538924445,1.01786558540900129444,0.00713757221861169473,-0.00165301220798852520,0.89316291610737552631
1.48494619311146180962,0.45785414543529540099,0.41775076155415769019,1.88019052990356949628,0.77403596965616738856,0.00883803605401273923,0.14681322816345160343,0.94939853417342789932
1.36276106693728071839,0.57372834769139358091,0.14440646292764247605,1.89165489794096552956,0.69746071749418170338,0.25364046574828874592,0.23922502231377962278,0.68199661816485102062
1.48420840997882974577,0.67967175464545404040,-0.02535582322703841193,1.91166082170048667876,0.76263540911119342969,0.44873806562138679466,0.16200540864057808021,0.38303706181064578473
2.05626198899009482446,0.76076112698466735740,0.06145442351631848904,1.90442505885494051121,0.68519846625299829501,0.42929623681163908699,-0.03918305295836790186,0.31210754838465748495
2.90420077914305840849,0.79762074457342868605,0.45352275269513836475,1.86699674728392794876,0.30209116551068049272,0.25996342434490588014,-0.22820130939654348357,0.45239970092954190362
3.46030054879812265511,0.88933329179473485926,0.94604627311765343567,1.86285630198365792509,-0.23024647387482655159,0.06315981642560267173,-0.29331728784841282209,0.59353852874220314195
3.28401156120703596741,1.09356230086736716522,1.23179383036543410590,1.92895940209913341334,-0.57952977937404170916,0.07735475718452398952,-0.22760246523786353823,0.46515004845287094559
2.49212832491344382646,1.24424467885936773648,1.12083630701886027836,2.02327737254934048039,-0.53067957050922176521,0.24947608464403350781,-0.13485134473944532241,0.06105751344538810216
1.62535128738470513454,1.11647844548215191551,0.67530926589867124044,2.05920005345812695552,-0.16941415846373467091,0.16842210670827845176,-0.13592478259988732825,-0.31983822509934173306
1.21273833029491240332,0.61712719558343887005,0.25194378948792878203,1.97893880627494023194,0.21580033910444998413,-0.32643572390262742822,-0.27296313328240062734,-0.51515479967919886040
1.44129662312797246493,-0.06813284094479721276,0.11543464496545952080,1.79344044625226417544,0.33765856555674417239,-0.96036951527612013368,-0.49124170527979305056,-0.54597392371099440211
2.04224661439222643367,-0.52767641414098553909,0.15956381890470891505,1.55469348649247907090,0.11043694516359331415,-1.17495048176772876047,-0.64313889303391513774,-0.52455783502261399409
2.45568160403415358672,-0.43121951736868302518,0.08495475550577107071,1.34584816927282346910,-0.27993762931247301307,-0.53514828521577384457,-0.58977740823232482903,-0.63111254001578254158
2.32899887899636759414,0.21199823878735599147,-0.29237079238611174414,1.26132470414436959061,-0.62706192523950876616,0.53588536996106683752,-0.36878961854942654552,-0.75913069169498526012
1.73173700943766672999,1.02713040389848608847,-0.88459626231245824801,1.30773998969683535876,-0.85524382662949760547,1.09901244336454162465,-0.11282240917984603934,-0.73672270270550377358
0.93250490659438400876,1.52552873842759750822,-1.49663704711712242101,1.37100666224382972125,-0.90997552413041637998,0.83716788913596740240,0.10497964319741197314,-0.77569669656602890928
0.26059566745996048942,1.45819564320318573181,-1.91412962315319834516,1.35082866410052715445,-0.78679918722365638217,0.10882127649464995445,0.23488082752280814436,-1.05889578326710109835
-0.09151200847544509187,0.96423635505575744364,-1.98393031677785947053,1.24141258581290281349,-0.53100600831723288042,-0.44282556715290244398,0.27193293720178968176,-1.50341009481485610166
-0.17472587513647483415,0.38999491146713199941,-1.78012978344077787973,1.09059309433602003025,-0.17419517660246000568,-0.25256270384797119277,0.27234758991114682569,-1.96241613382073487593
-0.07265665064742625467,0.03319187421243385838,-1.44851839163494089391,0.98032679982080384029,0.17848516950058704311,0.60883387119768095364,0.23072653522817831995,-2.22268520485661369435
0.17176882584196137560,-0.02081973420738962577,-1.13313056299858616605,0.96450887345834568354,0.37302232086906078612,1.50589911781157637094,0.07940902708936951881,-2.11896397886129594923
0.53173999010567174484,-0.08143118003899613155,-0.96213180763393479911,0.99095859685701614961,0.34362394368631171693,1.61899918964527622656,-0.17599807558782706862,-1.77012481703450386128
0.94952088008411950071,-0.48594396568558012595,-0.97410958223760713004,0.97861775073729340146,0.12932405919245298920,0.58585113905634778053,-0.44595623766813696776,-1.49868121054456593377
1.20080575177250437058,-0.90393761431888808300,-1.26807054782413497485,0.96225589977123837659,-0.17194079901647266184,-0.91832024751604657276,-0.67016046694023756469,-1.46598399073891627609
1.04810612297655647573,-0.71341530067928426995,-1.82197183242842997153,1.05611901083211257024,-0.41512514566557195961,-1.84983069638816211011,-0.83643579187552707932,-1.56152147745292513292
0.61177682652852960477,0.17978314890508872992,-2.29042468106260166394,1.26948575536201846425,-0.51345140810314038315,-1.72217622012162130396,-0.94019375255144010950,-1.45754030755807573172
0.37802942881516904405,1.26109106296552075932,-2.28421478067173611137,1.45352689705343984805,-0.58225562398848351719,-0.84085229511662717972,-0.96016876118012373098,-0.80955569643685532100
0.67359877439629889384,1.79873237235200611472,-1.66762881376953076007,1.44944419117743428238,-0.75723375632992429018,0.04789555921376607850,-0.86383213974238859389,0.17693995769574547006
1.29212506119963332907,1.46742338916727388387,-0.78478682552778056269,1.25178607213777803864,-0.95627591298345704374,0.49619716044408468392,-0.72036899497606776688,0.86517064006167399004
1.74254548361229932851,0.53986648443373774775,-0.22128615505717610934,0.99984046701392648160,-0.96600636860701261099,0.49651180229861624493,-0.65955114845178386407,0.85022591799019486825
1.65019035562579130527,-0.40913423526014008891,-0.27511095350215342137,0.85074657967544176085,-0.66192949090333097484,0.22929797015312719521,-0.69762211767554271891,0.20300454667258696628
1.03956810606918725881,-0.71944281331934156754,-0.88473505853232037310,0.88725776520406562931,-0.19799069314386372187,-0.05643841587470961596,-0.76407087344136559448,-0.45149459710512296340
0.28422160269495327922,-0.15297946126657369081,-1.71948953618016076028,1.06850102701659288584,0.14873105065364788935,-0.26842526948864559033,-0.77266628981737250914,-0.50381078508491128343
-0.25353717130988778772,0.79789662573858499695,-2.35416257544116325207,1.25890628463695675165,0.30264066132488642857,-0.44764553742225243749,-0.70705403961296819926,-0.06773358150498276498
-0.32211687217954765305,1.39272813525792171774,-2.51899477382425152072,1.32330948211080712262,0.29460988936777332547,-0.65087679995639802222,-0.67289004934228013877,0.38622028187914259068
0.09354148122898421625,1.27892296189196663647,-2.21936435338232307402,1.21529062357510198034,0.15942643349957177912,-0.80721310553663294662,-0.74353244464973788919,0.51895253698378163154
0.60845593745092074744,0.74118584073978766025,-1.78953698374226344292,1.01514371097077615858,0.02570084683078015589,-0.65572413400605855660,-0.88956695938165397664,0.28194256032863435069
0.84834227954774854563,0.32298098118923646016,-1.63290506394599987949,0.83157242565329247963,-0.03010786185907947388,-0.12674721897990554043,-1.02266221827636849540,0.00757982581002822082
0.75557282403459957720,0.27361570884408492610,-1.85644418136022837373,0.70491791424236849295,-0.01219573003587220462,0.60320525132988378481,-1.02871098233138869027,0.02411693686088238475
0.46285245929773888296,0.45508304620350764624,-2.17379204380001844754,0.64475069054851530392,0.11381111025225199018,1.23422749446219293112,-0.88481071721089288307,0.31319574354688800577
0.26515220710767728463,0.59193714343923442556,-2.19127283324776955808,0.63913938607681519688,0.29448714926240082690,1.47076082585339129594,-0.68421095480721583204,0.65290081335369709592
0.33781099358194804916,0.54859413621315855636,-1.91162060274354472789,0.64844398991006346744,0.45077576446101497165,1.40817436225191605637,-0.53335475069191673470,0.77012167293172240079
0.44981345230508124056,0.41454208568592515460,-1.63975187957077217504,0.65997489924303232023,0.60012066052357948553,1.31610594912683498414,-0.49248362438002080133,0.46114296457141096264
0.32398347493389351159,0.37590872049228335472,-1.55577777129568550762,0.67678454419363787142,0.66998171518695703863,1.31911615270573401304,-0.53337265333585159865,-0.22409493664277468916
-0.00843202236499654249,0.48473759193622079078,-1.64602317489432325992,0.66701034279219206802,0.53699416372984931645,1.38734682783908613857,-0.53917136512304497664,-0.95666449653209206794
-0.25937515573626263032,0.60018410331897209531,-1.72458525070973989202,0.59477291838857115902,0.16009932638316290432,1.26413527008222370540,-0.41748695121536488761,-1.32771597439452926359
-0.12433305366844690787,0.55334753217698207095,-1.59349587154903882258,0.48612491660047923991,-0.39878043438006077759,0.78060856246460774699,-0.23602048820654553118,-1.11190752249829660769
0.39576648234595668274,0.23892481440394891523,-1.23035393008340077081,0.41587119838430292029,-0.85401790865841242795,0.09601057407598531657,-0.18039031299129917874,-0.41149425333490313728
0.88491091570305235869,-0.24279008318312836345,-0.78973408130497479984,0.44060102513371146582,-0.88528451366995053462,-0.40060405309944818741,-0.33389062861851365183,0.30622244155713174152
0.79167576109605952706,-0.52552025156320514299,-0.55097578729618279514,0.58915833726391242386,-0.48185997341649600134,-0.47293295107109067921,-0.58645400157664773211,0.48202935866102875062
0.02573173829579987471,-0.36072802845693174856,-0.70021726301438713680,0.80926294501353535082,0.03918713193574790282,-0.40219184462394869106,-0.71900690697300018162,0.00113052972671231588
-0.85180460112499978287,0.04517294416563318038,-1.17405551655978612757,0.91714676443828457852,0.31991111396845034465,-0.38062185431563444471,-0.53815219787209067626,-0.80777187347841350462
-1.25472488483063138176,0.27899895432546545360,-1.72711527683563592639,0.79237988022366867558,0.34496900663641405504,-0.14243966312595465751,-0.09669326106382873653,-1.49387170045202566371
-0.99198911457658234259,0.14576821645342744049,-2.05883327760115442118,0.50930280670546623778,0.33695966963257112381,0.45450859665117743225,0.30945127665111804571,-1.61974176222832455529
-0.23959745801950541044,-0.29040237248850697682,-1.95851494240739243402,0.22650149288336623998,0.39370635236824708114,1.09765899220837837014,0.43588943288018516808,-1.07595281129978226353
0.46613034628817784366,-0.80642199365476208150,-1.38397425467715251557,0.12493784034268612393,0.50646519116840837960,1.08345298636120479507,0.22017416576647630411,-0.14784396214770409439
0.63036359375160133656,-1.16114379904216891148,-0.57077992527807930312,0.26992255777850482357,0.60747342631782752509,-0.06571335974411314507,-0.18260936548263204116,0.76533227833035466503
0.21035750704572306335,-1.23388602192825369563,-0.03278190384304451727,0.51834824461495043746,0.59572189499357319775,-1.92649350894596604888,-0.44741982216161946262,1.27403474684325801469
-0.51646680784030385425,-0.90721298501499392231,-0.20014819478741271985,0.69726311040591126833,0.48634430663883670976,-3.38153936769916585448,-0.37067204943278614371,1.21207581979810452566
-1.07892329369172612630,-0.25290742609528255036,-1.02950425604052075990,0.67764806306632163757,0.36705352264338914070,-3.37557611640225196936,0.01584652282919230687,0.73920690309366732240
-1.09518943106246280372,0.32911987081078664108,-2.02432394255442238418,0.42653462727217072992,0.30690549399780303608,-1.80234310550890897140,0.51992329024607941701,0.20800383421917556515
-0.68944500300332156595,0.57417851754682380783,-2.65435929507212486911,0.10861804621846912755,0.35572530624230397356,0.36492669287880424855,0.84736786806723596310,0.00334221590774201648
-0.28689917199680653459,0.52409622204771366683,-2.66981649147811372913,-0.06183366972103498255,0.45862032188478790706,1.92542923368386187377,0.80793376808779771014,0.21993221328996870323
-0.19729192596006642213,0.42035008892949976556,-2.12958651939739551651,0.02851253360954889016,0.44929947484607773989,2.19494013459073222805,0.45673577209563465118,0.61145510113512790973
-0.35303763598354048758,0.43322386982510541209,-1.34995840221555285510,0.28839621804493148494,0.22274741447307760955,1.40318390831185690892,0.03598572803553119759,0.88840170217105018935
-0.31949737229835928343,0.39436092100628927781,-0.70411171951690421089,0.42511274418712696743,-0.12507517694330300140,0.62512921323993597689,-0.17848014101765558026,0.88807080820869011006
0.00792399580212413239,0.26878476087700775565,-0.47211659828021068641,0.29539237832570797160,-0.33183564437629198274,0.74991533628805462364,-0.07207074919201096608,0.62160770028269962673
0.16929810550552384929,0.22154789907288113815,-0.77398026103898198702,0.04382093274958063361,-0.16562999825439561619,1.38347357952369787171,0.25606495244171156855,0.28573318611200282380
-0.13503120254900205510,0.17956775468486707581,-1.39851251098555007246,-0.12289200193279255224,0.36369322370364753905,1.41497057289383820766,0.56251350717323700401,0.22884759248184335934
-0.71478922740935446623,0.01796664665868807562,-1.92216315650341140753,-0.09109665971694713704,0.95390241928106234148,0.42953947500205985621,0.62465176947307887723,0.68679529322618826370
-1.03645312347321394419,-0.36868655147177320508,-2.03032933171987650667,0.06694177059701642007,1.21398666096183638352,-1.04381553702261520300,0.39908561327755187609,1.52070997544940489377
-0.67590580833244928716,-0.93758727743066816451,-1.69243770444886454385,0.18432020890272918234,1.00301488858330523080,-1.97260474082906478444,-0.00281538227415367845,2.28920034035176778175
0.09886403649882584410,-1.29873245301119188966,-1.16596747488193441811,0.19432988278446552965,0.52101766161093154839,-1.63696231473955822189,-0.36440320364262174246,2.43966964755562765177
0.63015347147206712819,-1.24332709544438202443,-0.71612684240549950854,0.13913823372180728066,0.09153119042349143475,-0.52755747654144491410,-0.49726330955273212453,1.73802002220616658157
0.52940355004654160442,-0.95491200695858380332,-0.46055002426925406578,0.09325030025615645146,-0.03937151889336463345,0.35751730395183900502,-0.38726329358823669002,0.48539807654435168649
-0.11217490551198311399,-0.74574460528125363634,-0.38468960683133041067,0.08305619464847498190,0.17732159233339717108,0.61819910952457868270,-0.15428640331682180742,-0.80393689903471321490
-0.83029588841965407120,-0.78138057684575168427,-0.29729441588696864374,0.13296522349511910588,0.53997545066394836422,0.22860097208056812113,-0.01530624663720817763,-1.50719107068153856943
-1.19942294278433969623,-0.79169992465661187531,-0.09383648827912002832,0.29569238836652200764,0.71451167880239041530,-0.64433528203818091207,-0.11844890887002804125,-1.20106706917851968619
-1.10310933109605779912,-0.52882340616634171404,0.10879965105724699603,0.50168535113173728934,0.52735690169548954387,-1.52868623815357684848,-0.35839348184246128115,-0.22627845932763337999
-0.77053630440363740650,-0.16150371681035943783,0.16658710642372717703,0.61043329611176799787,0.18636373780162426850,-2.04595541558213422917,-0.49804125672725113594,0.61130655191026750384
-0.61845050855003935730,0.04845261336470480656,-0.03995418065079028858,0.55464119751985563322,0.06810460853317937269,-2.07453987752421831203,-0.34706712086654395444,0.71297282370937065110
-0.82130793464817963834,-0.14721198511680402832,-0.44116223203441740086,0.33986259173373678522,0.34586763739140174989,-1.65838872609849907747,0.08591978302559953595,-0.00538092383761307799
-1.22613294704170572302,-0.71661368002376490960,-0.78740279841041616038,0.07420134795389460303,0.88771250331448969817,-1.06619592557788500642,0.59184646899321391444,-1.01892760631072665234
-1.56125189427393351593,-1.13655149927363829931,-0.95363682986581777001,-0.09584717268297465731,1.32240148609774776922,-0.53813061661232319821,0.96367013609070184543,-1.62225441867039488208
-1.61524040087059406190,-1.06015644356951899141,-0.93275762656929284145,-0.11269327453849325993,1.34819884268282552675,-0.19743732703388677807,1.08218681740208610975,-1.61435817197179853899
-1.41313721431584760069,-0.68030185575228574457,-0.78474041603036803760,-0.01008566396604712416,1.03469968584301907910,-0.21713017112363608430,0.94546397213831423478,-1.27542792468794075056
-1.13946368261852781778,-0.39935758611121291439,-0.59567694265430204403,0.12735766196881556644,0.71136539477465599024,-0.53650922646265930549,0.64720206913529898518,-1.01156094133930118950
-0.93483515781636794539,-0.55623958601505263388,-0.36479986591792967765,0.22158086985018968229,0.69742987221609498150,-0.87243923681511137413,0.28248492113480327959,-1.12732470968753362150
-0.74771478951753245212,-1.07582394342406129084,-0.12231938140696385631,0.24982994885479281599,1.00117671275672459608,-1.02649998468803915763,-0.05382800909414966334,-1.42663410510790522601
-0.44958857899106274836,-1.50112695824181163751,0.04197035112825736602,0.23716268156961869962,1.33733240106645223655,-0.87211263729507959575,-0.28204421828500658709,-1.42023320093683436127
-0.14252649006714329660,-1.48760555517455084207,0.04083273592898012394,0.23723449601837096057,1.48249295531643254797,-0.63827437478916959623,-0.34774955617856634360,-0.93014286495029196988
-0.01101467729081459339,-0.98871883314187170022,-0.20105510084121816505,0.28163725196764161085,1.36985661051185858561,-0.72264951816211064894,-0.22899023425805486998,-0.10444154863616431084
-0.05078676055305177128,-0.35266807049312087763,-0.60502639129699786746,0.31268004490798401163,1.15343184752185012876,-0.88591442045088808488,-0.00550594739677268390,0.58928596473722827387
-0.08501479325360143668,-0.14886166725062488503,-0.92017883172802006353,0.23382395522832880030,1.09998185705736295503,-0.59404976629145811451,0.19190384050874195743,0.67911489695940496780
0.10158797421554721652,-0.57386816668781581718,-0.90257827002882051737,0.03715905305656618668,1.24019600456608003469,0.17925220189183757591,0.28138042169707311313,0.28244445405639523328
0.45932133110324951941,-1.22251111229330078345,-0.56307763770670182790,-0.15204204972448828737,1.43310003780634098725,0.99380709335175365648,0.22626009519185996677,-0.09641419974248782720
0.64756656267450651843,-1.36312336518444454647,-0.29207198516509857988,-0.15347726370351380543,1.49290393113055519514,1.39136897554485128303,0.04178436795319353386,-0.07905290283926603989
0.42372328917280710492,-0.63711027191219338217,-0.47831945744217174710,0.09217830011198237250,1.28515114255364104601,1.30057576814274966637,-0.20132979953803573081,0.30508476427687908350
-0.07251190110859313809,0.44213039214808880217,-1.01121125670312017597,0.43365033956134874105,0.88294125319511029826,0.93779711938329490817,-0.43836020685717991263,0.67761606942763519257
-0.42305743992758426675,1.01465745540284690840,-1.40750287423238606976,0.64365098081790494966,0.45383652557310411035,0.50581626974267834829,-0.60941284884667368260,0.67096710588144825582
-0.31157468129143506275,0.65952153601672758310,-1.33685378315426217632,0.59303678559602646114,0.18545160817271377773,0.17579954889256430017,-0.63797846799220203629,0.25240832855970529724
0.24473554764142668727,-0.34646311859251632814,-0.90993129616325529874,0.32165283945454248293,0.19183300414350901164,0.03206003092354266226,-0.50547656717145783567,-0.18217524396682338583
0.90134392431151066916,-1.26271315118543792089,-0.55315921033470594192,0.01233380832696490126,0.37495950333152233691,-0.00752014238165844406,-0.29076228268029102875,-0.25203212161248778056
1.26587448829071824719,-1.47642839698448158359,-0.57047173187537225658,-0.13200089967539765934,0.50613256826207531081,-0.17149402365083490918,-0.12996841181066237647,0.05929124824500801860
1.19322107282337963596,-0.94436995372429144435,-0.87142778531617282045,-0.01978746861225950601,0.42197212604125322599,-0.53941791626545265714,-0.16970574643995303687,0.39784803951360514507
0.78057571060658403894,-0.17948493264410991799,-1.15708461801959261450,0.26375868078260178429,0.20467906594699056266,-0.83907704441147135110,-0.46213056155723986063,0.20452140431104712248
0.37100946126975570261,0.16806382032825128992,-1.15163419528440669204,0.49398937161124290007,0.02634925159768912797,-0.86723069348140080503,-0.84962825465319313789,-0.57849431299520170935
0.26753918576872315338,-0.08918837509919401441,-0.74224012272718220551,0.49517251242925430788,-0.06501913751364485350,-0.67651138189053749983,-1.05921456922272683165,-1.41035091960919967136
0.41520374514048885572,-0.51305287074840566497,-0.07150119791498867061,0.28827936275677312761,-0.12343582606805567070,-0.37136767134174158977,-0.93391151920000492481,-1.71559157671162876291
0.61693218301189067798,-0.53399684826116700087,0.54812659672848451642,0.02365422297278839056,-0.25369401731657825749,-0.09429515075430819349,-0.51864789504705721690,-1.16164229007660546600
0.63775670603019618543,-0.03791679896934826988,0.84382330920096793037,-0.16120421174477037041,-0.42538954223594599435,0.06180351703289459903,-0.00589707258220737145,-0.11149434458645929302
0.33026087714479129831,0.59124278040238986698,0.75133126842917619115,-0.23197735956555939896,-0.52349710292894702235,0.10569754171025294576,0.39545956215626532071,0.53629631174006464622
-0.19042222074603584736,0.89908100369161514376,0.38152542195515670720,-0.23554536629937736225,-0.53193852428365451246,0.12723962686793777177,0.57873735576728013719,0.15093298041081931737
-0.70732294476753954093,0.68265084908965589783,-0.05651896266951245140,-0.21802474639956995195,-0.41841837371488621589,0.23492708742621598583,0.54368097207588994557,-1.19479067282333262234
-0.93111769987773829182,0.07144342036858307432,-0.35568010687664197711,-0.22203336700529566206,-0.20338792491351428970,0.31065831692478751425,0.40267198157568651062,-2.53716459262654270290
-0.70772912965206158376,-0.59075774835108485483,-0.49729679490097405958,-0.28711778030374934811,0.01964393069744352696,0.16289531436235246686,0.33320181745008214946,-2.82896342332379413520
-0.31977849386527512632,-0.97739669728898359580,-0.55618042236873777018,-0.37565678138756930515,0.25873151162891616650,-0.17169704329669510656,0.41211593798414064560,-2.03240936753740086829
-0.10174143171060061330,-0.86167832157804391535,-0.55565682859782783432,-0.35405184317483834322,0.48419970578634430325,-0.52367975891815499168,0.55703289005578771054,-0.86383425226209642478
0.01732216021735288533,-0.28420012037509689851,-0.50846263743701713977,-0.12115614674283933794,0.61631140242105020288,-0.63017309146363298389,0.64851931266088691519,-0.10772371568209705706
0.40821406246558744613,0.31923286167252035161,-0.39558928971632373317,0.29143944244548219968,0.71322223773698267824,-0.34170904021908043990,0.64951256192644224452,-0.13510151913638349108
1.32814709092761584763,0.53389387222839257419,-0.27408022953286692580,0.77292353675428748794,0.84540353756221453541,0.05419603834513979368,0.60363215968258887578,-0.63528027039063628134
2.57963091265976052213,0.39062014955929919013,-0.32265561882606885735,1.18113028002189834886,0.94892905730178389589,0.18000344970989237692,0.60133948848830987011,-1.01455193193265102991
3.62578251940548046406,0.23414188101619048954,-0.61599615090616777202,1.36844782014347821075,0.87557654336520962524,0.01352045437474999959,0.71728529051817646600,-0.91344581595236762350
4.03409610749466640556,0.29369867064259380651,-1.03438020860726820338,1.24846010520049643944,0.50072603291173112261,-0.25960977174108762489,0.90643562079708273060,-0.38305506580942894068
3.67210820708780438792,0.44352515200999970135,-1.36930426291492368662,0.83950134312478708054,-0.10856231869163353310,-0.46324735366220004540,1.05157060001894864243,0.10681621896730587873
2.69538566523688416510,0.40820767325836215811,-1.48992343335140731142,0.27478389535877767447,-0.69160054725862407654,-0.51005134292612563929,1.07713915657395808978,0.07246859623475236656
1.49750811573958797496,0.13874134110308730672,-1.44664637473633650444,-0.23119124217141284738,-1.03585989958769175701,-0.52042292231113562728,0.96256874078365173286,-0.46947972098483592429
0.44624761004097568406,-0.12482267285924601719,-1.37826941668976266087,-0.49433576908466814182,-1.11385099456299641041,-0.66966789847583729767,0.76508991265551473671,-1.12856645191244364668
-0.18502313140473666819,-0.26675858649872019601,-1.29288281027577367510,-0.51148588124780092201,-1.01684051462888946915,-0.93242276958600311954,0.58473443606678454643,-1.45513892062721872378
-0.20986073263821108936,-0.45179988973948997932,-1.02735055140891096137,-0.45274459455393373242,-0.87066394739436225869,-1.16978321902526527509,0.47060235373039982498,-1.22976100829633061551
0.16842225712184230590,-0.66371042803769764173,-0.53939827651121241558,-0.44928901866978954160,-0.78962722078950930982,-1.20303712912642213340,0.41100753168883458200,-0.79862671706270338401
0.47475929413796114087,-0.62575048321538828677,-0.03170733154918260743,-0.46700478743463197384,-0.82138208527773570733,-0.93674454247261174089,0.33914381876501792368,-0.70445458517315273639
0.45966799016907294861,-0.28789709633667220912,0.26857943157354874364,-0.40977597801780668574,-0.89614568337327393799,-0.57189662492110515668,0.20762620395552031094,-1.11594206971794607242
0.34923694877092270605,-0.04605967484306687509,0.28674589874690242786,-0.29566122744550987766,-0.87428884858818711745,-0.29582587144141075930,0.08222863913873361408,-1.70283766858997021032
0.62046561929945887037,-0.29249868843318344025,0.13503968358456880372,-0.23949179124515068695,-0.73504938283841925184,-0.08435561060499766062,0.05306786622158481820,-1.83363589137737625911
1.36069851545167885831,-0.81659194510686061719,0.00084191613266194345,-0.26942884513530862556,-0.67053970523769823586,-0.00942998010064555713,0.12319010885357051244,-1.17948894249731561779
2.15413717715257524432,-1.08997055871228298862,0.01944583805510096894,-0.32183761135000404918,-0.84412965769303349717,-0.13531376225179650441,0.22724433705869229172,-0.03193207469178287183
2.54968952272184745667,-0.94767367124428247838,0.19519463447793100608,-0.35932484113619989063,-1.15084498424573711262,-0.34877031075619863154,0.32511649328699782080,0.92582334153226042428
2.38906298956048024351,-0.65893549450306909687,0.29766686793996544047,-0.40465209714041477929,-1.31113574313679515093,-0.53483609261484776898,0.46138954712040697315,1.15969826871635817156
1.91028571206069708310,-0.65577726189006546598,0.00333319553393327623,-0.51604628601126101284,-1.08725599357714353133,-0.52710656973334724107,0.66650687548681541994,0.72910979337547654477
1.47017983771920945912,-1.07522691390656310872,-0.72919450359442850029,-0.67495687121918912510,-0.49335118106533226712,-0.27920070959298359803,0.84501880085802361098,0.13334242257703626811
1.25430222623012199712,-1.55549621560005957299,-1.48162198082953722178,-0.75404670825690600644,0.15820390064109493555,-0.12094583095879062051,0.85538779609907711343,0.00922869026839680771
1.20580246166991167378,-1.66469404113644547927,-1.70659255968244694124,-0.65588645115422983256,0.53919470637598232443,-0.36752955580547308490,0.66211519880500802060,0.50339074183319132416
1.00297402486665743204,-1.19723165790934782393,-1.36274911111158303356,-0.39373074879484720734,0.55915163277012458476,-1.01072079748197762861,0.40454710472982308156,0.98059323314700275187
0.45670853206598449603,-0.31467362783241281665,-0.93864981670184588491,-0.11067308647665326238,0.33879661870855642958,-1.71122744171044272044,0.33517289361760410626,0.86300332857265471542
-0.16901410824729543037,0.40910887604143719720,-0.81805553507731232354,0.00138196794809736820,0.05921988040343348358,-2.00709830692084656434,0.58655690093542345309,0.10877645914165336161
-0.48035020147491669373,0.54433602786496826376,-0.99309456826700504006,-0.10095651778200512294,-0.12732906957906692247,-1.64908842116966680713,1.01929041647044438257,-0.89366499820820943789
-0.32818516657186597163,0.19755459329177704753,-1.22377360867380358123,-0.28708394923645996766,-0.09486032545530571902,-0.55315077604048934479,1.35820109875695216317,-1.62437171575615613150
0.09797535266008952637,-0.24567460486874612147,-1.26850952837217811897,-0.37747871862661502851,0.17414598948734069661,0.84647652386141669645,1.38952125718338170834,-1.86277185453191140851
0.44933882128703106495,-0.44011480917469436580,-1.02981096790363357840,-0.26230600730074804527,0.51323347009946196362,1.49687992265547320514,1.10813758636235948352,-1.59522044958364106471
0.47431968880553920798,-0.25042414868360712843,-0.61267241519515713843,0.01455356635248597832,0.70985932794504835730,0.79842486187494909888,0.73351360127840548042,-0.95816886828811065335
0.13136740376858349610,0.21194187297342834131,-0.33655614887784762734,0.30455449579612520195,0.67915542235534465121,-0.86898837030303799356,0.50973871287374561412,-0.29647481054998042760
-0.24600339006899135663,0.50956715789475570677,-0.35996771931379423215,0.43027974024134457709,0.46526808277496012334,-2.52510494625459847029,0.54335760863160964540,0.04201567276865231237
-0.16723984914533432389,0.17073590213823197637,-0.51665770484135875584,0.26655180797787786373,0.15080093076812256525,-3.30731147367087974231,0.79006967591875809642,-0.10181926455157246092
0.34062851377466213387,-0.58381816940955466588,-0.70474936047378244908,-0.09918755691924228957,-0.13431466865102131836,-2.98673700109646222955,1.08987530673698795880,-0.49926334229987889834
0.79547885679640883971,-1.02555015834442619926,-0.89301254182826039774,-0.41084741278372804985,-0.23671800972562295762,-1.77720317343978151392,1.24959521103977433398,-0.69891289622562602357
0.88218293964741767432,-0.77890501432762948575,-1.07630805303480259205,-0.49077535833841601232,-0.12578328186761594809,-0.32781210469584226574,1.17569564330367182237,-0.46465941627579482320
0.65717035603671181132,-0.14595522584446118941,-1.31455262067213074495,-0.36076014217173602017,0.12386688081341629131,0.54539063107051410917,0.94504784424938914622,0.03681729595862589383
0.42343381485565784184,0.15917373240154589209,-1.48812688609466792222,-0.19436980666470571322,0.44577226119081825306,0.48957812741606859808,0.72611319788915984486,0.36759796843230763130
0.33851041240059448478,-0.22770795663955026300,-1.44843665307449498414,-0.13706033479926887919,0.79969517551520263865,-0.27351411934307595653,0.65042892265422758147,0.21876483461817808340
0.27331394245386525510,-0.93999139840373846511,-1.20356252903583094138,-0.17320578167380795698,1.13992759505901486428,-0.94578228811393671993,0.71668088988054756694,-0.30361654608046007020
0.15545410183363031487,-1.38077843519835874453,-0.82139764126878966888,-0.21009228897710874318,1.34971092508350376526,-0.84056147025478666901,0.82381221915053537419,-0.71803725408635166172
-0.00060075695195921364,-1.19418214078834994396,-0.48850594519922513337,-0.17351973968243269986,1.31529406246856561680,-0.23599802819390253150,0.90775584460031666367,-0.54681947971162769839
-0.12004789482412395185,-0.47336499975731205492,-0.38191197475736504696,-0.04769631635821131727,1.07961936208657105496,0.09498438457771371524,0.93731902100301900393,0.34605535708634821424
-0.00362463458323197731,0.27506787584173059136,-0.47705041915963591892,0.08743207822663541517,0.81910163902717869622,-0.27659964995018498923,0.88751011549626135366,1.65841732841962841150
0.39084524694040090331,0.53887126281017982965,-0.60816175602645916598,0.12336265367781606983,0.73531022111268184993,-1.05693028171392566783,0.82790490759675827714,2.61051481456923406554
0.85950590716300423466,0.20443848943135442542,-0.61221636127788559012,0.03370422030397891150,0.91790991560915324854,-1.53065230460955836733,0.89344683392394630417,2.57678621751834890929
1.12566946146009816410,-0.32992770326536002834,-0.47934425238530881108,-0.09129690492799129309,1.24446121943506726737,-1.34472568037419470954,1.14399036212306892679,1.72737972834988906534
1.02394480998869741306,-0.47191148177141872821,-0.31499518644101859310,-0.10665490335272170830,1.48298654314701594537,-0.61162536770970876709,1.46697025923557844429,0.72155232359735710368
0.72968014231795075286,-0.00468479645969187113,-0.15010325696065582313,0.06793396903555204425,1.49439041025503205340,0.42208189747094931876,1.59597330661279745989,0.18887662535705276867
0.57377820434505255598,0.71697015977093792038,0.07896038291887848282,0.37837197449764364832,1.33106635599545874982,1.40949402518527255879,1.35737741267194800265,0.21229317034313968660
0.70528856360581104745,1.13960711965472882845,0.32421276233271562051,0.66073956378404585799,1.15148011398052707577,1.94057868541009370666,0.90488431113871259370,0.36670812405577279947
1.08238294482060148916,0.98046976384659700887,0.37866823194087950721,0.75311685114715798406,1.06571958872716532341,1.70476295705977132222,0.58956628587186599155,0.38652739152089510277
1.47077861576995849724,0.46004181610328820362,0.11138019307767220434,0.62107406898483630275,1.09969465083598838540,0.85681121767694334856,0.65842381540096350800,0.21860711061314599957
1.56670613268534708595,0.09971002824476615789,-0.38812013873544598530,0.38997628869234518545,1.24413126654452255160,0.05715918583752222643,1.06216148875049487543,-0.12903046678515464607
1.30681293797041431226,0.20314212755244343001,-0.80799342904916793273,0.26524036591020405673,1.40490711155543412936,-0.27189931001973632885,1.48381887968378856080,-0.50256060128132395981
0.93107332560888589335,0.67720243924565814986,-0.80864238024222712120,0.36147777062435648698,1.38615871492299636003,-0.19966661881494471298,1.62706744724976881677,-0.74108729159556185895
0.81197491023773316066,1.15835187799978878154,-0.31728493352424202989,0.59252139941501935638,1.10946378439495285662,0.10926135985179975807,1.43729280114112500932,-0.75306967759690868203
1.15455087723672811251,1.29159810678454101129,0.41526708682153418151,0.75626372976467803877,0.73045420690973006383,0.52252266576880945781,1.08073615055554173026,-0.50952646198024997837
1.69009673557982376124,1.12084270871957514260,0.90833150876814172658,0.72836147810255380541,0.48852533056804359202,0.89795665772625699041,0.79260339215953379277,-0.14162904313958935010
1.86616084228409206958,0.95287121416529185769,0.79632604974617104965,0.58043849978471651063,0.51910057058603764624,0.90825208777308308328,0.65612830690605850048,0.06122293417820621336
1.41412660949692003953,0.98072179001072623539,0.17254184999977550952,0.46785278986642714338,0.73972781061829484539,0.34348809862682766481,0.59190317547510207241,-0.17946731383485831079
0.58324245216323011842,1.19113805876237521808,-0.55466256145267855970,0.45886686666132109336,0.93447128608480611867,-0.39155033811900025187,0.51595873551320914352,-0.85073321139000135371
-0.01904540802525367046,1.36079042323464616260,-0.91433261071664062580,0.50430725586507152425,0.90210277937413529958,-0.67279847412405824336,0.39852431138997584936,-1.52488798531954850013
0.09253107168284345485,1.24800805472997944356,-0.66731642816458136558,0.47641227513073775013,0.57694268815559168750,-0.23394945062910446620,0.31488270578988747372,-1.74463371908253961351
0.74019812265135975782,0.86791225471156963067,-0.11061125079822109463,0.29605640378216979691,0.12777826374804662768,0.55108934532401132600,0.39963491787071897532,-1.45922393061762933897
1.29945008067926837114,0.49706586822219400723,0.16717978747040243559,0.01559447065896212882,-0.19927931571876147943,0.97231098482931643812,0.67281738228511123179,-0.96804596722603131198
1.38080990559845417920,0.35137503707240164141,-0.11449664773319014055,-0.26416122788803692023,-0.29510239669925641959,0.75395907000992945513,0.97343681129868686597,-0.67647668476193201226
1.07015960156900136191,0.38793399064618300232,-0.65427082887792575860,-0.44530590324417923531,-0.24836570217254727577,0.15329664194824157986,1.07491586464609101270,-0.78648428535520631399
0.68868120428450452231,0.60455957782895430874,-0.93375665092244863885,-0.44244714437823945419,-0.28070097102032276482,-0.34533019126529101994,0.89751539840194893838,-1.10153529099354363652
0.42911269099999604926,1.12775210576711182320,-0.79557589366076320037,-0.24572920034499037834,-0.50204763687407727435,-0.38235410231117544777,0.59448924050053308932,-1.30900523861508233381
0.28296030229669338896,1.88005185087119208731,-0.52446567998537407806,0.02927618357628836154,-0.79597764094517442501,-0.00792483736728988308,0.40006865301463245821,-1.29311208488387952009
0.20031794172379435715,2.50565551600850833225,-0.48976386928837911672,0.21189288012958570895,-0.94986570471881148769,0.48129294297564040317,0.38120623171397727269,-1.12474719545335366533
0.17907175896092275558,2.60278558983121044434,-0.82560944146799131182,0.20063055983163657903,-0.83574564813922480599,0.78148097231556645781,0.42487418699490159257,-0.88909215304190025719
0.27094818451663443826,2.05405493207777523068,-1.36800734379810062791,0.00579231214324611721,-0.56775508140816477454,0.68312999543895347454,0.45833030783200590097,-0.59910482407078236022
0.47388328925948353110,1.14333556575128159061,-1.76338043469132910168,-0.25594749284148948787,-0.39651169128288560328,0.07331433245449855973,0.50234542361599898719,-0.29995178057484728207
0.70037453654262937786,0.32105972233993024245,-1.68847755879976779703,-0.44653123933226623876,-0.42241960844254639040,-0.88095683021276294244,0.60655811449670671287,-0.01051118252727474556
0.80220935947390381582,-0.05440621740301122833,-1.12336963806805090194,-0.47987125412661724155,-0.49375246606179373776,-1.64834157529058744629,0.73669633268561129924,0.28633653877619436035
0.59298003744979910223,0.13155177409046159287,-0.35885443045956155750,-0.30510404992091622045,-0.36998222633006649929,-1.80989050085467795270,0.71131346071601797565,0.52514004186360607740
0.12175033159763049007,0.71130382298497285554,0.18062897820087769896,0.01579605386316100535,-0.01250254496476571088,-1.40340138346257625734,0.42638759696191369519,0.78783179357559107725
-0.29406484700969265367,1.24452340590626997496,0.15921416106802827040,0.29350395611569457532,0.40700659474136852145,-0.85995401869618037782,-0.02777279197175165637,1.15259762278067001695
-0.42420406121895049001,1.26118179729307877679,-0.33945835141887886754,0.37153618120163883765,0.76213412277039260800,-0.52778859974694725121,-0.45203397857664384674,1.32883189140185753452
-0.26136785192568284808,0.67334239234160342402,-0.83665957202485685684,0.23943721858644242961,1.03550003638453902433,-0.37804735046027643230,-0.64238941847279529274,0.99451299689901040413
-0.02497331833709141163,-0.21560953551549080776,-0.88870749478865496140,0.04632634853150316423,1.24092398657918967508,-0.46845899710651173198,-0.57205409356718150971,0.07157695270169379953
0.01828486944522958110,-0.91989951402367964306,-0.43509851646489983157,-0.04246415687933671745,1.32764909615433213119,-0.95643469592021135295,-0.35360396601726212795,-1.12443901510843580205
-0.12026899295626600206,-1.07064496825043553585,0.14867286162124487836,-0.01993321147840599120,1.17057059010398001320,-1.77184029477942761588,-0.08674201362139936922,-1.92820108446831661730
-0.26086868514697242327,-0.64621551765701423786,0.38340983508164583338,0.01907764819140009976,0.73795379259417759332,-2.64175174553019065371,0.13686492364230146146,-1.96268801887754906765
-0.26174476690932074741,0.18724998865905911893,0.05382121618425748238,0.00738965655851277041,0.14918127991931190435,-3.08180549564325279022,0.24004829549348999373,-1.28470329266454696970
-0.03229907399756350855,1.04377001446042960708,-0.68941902254700937469,-0.07909053178924738137,-0.39722974186474302449,-2.77617471222569012212,0.20105739806277120318,-0.23366228245336151392
0.34142242825060481470,1.40056151081649438161,-1.41235935145065205631,-0.24763416957143927211,-0.68903946791482095779,-1.76017092176213041377,0.13326749898882073175,0.50461069436789562914
0.67611268666208568234,1.10811489803809370969,-1.72262911496181891913,-0.48823603126209497161,-0.64315248918147782664,-0.12444293120807288500,0.24034789743045320565,0.36334760395966581026
0.91939542221865944160,0.45994537834996851444,-1.52180449591736999260,-0.72998200742534269381,-0.40831180399823335803,1.62614634009474912091,0.58479203917527411427,-0.57692250598681982243
1.05547318600159845126,-0.07685188763659753231,-0.93660674425939494103,-0.83920371886171141185,-0.22416635492468178770,2.47713655798700127519,1.02468587587478543455,-1.63950597081656046505
1.04133770289335614301,-0.18224996265632792403,-0.23939180910043197925,-0.74265461178986635904,-0.19493383874000438927,1.82113008085432626082,1.35474050308311144697,-2.03987461970819872192
0.93829159375957538192,0.03783623811311052909,0.27766406961949741117,-0.53284230805320242919,-0.27706888828761644383,0.13420282030151989283,1.45361285090197922543,-1.52645145537800930313
0.85162644928544628531,0.26621028710675675999,0.47322363588638632903,-0.37518660288782018641,-0.36844179617385847125,-1.36751908058402960044,1.31988130015370219716,-0.53009333510601708284
0.78792407487540550015,0.34352189719115333588,0.33895835826242320943,-0.32909679126616375733,-0.35229272142765327702,-1.77929921150302505772,1.02363056409618713438,0.32445846110232828829
0.69941268897192221399,0.33899861869927466751,-0.00653719356892369825,-0.32104754830368908980,-0.20079083443766279626,-1.19793620254436916639,0.69899110660092034220,0.76894237716975821773
0.56664621635519596410,0.45464672818906737284,-0.36259323984968477861,-0.24598045935635629022,-0.02066215929565117307,-0.50272876477080397084,0.48234681692240566342,0.97430902373448657894
0.37085079154403305379,0.82824721912581911187,-0.61401242329988381385,-0.06995272799573586109,0.06698961080636953169,-0.47529870949010105674,0.43464404235575465618,1.12172748200842553601
0.08589790880766336179,1.31814772169303351390,-0.66974737588863220150,0.11880193856021953325,0.02946276318657191362,-1.02496862673864130855,0.55244515598077992280,1.05417024213680243783
-0.25771172370125816631,1.57026982927251390620,-0.40399993784466947666,0.19883496052780730290,-0.08388542667193628344,-1.50055714849312393788,0.74399558133818910477,0.50803298808906305339
-0.56118909430614927203,1.34482777578755086090,0.14890454882365466993,0.13069550723703324269,-0.18438430197222968610,-1.48434306929889614501,0.89011054003493406128,-0.40117982845785288282
-0.68035850136678188704,0.69184500302673057615,0.71454043172925940652,-0.06190935803870977611,-0.20094993510258282732,-1.05158710502492147576,0.97171277549059575929,-1.15770419021222958911
-0.47775925644252248414,-0.04569202943986867826,0.96307193854485995121,-0.30260872631409851952,-0.12385458460761045174,-0.48139374485368102707,0.99357777043115258486,-1.27239967179922319751
0.02002040127694762126,-0.38262539726195010648,0.82592844539502285883,-0.45162732873819083634,-0.00680734284013933839,0.04430318162142657390,0.92937795507320597466,-0.56176194637083554095
0.56794780310837023052,-0.18795321929403058236,0.58972907655409934069,-0.43016233793868347002,0.07308468218870681210,0.34050338505627247843,0.81386054479963299002,0.63032039970535225226
0.86737211048136386715,0.11104522110357990805,0.58335489999651668480,-0.31358125386953200620,0.12498574213493002238,0.37619447523500121333,0.71390539832231314499,1.44723361994714450063
0.69695133689099297847,0.07775333771803945304,0.85852278315460572866,-0.21453494649847554276,0.29495290043359267962,0.40277282482711579403,0.66005711990028281821,1.25596285794242068512
0.07423283139865204106,-0.34374062518350895212,1.18461599718586163554,-0.18227457134018987261,0.69532802638913349114,0.52170950364203305671,0.66312367120575554935,0.17157133442645247645
-0.60647614966272744841,-0.90770285896486180288,1.32044481795002299762,-0.20428820674297937243,1.21492448111792716858,0.64244748959780528796,0.69638644485001999218,-1.03651038356167157772
-0.94510082738223721854,-1.14303266730626251757,1.19530184102586423123,-0.18012316367736033729,1.59052208348481594058,0.60305988257673182051,0.68734363431128231436,-1.34182952015819378921
-0.92180773714112895778,-0.70501383567654618556,0.83675079718827782838,-0.02848543923808031023,1.60345415585689266003,0.31825756396442184126,0.61079240707473192451,-0.43626541144178432319
-0.69706182217570422655,0.22492191623469784401,0.40927235684183949083,0.15381068413895140901,1.21917863566891782057,0.12726719654986259900,0.55341926322492296375,0.93845511261795899749
-0.42963226289407441261,1.09502091937177215009,0.23250074917381627349,0.19480961679732389236,0.62641723262688964180,0.20418802087243909105,0.63177248942959141065,1.87015671112367121154
-0.27397405510824707209,1.37942246990628425429,0.49764272168116424622,0.02944816703706070946,0.10160329436004768289,0.08195255952065627625,0.86462119732813536022,1.90212223153742288062
-0.29846418855097012202,0.97881333858565133799,1.03175513792708817284,-0.24645446966674852685,-0.12063701657937131451,-0.54388509599803025463,1.12297451131956682602,1.23883112382816173991
-0.47712316551091071837,0.35563824050004277932,1.39124006717211901041,-0.43494087837603989666,0.03016357428678397012,-1.39235840945254585321,1.21389761851969635309,0.57953307053440583640
-0.67872062790875442584,0.06174041130586759019,1.26129749104929844705,-0.40368799286321588315,0.34769614902913836829,-1.94541106546135256217,1.04679661669183032835,0.40610073985502853633
-0.76972307192938238529,0.22999651761583500553,0.80922490301090910236,-0.18877428385909872377,0.58861561946680795998,-1.81832489209239311911,0.70884435297231296325,0.57767097133011280352
-0.82867688221962576556,0.62073401185994214746,0.51683243169142201179,0.08188305002124929288,0.69078975928158758979,-1.08239706961634052362,0.39338703475076403082,0.57226399995945276267
-1.06296168002536495223,1.00482314365901226338,0.65163122138491857971,0.30093351923355698974,0.70660024756463912787,-0.26916297045551845768,0.26129292813508664395,0.11526546543972322756
-1.49636284866206703548,1.23509719031558318214,1.01172346516016231632,0.38054000574968255277,0.74771679668433188581,-0.03318632885736457622,0.36148137129900154152,-0.46850024104382825829
-1.80053172994472232560,1.09444336634359795646,1.19727703141649288732,0.24163247355160752394,0.81601462253040546457,-0.61223736232358905163,0.62516791060235032962,-0.63550586303776757102
-1.63153802781016810108,0.58003550820955607215,0.97170619823559456485,-0.08918058989872788833,0.77550108490079860957,-1.48696007646891592557,0.90670864649981575134,-0.18626715764347878679
-1.06149924336262846403,0.03251838891990621594,0.38215771327131403678,-0.46667440526876813323,0.55102304986723860125,-1.92312009499319014338,1.11055517789964364184,0.52686473191617955170
-0.42933692827937036673,-0.28365317994814848168,-0.24989746996461997819,-0.72835425892606187048,0.18503108896044093146,-1.83031623301519696945,1.20193034187362046694,0.97022510308833054271
-0.02620104228362651888,-0.37522721963444138904,-0.51241513196884835857,-0.79248638160332862679,-0.13068063890784978320,-1.72033329773394694229,1.15907755385484323440,0.89879305451484348133
0.09025694090642265299,-0.36851065777622127317,-0.20040803654001640433,-0.69795966502785244945,-0.26495297486755264860,-2.12675277270852669531,1.04286246552266193000,0.49689141438763917424
0.06992407276964156260,-0.22194697262780821445,0.50337906828581291396,-0.48373820218663049486,-0.35792032350047631173,-3.14821048992772256625,0.90318931803343383002,0.27280970563432899167
-0.00486019844430331163,0.25849684654166305009,1.08912157529524034061,-0.16578791178018853492,-0.51209702220556474472,-4.03537711067654747410,0.71659258836666428483,0.45146148119446588565
-0.06974059345206407023,0.92328752854160511809,1.17735644107247283685,0.13778614799932267787,-0.63959032783915636955,-3.75692413727069141061,0.50561766905235661085,0.69470428223656066624
-0.00660981910143794253,1.31013294437158434036,0.87153305613127296514,0.29552046020796546300,-0.61020970124950257851,-2.22497980310460308218,0.30594022375398594038,0.64548101294139059725
0.11376409936656781130,1.26079323650256824862,0.47149987581658070468,0.30483927048413750338,-0.34809872742197511819,-0.33359994349818206105,0.15141743379539868153,0.22078637086836089276
0.13103487767709917633,1.06000353229738020211,0.18747453816720377473,0.26191346550313981956,0.03532130971516823925,0.87709468423400460679,0.10879982262604918908,-0.39083431968432452708
0.06876345990713719769,1.01787773146525917234,0.11730319911653815101,0.26400176969126759596,0.31387872748204437290,0.92509144779383178925,0.20856726319921134460,-0.83344103264581603785
0.09689476065541891003,1.13351737770773808300,0.21245056881842158680,0.33031771145259436473,0.34398333044686407733,0.12421571136658575429,0.41862042474737054532,-0.92353392334458228596
0.33657371513939171592,1.20492007122662014851,0.39989888756765512579,0.40707994877871978012,0.14881819614518670969,-0.68510575176888821591,0.67141611747861185133,-0.77769223416524668746
0.68845680987006352414,1.15416959911900285363,0.57691861851845072096,0.43051178051881994202,-0.08248158135339130059,-0.72425706808756784572,0.90206858104904230622,-0.68797753280632079065
0.91592487609535022663,1.04764195086575240268,0.55716485664778025999,0.40245264273102571151,-0.16693753823921322899,-0.04546075478560460820,1.02376961020622792020,-0.89134226516086023651
0.89958124770288439009,0.95264831642561287328,0.34377404219973167754,0.41293145539182174453,-0.04574106321846047735,0.56562806762960604612,0.91541327243453829432,-1.26643052104190512175
0.70684712638699387366,0.93540987273274378566,0.13585202407703642069,0.54389910097658278332,0.22912367976025560523,0.44457444864476791668,0.56355243867604842833,-1.39322175854761520775
0.50510802088106176999,1.01699552070386700642,0.04459487617412680183,0.74823065616428152680,0.48502858138277482603,-0.40687084099852854902,0.17849574500570328239,-1.10516040174512375494
0.42755034030827238078,1.20812580867206409430,0.04456687128400424469,0.87504553127058937179,0.54082628755149553257,-1.18665893618687801059,0.06115416329246195493,-0.66005623989010031583
0.49594334009993246148,1.48505160151850668093,0.07298380522162094264,0.83281104850662912575,0.35128502678487721900,-1.19336647244250704247,0.29250323156159929727,-0.32292918508014639700
0.65831431460513223364,1.64113895357925843044,0.11004578346625683294,0.67114742649339886871,0.04166638855094293575,-0.67213988054891082857,0.63932038140276448157,-0.17502058239165627085
0.79000620215234684807,1.57477142197147412794,0.16496987022000539347,0.55378292546924401396,-0.12376937418123884482,-0.30387384155242203043,0.75212229682193687541,-0.08678930382181236636
0.81083643350548895157,1.41230986631962163180,0.27167580761623005836,0.62730258482268819176,0.03191312782096343559,-0.54523407843018367736,0.44322823237721076239,0.10914455602794016775
0.85815640270688764435,1.22915413315981947306,0.47877503615143418569,0.84238978835867517336,0.37908320104055642785,-1.18198318761951481903,-0.10474630060582516833,0.33695363379337106569
1.03294651481098753720,1.11554792239161781886,0.72162086234007316587,1.04173976309641669324,0.64319304663923371201,-1.61687486390439572048,-0.50896949680359182544,0.47256252967401135567
1.15901111344263529901,1.12723424971920005433,0.84115782807261096909,1.11801393084918432308,0.69065551464097851841,-1.60934197194156558552,-0.52201284184321417037,0.37497989696395211956
1.08287611040429654352,1.15175807242614758330,0.75407243946292112913,1.00568827290327411639,0.57111521850275748236,-1.20420192950589144409,-0.14604112606935798491,-0.06275584445766077546
0.86525013542043538450,1.12863067085498136599,0.50890370739937207389,0.76049030140096784969,0.38779097581776450498,-0.81690334231387518038,0.35487483318298423951,-0.56359128770155697552
0.63978839157260969372,1.12430344441845497805,0.25965870154536019321,0.56844593083487438001,0.20537621362267524661,-0.94512553626268980267,0.62185698112189347064,-0.75003681661935062142
0.56080473826588117525,1.19439688959781298294,0.19678339260978405800,0.55577690441600124949,0.09412403658937081030,-1.39858316683236938438,0.50777596553405968116,-0.49904941247768919155
0.64006653297088289545,1.26493571529855608482,0.35610047732920024899,0.70941627154337294492,0.18474776053045585678,-1.71127812115514355007,0.15923954854647401347,-0.05680097438798447501
0.65679715630311863439,1.24168847737346621507,0.54368654450595987893,0.91456311617207264320,0.51682723736521696267,-1.54509453983452571535,-0.13721406248173645404,0.00811097805699675413
0.53565296994603617264,1.14630745140075895883,0.56802508303162335679,0.98864967476767895427,0.84740130532968549470,-0.85541987096360028175,-0.14280112488504764778,-0.48080811150347529948
0.48476752416158291892,0.99791548957637454809,0.42928301491757808739,0.81274751298552272427,0.81855726728616451382,-0.15830292549806143643,0.15533652443461770654,-1.07824910124977457748
0.65568689685023084923,0.85562814971095269012,0.26001588217895321709,0.45261496752955449052,0.31993136117179038491,0.20880866856818353083,0.54189390700596318240,-1.39564467803257641343
0.87926317982757340452,0.84158352022758886601,0.14138268877617615749,0.08053438399557820426,-0.34868701042134958579,0.47325392526245246838,0.84613845171538037970,-1.54522613950938114691
0.75635192229050385304,0.91223023844945239080,0.06249085812106647264,-0.14918693527716994640,-0.66261141606517093283,0.80874961332788308788,1.04725373274230970644,-1.97298236317685260488
0.20092544201108186730,0.76825561410848630661,0.07566382227956017226,-0.21168034197208701608,-0.38833045753593992133,1.04235606012254655717,1.18464901186974547187,-2.85197485301932518453
-0.38367369076030943820,0.17221380398916938392,0.21361087404322681715,-0.23048555638280512903,0.21566465278024463115,0.92314690955932110494,1.32163684486147081643,-3.75098650410846312653
-0.62552625113415349922,-0.56979848749924288942,0.32753249913561155449,-0.27118569726578667378,0.76129413878227936152,0.51724745917912751114,1.38333009691703145982,-3.92795425428307787286
-0.47002369253113768233,-0.83711473401123137617,0.22596084598826071677,-0.27887719782380232525,1.00213562072321638041,0.07177838537237600514,1.23052693413790947830,-2.92365687355278103254
-0.12601671167386044314,-0.38817877347132684340,-0.11960075968054180440,-0.23337153201482468967,0.93910706930472909182,-0.20249334987978132028,0.95835787812709183342,-1.07901536485275117982
0.17368468370536727097,0.40897556457257361329,-0.48154655010117913827,-0.17558187433408301015,0.77549246836309937425,-0.20966272947995395759,0.74375811931427759927,0.71290090408479411810
0.38505354997702828657,0.88219737204649195661,-0.58021963595320691365,-0.16091543555052087444,0.67605540818902332134,-0.17862043113789299875,0.62747158133449987272,1.69003156854631497730
0.50276883669848559943,0.66003579096854136932,-0.38990860082692552213,-0.23221251455410016340,0.72354344313230933849,-0.18998125860011960686,0.57903632744844424352,1.54890537541959716350
0.51005634697104285102,-0.09706360052377989434,-0.06185804154023318013,-0.36924242937763973593,0.92309228157536904469,-0.13730915150978209582,0.51418330776986098662,0.63798690017607162517
0.42967590575678138443,-0.86200740096629391296,0.21222708937432419041,-0.48382822223480548285,1.13369087163944781693,-0.14906526876403541904,0.37752782196295736616,-0.21627796499415322118
0.28285147574668262349,-0.97321841234714179247,0.19602763904729117450,-0.48267931859886858970,1.16552171991717035127,-0.08889464564921696621,0.23775693862531122047,-0.39067880916991926110
0.10707647571652309515,-0.24912762021285628222,-0.17806298542545756503,-0.33508953053519380250,0.96370758348028984219,0.19187101641717729805,0.18764989013545282925,0.11106468569308369787
-0.11552281455325585924,0.73644060067319139229,-0.64790757693952316654,-0.11909053818475782982,0.71899824379680021824,0.35921826073911822252,0.27213515642839947173,0.69159407750919610347
-0.41775967433507515958,1.24686523436629914663,-0.86422058918579502951,0.02345953257074744405,0.68384650119822631975,0.08790027323514565394,0.46167778573796203201,0.68517050373942989250
-0.73097729056647675616,1.03374883113314486316,-0.68311549312961239444,0.03237914276740866404,0.88115792262901626586,-0.68221715284938910795,0.62094370792628705846,-0.02434706493033668429
-1.01927542477459476267,0.48180131942640830323,-0.25465805426170234904,-0.02273306665874026689,1.14590520581644428333,-1.57543570685112710450,0.63054081146408746950,-1.10239400912321849901
-1.30334108220656608168,0.12517148273041581175,0.11799311596001216262,-0.02884179773854818676,1.35997358895963071923,-2.03497895792918015445,0.50635560524823264306,-2.03730189200553635231
-1.51707475738859987047,0.12010963790172300703,0.30256091155792602665,0.07401008921992452416,1.54083545860683512885,-1.90354278886233352353,0.34122094725633239642,-2.29569978195446378066
-1.54664439599780223489,0.27984179023024347011,0.38735551852947741613,0.24169882180848009656,1.73247568945800867191,-1.46126207444563926963,0.23917041276349282342,-1.71827957172691170307
-1.29633556003496663855,0.39230933692501301913,0.40085044353884774493,0.39044188992985545683,1.94047489346500023899,-1.14911098131045075199,0.25760480726192824807,-0.56181650463381160865
-0.72091656965337991281,0.47945618399795181253,0.23952010044888530360,0.51176960069250632124,2.15717891586929910730,-1.01893361887134270560,0.32993303101749854589,0.73265727583176398774
0.06057660582713862707,0.66227806628983754145,-0.17777577622789519918,0.68515693312495962175,2.41396631341537570847,-0.83397561444478651715,0.38545949295161435755,1.49667701135077524377
0.77601169729401497932,0.91017476828331733696,-0.78833043701693727989,0.99118660605331931901,2.82234566425618593755,-0.49903880479079437693,0.46804752882918720935,1.17037065356227865109
1.16631839100553946764,1.13287429244395698724,-1.34658992217008322001,1.41552082745581819800,3.40575771487302025875,-0.05556641334312879127,0.64401701702387403881,-0.11611638645176601548
1.16474447418486537487,1.20035399359148042819,-1.60465964943084382632,1.78858233803814981044,3.94700694059618362175,0.13968144852867508954,0.96571443017902014461,-1.64318358442570566780
0.95679052154153521048,1.03631022173070963532,-1.50324505367784966303,1.85105164694930834912,4.06586517907939537508,-0.18284410671814285698,1.37283798555865454993,-2.45509518159089967781
0.76210618721683032195,0.73328125049582593142,-1.08855773669562738704,1.48250382024462901143,3.53828632185690006295,-0.76804218567650839322,1.63902783225152126612,-2.01240519709063603315
0.64312761592489686713,0.35819271942105651574,-0.51782148863342292167,0.79103032241302617678,2.51663650898865842720,-1.16224571701455636763,1.61084559724652254253,-0.86034024435643552398
0.61520545119332592510,-0.02211240143038454772,-0.07999752266536590273,-0.00767139437499325845,1.27790911590937139586,-1.01920392829711259353,1.31590520252772757992,0.09779838090320663868
0.74538300344487395943,-0.43043900624032482849,0.11751952167450580022,-0.65915208806297553856,0.21162770602829428235,-0.63461785546658922019,0.97087658423050982037,0.38022670857900581209
1.03326846376911496428,-1.00454510054133661079,0.21319242271333965766,-1.06564126370833500701,-0.40702978767636005530,-0.55823976815402687190,0.78394200096021859903,-0.01910885640345423922
