F3,F4,FC5,FC6,P7,P8,T7,T8
-0.88886329407610997766,-0.22872353229092051707,1.90629945211839824104,1.54954584557410846024,0.36669594468142580057,0.06983180660485917290,0.01226012485376649919,2.56709409813688704816
-0.82507615222756314211,-0.94128576438910083191,2.57640743552174411590,1.67247959931325307359,0.24884201968545030526,0.42440309775859608177,-0.16235886297966681258,2.08990400088071570650
-0.83378884575658696043,-1.41281555312756035292,2.57152273310825929542,1.49592700563612979181,0.08452878033528925250,0.74690789662828638296,-0.35869671331432267936,1.53751887740780923686
-0.86181765744189375855,-1.54870893648349561289,2.00497555939066840480,1.04315217685766148392,-0.03796580370688119876,0.97999577084292976981,-0.57010947358467523038,1.05589352444061046477
-0.83170192083781724346,-1.46304427183957352909,1.23636421409744090560,0.49956591153334412025,-0.06837777432889710627,1.13746871249033065787,-0.64559279327557062000,0.69776490402069246688
-0.77831228151646025815,-1.30798403559277254260,0.60075972277186573400,0.05949800979190424804,-0.05076460895768662024,1.29276586953350425269,-0.48088016502977493083,0.41868959572670644276
-0.83039047304785240655,-1.14204081410639979310,0.36755440238039810419,-0.12674595915472691710,-0.04949476073130327364,1.52218016811690692869,-0.16938751231126261687,0.18260950849001469920
-1.00664154464240906961,-0.96881763129877751517,0.48539582348397486422,-0.02770008150466108862,-0.11224508244073110041,1.74161425116121115764,0.11010029860606299068,-0.02045474290300274348
-1.12325543838096963967,-0.81305400085469237137,0.65989700034372178461,0.31788378624035573683,-0.19594255146462349892,1.65377970322693679250,0.22279598137904566002,-0.08752518195994531125
-1.03397286117517328563,-0.72384009130907689400,0.63101762041739106746,0.86305516884617827778,-0.18464161360194972228,1.11667650907566562424,0.21614572270931445286,0.05869123463529390961
-0.83057050801175869026,-0.70021617797862512056,0.41044457768020592425,1.47671340314430654672,-0.05825238874908812703,0.36861851603584239179,0.23976863948197510434,0.38882651925077738042
-0.72949524690258449322,-0.71966210927309948175,0.17532095530442620701,1.90462658757602620874,0.02938571265393954968,-0.10487838527477148787,0.37581335273199362179,0.77209631007325707497
-0.78375846716500052747,-0.78385912421706793740,-0.00138909793068010519,1.90473309219799080694,-0.03659647053768597114,0.08417783267571246619,0.67932798551667850084,0.98835528504697045538
-0.83138691882524895505,-0.82688320699615225351,-0.19414067671117510305,1.40954698514877563298,-0.17662588901349474124,0.81656398524766782288,1.07794550401305122556,0.96057213419438525204
-0.81403735025541190673,-0.70134724268569226258,-0.55016777544645178999,0.65470292102772109644,-0.30549204961755155319,1.58193745739972491116,1.29580821774208465591,0.82426903941600659920
-0.84751829736819295213,-0.36171821570530132695,-1.07405004457117958516,0.12104171827040514919,-0.40481619697376736156,1.87609929826346877313,1.12668088054449277990,0.77825471301765269949
-0.99077488003563574104,0.05840304490031792556,-1.47939917122586761522,0.15713384544957603728,-0.42108328478698103803,1.46305578722388296420,0.58892270574146499129,0.98233407264815442161
-1.20010961193103815603,0.39198277024791666756,-1.37152094130294655017,0.65549088190303128609,-0.32517707381769805908,0.62102386628339478758,-0.11781088267162032057,1.41969106322601468229
-1.35625081129770586053,0.51684515127446017946,-0.60539256148415099279,1.13333488206485810679,-0.15915069745701898585,-0.02422726108985086627,-0.68370994818099117829,1.84274544549000207638
-1.32931658458152179847,0.37159692210363803877,0.51507147991128388043,1.13410453216011553046,-0.00830812182637132544,-0.01829265033558126821,-0.90399746688460613786,1.97064413950704109268
-1.09292910959782663127,-0.01877958306417363069,1.40647535040720872423,0.59720470637701894567,0.04132911038853141067,0.60685419142456453745,-0.78429781567015910415,1.73142346744571162809
-0.75442521073760182571,-0.56178653719019822077,1.61625219621162252714,-0.03301005845078953949,-0.01416903371433838460,1.39093827625766164324,-0.45000529415434115110,1.25588570081933537104
-0.53946578526085964267,-1.08887720219919170717,1.19703192479831410644,-0.10962726770983914626,-0.10688452814657577183,1.77453170916035496418,-0.11107816051092814225,0.73727477171558364333
-0.60807698576760527143,-1.44124640549831206648,0.61157723501513583386,0.55071409283690520020,-0.15115627432174488787,1.42893336400941528552,0.01034753128880136486,0.32162154788944452566
-0.88772717968030812052,-1.58419968085520168621,0.26551825056273709036,1.41106182466202012549,-0.08726747682967679609,0.50211869030841838057,-0.13550424321069129419,0.01542939538270487326
-1.17085246682903321158,-1.58025230125663518344,0.27325420592035570833,1.68286504465356712146,0.05967493887439692668,-0.47889263836484891046,-0.38796391337200419880,-0.24786513729128117900
-1.26653118088304794675,-1.53144552687460122620,0.45808617539374707484,1.00923172236657920919,0.20734226744515596441,-1.01843985794180302840,-0.56631093894788708809,-0.50303265365944893617
-1.15323705830462364119,-1.50727827556782600915,0.49650358051910015167,-0.11346943734811980320,0.27846453289826544886,-0.90710668048332143698,-0.56202446572103104128,-0.78078325242288815211
-0.98007844921125952808,-1.51704216852398676707,0.21762999494232157516,-0.79079191248266966774,0.25212401239776227602,-0.35500948521767416999,-0.34049492990866914166,-1.06548298053407397568
-0.85979458117786566884,-1.51104864747999401153,-0.23790292104510132876,-0.65530956230880099689,0.19270412540751255537,0.23280683624374051699,-0.02288020940569437944,-1.23599346962306855247
-0.79832554424053048248,-1.39233459513909130223,-0.55129098216859084847,-0.08638391010742443865,0.17855929795279720795,0.64847475734459858465,0.22459255532992294935,-1.15096477950927988942
-0.73534586830351389430,-1.15533969214567422412,-0.53465701396739595541,0.25575497243279166071,0.25303142177128928880,0.80732252892220901508,0.36817264997440773966,-0.75263104864185670362
-0.58210905417749680968,-0.92596150778906460843,-0.30989446110995211292,0.09158179571041305533,0.42257897686054540776,0.72766378955492561076,0.47223433846740864306,-0.13080004198052957998
-0.32494637043767815587,-0.82281080925598726328,-0.19334710595489745799,-0.24070054160465101378,0.58836355025589492929,0.58426603045747860232,0.61438682972864555598,0.49030487103235681490
-0.10718722395582447326,-0.86641697690972130363,-0.43663765926604591883,-0.28946695525092036583,0.56618988278461790387,0.50338425695773725277,0.80899239217897556120,0.85026896339575575023
-0.14570894105771015070,-0.97290003197685781533,-1.00603227771875936014,0.05801029320058134070,0.27832127045100718554,0.50677733507402455970,1.00047297809784385692,0.75646135424514704404
-0.46938996832435581075,-1.01409982911687701623,-1.60133594216202257421,0.51813153169221137784,-0.10538889630968908961,0.52683781320212752508,1.15535501606349000348,0.24730912696310816679
-0.84127970631146131719,-0.88203366843798058916,-1.90058215933676755149,0.69347149904889837657,-0.27298184388044732795,0.53594901835086472541,1.28286147693038299344,-0.36349413715647727052
-1.01595046802763144811,-0.54516229898300261336,-1.81186448776491770829,0.54571388622749528174,-0.09305898286018753074,0.68633288582917573173,1.35453804236427677310,-0.69975141935150042549
-0.92680294053354472794,-0.12659638015608568051,-1.53776698391618937833,0.37673564504207890380,0.23970456712156865131,1.02193055031292145962,1.33686568753536105802,-0.52454961591631732443
-0.69719491619680973304,0.14523360043119229457,-1.33073837069897127350,0.45301469809698396984,0.45961208957525245822,1.28659687268219502521,1.29764623234593012846,0.08317682327046112267
-0.55404779202034615260,0.11617686165276337740,-1.24327069051393945820,0.75516626794277552648,0.47043381893372615554,1.11730994541073047621,1.32189306419584173824,0.71185382529633811632
-0.60957029319488253982,-0.18640003832968005115,-1.17088839543170331048,0.96280967119401905663,0.37209257217425290021,0.33696672150179368677,1.43520882255788095883,0.98943850299678404170
-0.78567572961972576007,-0.56719398824492317512,-1.03350064750929848678,0.75436072001802823017,0.32907918140973657639,-0.76726625553065530561,1.56235684229626858865,0.89326081007408553170
-0.94973411906004756577,-0.80390582306997504514,-0.88673478433447971980,0.07512125264313937456,0.34886069960287341418,-1.57523653340664715472,1.47635410021329693819,0.66662405552693937416
-0.95762096523209816468,-0.86809825159892717306,-0.79232139544711732704,-0.77157986614793871993,0.35877247838937603719,-1.64499108526613091463,1.06746309089146307336,0.54929192808336313458
-0.72545977786352955352,-0.92542392966936726229,-0.68879887579659804242,-1.23940020240275439178,0.35711777586429688247,-0.98747669727693143660,0.53215499138004807023,0.60925772392683086309
-0.38732052194847782500,-1.09993015491515189197,-0.52507511506556481251,-0.95914564200032748076,0.31070851423955042625,-0.02583449842425363657,0.15358942511860146363,0.81888820803103468116
-0.18613090277790647620,-1.33133006849027757390,-0.32992167080873263663,-0.06620261617412584454,0.20433278346189570618,0.61195130319645019146,0.07928377742814880780,1.15090904454818288016
-0.23959477498148032404,-1.42023103175461340442,-0.21650198301162601466,0.81391404784739418421,0.11006999243987589110,0.54604126862576918278,0.24100526497961344274,1.50695777866059854588
-0.45906616268659466984,-1.22127843525737000974,-0.35653421885820962833,1.01070660991403116213,0.07623189460932092154,-0.04567149498177346112,0.42296937131390371922,1.70719760398943698476
-0.62390163837028711491,-0.80925287100683918062,-0.75735995616541851305,0.41177773004630524589,0.09005716155236080656,-0.65358768953990720174,0.40768073525029052684,1.64308949937135495567
-0.62154641758419315600,-0.45243599033534170895,-1.20519196850010024136,-0.48481413416591429000,0.07796414618741923097,-0.82560200447574072502,0.14757209510700330934,1.31869170393175694223
-0.52302245417575621289,-0.43983946680060020951,-1.42802242520960542826,-1.01523152432290375557,-0.00610932552417581005,-0.43474554201678261567,-0.17340780254258419957,0.82137201987205465947
-0.41092206412823267803,-0.79404036399914867950,-1.27904459733576647551,-0.87802415049519033641,-0.07499549928165646917,0.21617724292830603483,-0.36749438856098043393,0.37576296820088384010
-0.32110051812854162323,-1.16062336741108795835,-0.90924921224433497002,-0.34884482904386637792,0.00904884435591259487,0.66102696100200442064,-0.37910955117147215887,0.24939612457062571016
-0.26038797562572957300,-1.10364547842926952192,-0.64300754343949084735,0.08360778087586243079,0.28178863715275942470,0.67933179355207695682,-0.28732786236589535900,0.59543967730968128116
-0.22910323883100405795,-0.50456716545587709799,-0.71563113736283123778,0.14150188912822742049,0.57559758493349255648,0.41741302114762368625,-0.28749055200636158824,1.33774981408341231415
-0.23458488055409290607,0.30322001762016803639,-1.13054876160941297769,-0.06767930446246531173,0.67398966784478464565,0.21785516931037365862,-0.45428601971729687392,2.09088222303941639879
-0.22981719218257593007,0.81320378348447319716,-1.60074842651219806378,-0.13848899474408199461,0.60077112061262860632,0.25765570821687661107,-0.68581871384632087096,2.42256045674327147310
-0.18891732409742881260,0.75324859283512468622,-1.81605638425658022506,0.23580995595977469192,0.56284860271545766874,0.37600680696075367004,-0.82374752421847252659,2.14378576516672225694
-0.19736776622915197521,0.25773206835864315156,-1.71979441227193152741,1.03348521417211403062,0.69149864214082035208,0.35518381422147876636,-0.68171585537598256010,1.37372388082197405268
-0.30447029525656038595,-0.25547644342308012400,-1.42966601091153666658,1.92416894902490209773,0.93408343198739895996,0.12709293912594654685,-0.26080303864622733645,0.58609546549657021153
-0.42302611807379536524,-0.47109277119255088540,-1.16754716318962659116,2.40611860677111044637,1.11444547132439608639,-0.23753128588763330886,0.19712032851847305359,0.26932674634370656896
-0.43058118850287924184,-0.40361321081255041587,-1.10470494901599503024,2.21280950627462846825,1.10038562266066031192,-0.54182956639773105501,0.45223288825102692101,0.49757634933418698475
-0.30882439832791536150,-0.22168760776284418546,-1.16220132562260713982,1.55961990349918888654,0.90761193369433723621,-0.57997899567365496232,0.37478199398532019426,1.00314909806016849814
-0.15608990944323500316,-0.05506299204608831183,-1.19002799009987736412,0.94054462143316264200,0.67915522590868782071,-0.24141386705758483000,0.04451822081061451025,1.42584988518567312710
-0.06881124724823034500,0.09123354527863632157,-1.14824963501675325617,0.72966572967789289361,0.57697699747289798999,0.37248378561881939630,-0.26389686312087334841,1.58234629389004921585
-0.11294496820246693880,0.28487999373540973114,-1.08310094548124102865,0.85824586901613475476,0.63263229974275192458,0.91270991038815563190,-0.31112492331959218372,1.52006289181795817278
-0.30999228059062894358,0.46520695168239101225,-1.09371730133932820728,0.88915513923906053240,0.76106969026094051234,1.03841317171173130873,0.02298300574871345314,1.30406715650365079284
-0.56805661336805168826,0.43694510198637120935,-1.17736092097164912751,0.42493624470409713245,0.87792299389528760667,0.64982001828184610126,0.67909954225876412170,0.98498841420158411708
-0.74752425090755059145,0.08080110238969284708,-1.20109492139801266042,-0.52649559013509583671,0.93643075338079329040,-0.01085402861730764244,1.34448814716665610014,0.59313561628155342387
-0.74296900885586858454,-0.47996365682685038223,-1.09131652572706983051,-1.52093976424203125575,0.96782586097221279253,-0.48746475158671825900,1.69327573907246087259,0.12952704432670478218
-0.55194981950703270179,-0.91999901665903716097,-0.89838817570441953375,-2.02491016333341899980,1.05887116415729209962,-0.48704383590267541493,1.65755779697359706404,-0.33280442779467112047
-0.31333750744358790374,-0.98295514525876526157,-0.75986751015207676385,-1.74370157147659354813,1.23158123934971985847,-0.05623135425869935783,1.39616677693156110429,-0.64716551718399129012
-0.14811884131665675746,-0.69254654219843791996,-0.76203308486810950040,-0.73019239822810455554,1.42410028240596919780,0.49494388250873361246,1.13396347983575651597,-0.62343881835174785877
-0.06700593389269224320,-0.32810654454875476382,-0.81928139802040222950,0.60457771149094230445,1.54577953810091961451,0.81133062480762363489,0.96995722453752397652,-0.18917807572055281295
-0.02851356519561331834,-0.23668796179559248305,-0.81402000224544446283,1.64052704472304111682,1.53633745575379432324,0.73743605288951896704,0.84014348825732731996,0.42524294594471018227
0.02144413273938154674,-0.55912775712396400873,-0.72718830963271219314,1.90654327888294194970,1.42465292888979888630,0.37985393153203628192,0.66753430744331054836,0.86188881682736218082
0.09250437420242839381,-1.12550665390298099133,-0.63484620751447495834,1.45160956191215362310,1.27931748227256547601,0.05103910994702776094,0.41097611022980323758,0.92341473252605910105
0.17290168150203627517,-1.64344924923213531187,-0.62337463899853762239,0.82427526824847319187,1.13731940592376745691,0.00576408559737398921,0.13137034047384113511,0.71619920002584158691
0.27008143952982111013,-1.91353467364790885696,-0.66772951113064260564,0.52479467778098087827,1.01056384839845181389,0.15856748703899634090,-0.03016271967051348257,0.57895401020969772254
0.37197388528678332342,-1.89284370137853930061,-0.70821851266317670248,0.50281138291050608835,0.90517844489366461325,0.23811945847786461505,-0.05812100443224330060,0.73982426029883419094
0.45005038227941401852,-1.64801179640129857873,-0.73096742859647856339,0.36624964900135092982,0.83600427896575990605,0.12347612246319097928,-0.04644102967467528265,1.11660872250560738728
0.46685437024287784746,-1.28227426833694901909,-0.73238804019474934570,0.00561228350980613917,0.78010477092384644671,-0.00725308518792199420,-0.13778354210553128700,1.50379970313401600812
0.39820505437081687994,-0.92233507277938031610,-0.73768601442799341950,-0.26060112467300877714,0.68083390445040536942,0.17149003284695588101,-0.42592469368105323468,1.73460296592442642094
0.25342560482846776537,-0.70131410449387221462,-0.76335000896966598294,-0.07780134052367990161,0.54016226208953221910,0.71748508099470165167,-0.76798842587058424591,1.69219032496551902156
0.05899297266948392432,-0.71840095444572327210,-0.84825554743425846116,0.54292024693374640876,0.37895571234523756088,1.23053991634463177895,-0.93892323825277168581,1.39859983603428261745
-0.11015168541208611441,-1.02947256597605774076,-1.07438821951919027953,1.17858120987460934792,0.22131035426499451324,1.20223523171244939256,-0.81097956487820210825,0.99124010582035182448
-0.18252716272039418155,-1.54321714772239237945,-1.36112345268647905172,1.41653455471873179761,0.12728814995186493730,0.58042176427095193425,-0.43049938586898961468,0.57576593053267910438
-0.16048144179318460378,-1.98604172150330704483,-1.46027965944372906115,1.15209188800281236986,0.10931986934343858320,-0.08226535320881735169,-0.03431138594799532093,0.22898456939299755009
-0.03623070774981118625,-2.12814569012409293691,-1.19917553095919560135,0.45453129994714974726,0.16792031758815187392,-0.17751707490439883053,0.22932670867362509037,0.02778587352669541211
0.19967679145425856757,-1.93333281592271988281,-0.64302432805307052632,-0.49160963521077255534,0.32106032209242846287,0.37444712676546565433,0.36952912779700475276,0.05387173635118642362
0.44315687189495323040,-1.52995229217309791636,-0.10371516100021445361,-1.37884566541791531158,0.51859636208692760917,1.15594480267877464108,0.46833178999779684348,0.30880311585513159356
0.52115882012770620157,-1.15186802869686810702,0.10104757208816224356,-1.90991005388870505044,0.69537460179610788291,1.58716107319955379573,0.63678433555326419135,0.55069895669940960303
0.34086338557765233359,-1.00563179256970913755,-0.12761237290114013643,-1.91104365046879265400,0.77711335916140833469,1.31399573905477540237,0.77310056078134103963,0.46034681088939261029
-0.01656354110950165881,-1.16239025137870166660,-0.64456413778931465064,-1.40897899758294120609,0.68665173839920490284,0.53662675738175302786,0.68696301252609415222,-0.06853071220701628663
-0.33448330213192301041,-1.56598457148478020784,-1.11762668599207137810,-0.63558474724500235720,0.45664336871792643446,-0.22373268767767240384,0.37404271872758121376,-0.81612681436113987399
-0.43634266878558214398,-2.06418767074245623760,-1.26587484122250626406,0.07358304581575850212,0.17449157716119173545,-0.56582772460048769148,-0.05051411868938665561,-1.26639219786717638350
-0.29338257681652729625,-2.43385602587732341462,-0.97784388191658389022,0.40875774827787980659,-0.02559849638414803466,-0.32080144417698380765,-0.34686602884968503746,-1.01620848268512076196
0.04302733189887016779,-2.48698660668556792430,-0.26422803604982880721,0.24965595832081541317,0.03881901915758299848,0.29783161864255713880,-0.30076787070723493001,-0.11261670922964284181
0.45158223489706333931,-2.21610145913524769767,0.63162471101212525060,-0.25276996131628914899,0.37652805653191384616,0.79627525718280833811,0.02273136653716043010,1.02116896590713412962
0.70071228649882810746,-1.81954835337549414298,1.28789443656903146440,-0.76541941525631429499,0.75550376818648945498,0.87470682672648480960,0.39725552104242195517,1.74312671174334776758
0.61738203466368346550,-1.58307463237438006409,1.32484105497111559480,-0.98122874970487006241,0.83068639131861554681,0.54515734861049069959,0.62259168221434346702,1.72245996706506265816
0.27670830589075645634,-1.64685549168180678237,0.65647337195201482807,-0.91519961666141946832,0.39863257931643464316,0.06874126192642228406,0.62419665065158902451,1.31263885493364274026
-0.06229149617326582705,-1.88859938203174393401,-0.29573228951891639138,-0.91262921668891860971,-0.33115634998325910177,-0.17263269365262776112,0.48688507431530236857,1.06434642640539811609
-0.18557092604336919428,-2.07244844609363454424,-0.86211539724670560592,-1.17339912037339111350,-0.90424698539966852362,-0.03681395475941556111,0.33309778753968477538,1.27016657225111351259
-0.10493634583769656521,-2.03427887696464093636,-0.59897177853097260947,-1.43150989573252851450,-0.99248209995750236168,0.35479733722147344110,0.22729007282428259629,1.81545962519379266986
0.00870558693340048317,-1.80696252497810916360,0.37882125812751410443,-1.20928137018658565793,-0.60508938858146910089,0.84512101162691777301,0.18543660416964541371,2.22860120297149499891
0.03859837668772043290,-1.57365912181282108229,1.41316773792273608912,-0.35009126972341142459,-0.08353555317540208025,1.25020731596246692519,0.16502933829674074073,2.19262433857536898074
0.00322886236168624160,-1.49928014395146935733,1.83253289529852469997,0.71865529210095724366,0.22348558148908359566,1.38184459352020505563,0.12005156473558675767,1.79321690937239952568
-0.04979923796396241997,-1.64726589679671020505,1.36737717543864922831,1.36930681142877852530,0.17575706477779107217,1.19936497090132299093,0.07069050280239613793,1.29855062621812367141
-0.14762303511458160776,-1.87474743137287824801,0.25021828253944267129,1.28824170748102884154,-0.18918059418073621125,0.87447201201796886938,-0.02282754398975339605,0.97488655795629708400
-0.29284058381189809195,-1.91259646746450839849,-0.89057940704716942459,0.55648741176548766063,-0.62830416960493085110,0.64835091488747775834,-0.25465704300347613565,0.91840313495648984166
-0.37573863678255187137,-1.65107408091401941519,-1.46670944563079652667,-0.44139272394406220412,-0.83822515677959608116,0.61179687960390238821,-0.61465316261376579110,1.09021393302786551160
-0.30799292146362905465,-1.22481957147316267154,-1.30221074712535656026,-1.20837159325810983290,-0.71989645931762524800,0.65862447674607871306,-1.02412303240231516988,1.41036096752770001572
-0.13053528088945559604,-0.93318732863377473752,-0.70340498518556315855,-1.42566042131155223949,-0.40603509971865858752,0.69118557605930530663,-1.32252481404172184121,1.64893981679657208872
0.03639776161311566310,-1.01536147517673969176,-0.19933557834051157664,-1.10738154468146743348,-0.12264314493121845906,0.79683131406143981046,-1.31182378300282076466,1.54859404643896070297
0.09507696285231261035,-1.43777000980859726020,-0.14459745432957160638,-0.59137991233438524930,-0.01842879506422945984,1.04433151407752777828,-1.00761526330422546138,1.06982936077472801095
0.03220052280867589239,-1.97607114823810814386,-0.56047113579577423348,-0.26578616296851598211,-0.09517831509774286880,1.27820879293126998810,-0.63931161805679648236,0.41300227041882814349
-0.11064555281100328654,-2.37812833544604274039,-1.11670070765593143491,-0.25268641462940621967,-0.24751933793981062415,1.27839365130381055202,-0.40827039115474528241,-0.07448137319330730421
-0.27930147562323304200,-2.51367285896824466107,-1.35761208053564641496,-0.44832168146063028358,-0.32246997187214848646,0.92434408065987361258,-0.35721110708447278981,-0.14493833787696941418
-0.39857681847901071936,-2.42373378832058339327,-1.06687289585071098941,-0.65816630280403010111,-0.23542150566111375021,0.35869370716309867397,-0.42046940701998569700,0.15731470446758674675
-0.40022544999373788066,-2.17452830682150155539,-0.32979223595218032372,-0.63277752397865660861,-0.00991834069043708889,0.06441709062333066116,-0.48013824832254187180,0.59455395823208245787
-0.31196838615714223009,-1.81746997806567578415,0.48247918942572148859,-0.23542955609936386252,0.23845706518616249792,0.42527596056693628412,-0.42358721530840659497,0.89029703535742643616
-0.27383398941489500711,-1.44356404431190932236,0.84607987804799322795,0.35147038224410376284,0.29780667390137616213,1.27410610058805939815,-0.24942740115589576155,0.85389854021284805619
-0.40002247918108935210,-1.15730005147321213244,0.52248017272761204666,0.71958247061896996044,0.07368118235480274059,2.01977825241943031997,0.02118207065038649195,0.49612965008227549735
-0.61971626379995570222,-1.04441283599867151821,-0.18311190715866085266,0.57752772482156800038,-0.21259520805828666101,2.11079549295731672132,0.41202960110648151337,0.02043524803135370396
-0.73344997977109482878,-1.11903060021918832057,-0.63834343055112929832,0.01412263524204482833,-0.23620249653029190551,1.47366354178228453620,0.83426078943441817071,-0.32311438203491027465
-0.63792217995363331706,-1.31139968717146482291,-0.38086117716757394991,-0.49979928833804238009,0.09710656089260565060,0.56124931281138379369,1.08991969532469323845,-0.39532634313988895824
-0.39654183490961120162,-1.54270262775568967051,0.49468400079659879953,-0.47033640148287853000,0.56595703443320610759,-0.06859055186940384019,1.04733324773526836893,-0.21356033147164760200
-0.14923869466296030284,-1.72968694051025151381,1.36771801657490099657,0.13454105462899473844,0.81178930788750514047,-0.11056503076970808364,0.75573973086341839078,0.12316940007404242330
-0.02145863657357268903,-1.76958599461774768180,1.57820510367608091151,0.82755332585811580692,0.64207055776861754470,0.38705867889110168178,0.40780277884636284558,0.55300392396104125492
-0.03340642389091960651,-1.62502032064034285241,1.02798189957860208743,1.03275667732189369019,0.22229420424889759222,1.01570436670946628865,0.17585810854056410646,1.00655745340760738316
-0.14669965579188293248,-1.35537384438821062460,0.26295679721304393572,0.63618603873667778359,-0.09517700398784993687,1.34120941263504533936,0.10449551599648662648,1.25987744515839716897
-0.34413226448152817172,-1.08151452870845421472,-0.06175223544901232292,0.11528345926318987746,-0.15151449308957068429,1.29951614073136023642,0.10249639016736541985,1.11016899953212710983
-0.56028733141204833945,-0.93557620611212366502,0.27431410764033881122,-0.04826278529618656388,-0.07921222573133794576,1.10419715855581257458,0.04409567517224545485,0.64479067041781834568
-0.72057334358455205070,-0.93966159951589467436,0.97507936765937974766,0.13840208261601155693,-0.10645953756682786928,0.98687158750652193007,-0.12792407130103988777,0.15250315997538119173
-0.81652986089805279502,-1.02711116369012733784,1.51385084790194635040,0.32907371305552357565,-0.36215739658474577212,0.99637261680914923634,-0.39254373620209925821,-0.11292336223740040424
-0.86684135258507000188,-1.14935876638261347260,1.56228880646899481732,0.13858509988461747975,-0.71699240955968945865,0.93313672674724068568,-0.62729173197159182607,-0.17249814306862396029
-0.91570808941048875695,-1.25450514196252393972,1.24274124022823406754,-0.53226497488696744576,-0.83514296653771125101,0.58812348740190634189,-0.69096330774393588392,-0.31954795243662686977
-0.97368993999060959865,-1.32070744443477638974,0.86300097478148340979,-1.32634692778068941088,-0.51544272336265717360,-0.02027649717168845608,-0.54814968201312552765,-0.70914480046481387365
-0.99670240076101868087,-1.34811875758396260139,0.60866242064352193974,-1.67558474936217027818,0.10493419387587228642,-0.57943773010385746236,-0.24873500761050579277,-1.16241217900333948521
-0.94363736275996301650,-1.30796835108158382432,0.51311008468681551520,-1.23604227435057301143,0.65065611133667455857,-0.66568492493886932682,0.09548722332788871225,-1.32470206762283826407
-0.74534885349246016162,-1.21995082928401266109,0.46252381664780028991,-0.33440335282896060942,0.78430723370099497682,-0.17112640730919889687,0.37300504400972545049,-0.88580307306100203313
-0.40258912876815466930,-1.09319571577374174964,0.41407660431279319502,0.18839443689322515896,0.53715275231350290142,0.55960885116539083040,0.53483642050557211878,0.09434590260014767693
-0.09361229741713743280,-0.87040002347859923848,0.46665516102359982931,-0.20692417392360690220,0.25486090061163235720,1.00062031380677796122,0.54111621323742487011,1.12110867816615344950
-0.02750694133655269200,-0.57708325603666765780,0.59925800725783462397,-1.26667253913898614215,0.19841129464427345597,0.81383772746732696568,0.39838707119839056325,1.62982038187320421585
-0.29003811797926698501,-0.33938039700905431317,0.71486606688141884902,-2.09697453228427566074,0.34407751461466307141,0.12067226073429163091,0.19561019684409258756,1.38232743090430654220
-0.77712699371992233210,-0.27523338978603723026,0.77741620799503552419,-1.92667824275185117777,0.44386983332805884928,-0.59359157281162466813,0.01297736604397284332,0.62964473613063209889
-1.21060620856459255634,-0.43046999445009087593,0.82144322564292771016,-0.82368413862397626968,0.30441205766051876447,-0.85434475289369460338,-0.06227127300259007597,-0.07655452687136805878
-1.31073537983551524633,-0.73320560017631375427,0.95110215329812786145,0.50465837926574652617,0.02141228167023379383,-0.50305551795970770979,0.04365087317277160928,-0.28147750165641954867
-1.00790681440633078658,-1.00038861618553975852,1.17869241388018597405,1.28791755941639762817,-0.19037726976985777649,0.24210777369566816031,0.19648499445770151173,0.05049548643938937126
-0.52718887644681033944,-1.02111321458432646736,1.41963592622139467281,1.22709678366375896097,-0.23051726984417067468,0.99118995676312959819,0.11297744823050334673,0.60113624118530362139
-0.22953629018360283132,-0.72799689620301033521,1.59401372955068709736,0.68709238757698387623,-0.15816331752793397203,1.40271259465580944159,-0.32462075812670676545,1.05938268493719034424
-0.30047716606884028456,-0.30896894748017283971,1.60236067247283631154,0.13269819255635334487,-0.11590605469825109031,1.29918421198141453843,-0.97708308290906176197,1.27398607241810135626
-0.58612948320729707508,-0.07900506302578264028,1.45813658918178967738,-0.26729901471550132630,-0.12754965771083937032,0.74939067818687998823,-1.56282094870521737207,1.26212226963079232611
-0.75869647164411635476,-0.25387690114157213106,1.30602490279599248169,-0.49860252753547301685,-0.07143393541890225018,0.07875084626129121024,-1.78278192160191828464,1.12032762467997892841
-0.64077157748600899190,-0.78980461781043465042,1.24087453706203265646,-0.55020907593235257593,0.10960610971270806635,-0.26744017760653410187,-1.50303833195838532077,0.90072293379090662135
-0.31538246295685090637,-1.37385579121247602963,1.30946693894450616469,-0.35783169129633118910,0.35857356688690550373,-0.07585386727491041925,-0.91346226005299346884,0.73637476564344639396
0.00306134425888013881,-1.65633751485845270857,1.48660085237964545435,-0.03522048529691447494,0.60263893871817186820,0.42785388904144061595,-0.38201948689121750791,0.73755312910385051328
0.10754936873369086436,-1.50386367149080402150,1.64449853906917797808,0.06927945967879270417,0.77157886083178961467,0.82053583654041439832,-0.09914406716114135265,0.78452427474115349337
-0.09458739009639623163,-1.03867980157146821973,1.68101888031448276628,-0.27469411383897346379,0.79870299459688676169,0.78279915540739131163,-0.01783732238451302132,0.73134349763510508868
-0.49213816337183391436,-0.56600179882865320202,1.54885996739692166635,-1.03076082758092724134,0.67553137932361151385,0.25592484223924150122,-0.02320690289022058622,0.59259257302959500446
-0.78794479177753595778,-0.38643007298083653644,1.30473456965760759019,-1.79781909566642839060,0.51187235917579154698,-0.49368075697596441875,-0.01795852240228455743,0.58454871711441180882
-0.72215461474008824094,-0.55621980269405890684,1.14138520684715127906,-1.96076542394318331652,0.46018515113322944199,-1.02217227004100008614,-0.03009190855777661017,0.92498569385260354103
-0.33835172059520590704,-0.88979288318374749611,1.13898467582503992723,-1.33146554791672011575,0.50310104332326976984,-1.00677485061946603295,-0.18381527927527063770,1.49388418848353232704
0.01954906131408571529,-1.14098401963873441467,1.17565567593191677709,-0.36130696421685082331,0.44621128028633677554,-0.47534119953226994237,-0.45344189182060856691,1.94783551060796700227
0.03797488196133932958,-1.16966973859470191321,1.15827033456040795478,0.20491540393500767836,0.19137079154982250540,0.18209104322800645503,-0.62967417129926184227,2.02796648371271892586
-0.24017821939807060261,-1.04461245536802360689,1.10236090703351696796,-0.12472706251612657169,-0.11037005403745495102,0.51736576089101982134,-0.54156498671067043738,1.73029774481858411583
-0.50362444246944937376,-0.97107599924336540642,1.05186070480159488127,-1.03077443424272163774,-0.20584134560884365106,0.42433454323209296444,-0.18230841700571531749,1.29754345473681875767
-0.49606560437977703648,-1.10569509679774258259,1.05622646407209641595,-1.57775497707556122684,0.01628950416599074871,0.13165186997773681288,0.26028708203886113948,1.02622516598186486192
-0.20443915662529035804,-1.41296936650991478146,1.13128763587483582853,-1.05744668492317006603,0.38324549843340532940,-0.08198430592875137479,0.43083573800365637663,1.14172317050549709805
0.14680458998103004808,-1.67049131249557802903,1.22017874861350095195,0.36082859407966749732,0.55691898482716406527,-0.06753007505361381668,0.06436266065154278015,1.63674090645318637272
0.30380731514661940551,-1.65656500872454914841,1.25437884233725283067,1.66943615138573475676,0.36750100810285862840,0.12598594733004922497,-0.72901180566252055115,2.20115179317039899587
0.15124632364302131871,-1.31372246640044298971,1.21780154728941569786,1.94932845138814503372,-0.06160902505072818336,0.43717152256906299801,-1.48207864976765257836,2.45190899301281994838
-0.23902521193003023470,-0.78612368578206126557,1.14779815270015728146,1.20156809647908358052,-0.46174893303271147271,0.90993728227016534849,-1.71059440992033162665,2.17982707528116526063
-0.59230238457017936327,-0.34235540412358461682,1.10937255245965071815,0.23547849272959683886,-0.55692616012192330821,1.52370404698221473261,-1.31065124762107898526,1.51092066454399298614
-0.65383688427229280649,-0.16876915114301660470,1.10079086440587325946,-0.07474989102674825525,-0.27272401916084304530,2.12970868778878008598,-0.62532617784930821792,0.79896604842073815078
-0.45490155934633796919,-0.22673743317718392243,1.00351456649811665578,0.30411095719203062870,0.13458990320382446804,2.41953866223060076734,-0.17074155577800487205,0.25376755133409067966
-0.29425544946461290596,-0.30995636090641848215,0.77462958996633390907,0.58883575088094186611,0.34145881700503355471,2.13809616624915133087,-0.21289680400952482042,-0.21283657105346276417
-0.44200953527641884122,-0.24314859767267887891,0.55263509137670840943,0.18597740461637840559,0.25362530218869056009,1.45397789639171115539,-0.56558017754194478410,-0.75011071515013982847
-0.81809721521333822469,-0.03583355887099453491,0.41166670427055063186,-0.79797960996676953194,0.01315304997452203771,0.86575978019391452989,-0.86567779071108708067,-1.28997822382452986822
-1.09112758314242364044,0.18154547857251646104,0.24802504237069505910,-1.74546172979199853970,-0.14091272255630932220,0.89050580310248572680,-0.86677677704278011106,-1.62275190004376534958
-1.02318912434333997297,0.26549137424928259676,-0.06713843352099312101,-2.05910955389402117177,-0.06490571168569783667,1.56760388388687266215,-0.58665481766481542003,-1.64089158149677860621
-0.64433556008855641384,0.11420691748204549187,-0.58192104817929068972,-1.73396168964027164172,0.17844310300959290161,2.21928261214516497901,-0.33409750661622328316,-1.45251982049708616707
-0.23142438014831639981,-0.24159723000822669325,-1.18501526096080800343,-1.24738508417969962139,0.39894342709441477091,2.10857763560061783892,-0.39272065673070727376,-1.29746134153325876071
-0.06939583548463243434,-0.63492766853615878464,-1.62258897609021279784,-1.01791101429978114723,0.44513082895499689329,1.06025938112020923221,-0.73135142669860908615,-1.26504891064846947124
-0.23600211442690605113,-0.85006165716744352956,-1.64201311835865459976,-1.09164416303621081283,0.33187399950464613330,-0.43501609483350789365,-1.05539318400132597908,-1.19510536121811083987
-0.59179751659762958038,-0.74475945675427324133,-1.14966528449169591575,-1.18154477310593009065,0.19302285112861150562,-1.55010016939911654532,-1.08751449778185471651,-0.85852912624480615111
-0.85308024167994644937,-0.40600565975883490255,-0.34566466429884684652,-0.94842588475299682838,0.11562104196849272431,-1.78375618065484831121,-0.85280057477201987037,-0.16532152732857177679
-0.79920681661652293037,-0.09697583642455072372,0.39749553467141207630,-0.30469258533350179752,0.07616336702192559593,-1.15531479059610142635,-0.63584577663832431149,0.68038512914133275622
-0.46361288414755780218,-0.00404881278376744737,0.84053415791001095947,0.41311432342374182491,0.01753845390938870569,-0.05784755986499475616,-0.69601250631389355306,1.30496028516201678649
-0.08676304551032139323,-0.09892556418944496721,1.01145624280492008040,0.66694519571664079294,-0.04690111921701119874,0.94117087125994014496,-1.02745882335780347461,1.45618759328800950748
0.07070800086457257327,-0.18228397232036572251,1.12527100432015214615,0.15088899459731125452,-0.04447733112272338196,1.47577243313318251516,-1.37410087752485510215,1.14166271482484948940
-0.07292815178113856711,-0.07656295401016284530,1.33300177351771220735,-0.96064426278938419568,0.07010924375917526596,1.47171496725214834278,-1.52976150353290307748,0.65378772090799841532
-0.38728791793711464519,0.18072637835620056213,1.55239944154205811166,-1.98978556609766532581,0.24425058384104428311,1.11983909535456249706,-1.51848319820306576489,0.35904297218371700184
-0.66174557386992061137,0.38369839537709821142,1.61677652255493553568,-2.27626000438447695373,0.32767504110496842307,0.79078879042512473241,-1.49912200492839486898,0.37586582899080206444
-0.73048296163097226064,0.34115160220213008868,1.44343836148452897561,-1.77166482191518004363,0.24835822950627606254,0.64439762805961275927,-1.56357094036799626480,0.53628334189729787163
-0.59658800505963149874,0.01124284423674476278,1.05757830607682334900,-0.90381447831821648542,0.11919022765385868523,0.58210814867536908590,-1.55922211595814519391,0.52102396686708651874
-0.42780431443671479430,-0.42881134002355758561,0.62497534983530855790,-0.16770124624001142566,0.11612234631100297466,0.46738953788484649543,-1.26906568260983831919,0.13077017144117805691
-0.38683515316870725753,-0.68995324690199832940,0.36259992395238976881,0.17375462607847952379,0.31769030637599765532,0.21321990397008638851,-0.75621834164473766826,-0.46189312167521801022
-0.51769645963860833060,-0.64307165354071027519,0.31753077243664251661,0.15294867256921046428,0.57472729934910737892,-0.05501723373022941038,-0.25830559286720183865,-0.94582986004061209151
-0.71439369104691607948,-0.44676217959174341354,0.38035765880169114528,-0.06396128322547547929,0.65915805383635195369,-0.12447638671914902642,0.03955117453670875527,-1.21162893752424150051
-0.81046425919927345127,-0.38127220142875228870,0.44800405944859017504,-0.20425041755309730762,0.56300077605393183955,0.00670571530633286284,0.04337982922920886192,-1.32336682970083430178
-0.76592250320527077712,-0.56077561545994780712,0.42114500072834010203,-0.03337207054962500197,0.43753115093289657311,0.19816505018414556916,-0.12600274567786323709,-1.38796507300077975877
-0.68367347212004592194,-0.77628591591888118639,0.20557939604741726214,0.38227438976310901264,0.42537909541306034855,0.26889942488841944712,-0.23177903095683588530,-1.42732449686359874619
-0.66195361681646325280,-0.66380755480850317518,-0.26094368641637810668,0.69424434449622007826,0.57808860152424323964,0.06485045683597469302,-0.18957728999000894587,-1.29820659723773146332
-0.70214977317594950978,-0.06705485719923243160,-0.99022663199914728871,0.54839474849099467679,0.77800000845956907014,-0.37942896933282788119,-0.05908768047550969071,-0.85446343099579835645
-0.71537724393077684049,0.80224983971596064425,-1.78619353799768698643,-0.04939099398000303121,0.88494330916528429753,-0.84476890406057802974,-0.00237413558213830922,-0.14894028864960479064
-0.60905865860160801617,1.50595367257533396810,-2.33799699084977996577,-0.73499022720787965390,0.87615033169823830494,-1.02315664518867799337,-0.12764008991584124830,0.53606963742758551028
-0.38418429639336171277,1.68269772241795290135,-2.52221326733676765031,-1.13253145441727065545,0.80856349890373901967,-0.72024839463238521375,-0.28015361310680542140,0.85887808549063482388
-0.12358589393736831019,1.31966279402988617697,-2.36778873755074581453,-1.06546476426317360264,0.78259817328190173225,-0.13968051177621387815,-0.30702506657143868729,0.78451961083453025658
0.05018690841307418826,0.69290452841521821270,-1.99850863214193474882,-0.64354832684917040453,0.79180706553903112965,0.27109446022188976588,-0.30700192866253650514,0.60146172543771558860
0.01794961000317638750,0.06951104015244903567,-1.63128345353499115689,-0.11076965407153453735,0.67347527477635160675,0.26776718391179138434,-0.45068213094472048263,0.52370248588000101186
-0.18760929177279989100,-0.43832815582263962018,-1.35608169758413299455,0.34700575200170735712,0.37463787960211747396,-0.04103269708778690267,-0.78435602191546982542,0.57089583899930107513
-0.35043045140174194918,-0.84017225624039904019,-1.11056518290553052353,0.44794892639158473413,0.06382097709497643045,-0.32050850902443744905,-1.14949488950067446602,0.63457396662807885601
-0.30081695384543755134,-1.17863352514307750951,-0.80573456702383905448,-0.10576953250315228316,-0.09596468499393770446,-0.31380161937723594079,-1.30149703432139318693,0.60574793562764228660
-0.09105093002825347115,-1.44941701984853210661,-0.30855671896419972766,-1.19895839303795126440,-0.10000131829839882525,-0.12291355340939218166,-1.19278642989566607824,0.57917289005556016335
0.10035564564751356387,-1.63064640523876414058,0.45484685573510436063,-2.24312816921521296365,-0.02234797061911936514,-0.06238123328543323382,-1.00279638904815748823,0.73096377546531665637
0.16035093518166571025,-1.73744394303216131981,1.37475939822554171776,-2.57138139907305252052,0.06207385607421000984,-0.24896434925825808304,-0.93002347642064331357,1.06061908609101473999
0.08889658196028604742,-1.80678432719645387650,2.14968254102985412146,-1.95205267258303050149,0.07747764778439669708,-0.43913938818888248461,-1.04027443833059596301,1.30263627005588999985
-0.04973141738268726381,-1.86358755882980764440,2.35248350106200199150,-0.76986550700875544528,-0.02500695592100195611,-0.28965733950913524763,-1.19513882901875900799,1.12608997434344892952
-0.19029243606646192855,-1.84288989432219429965,1.78130877697860001696,0.32367021477701929388,-0.19642779332015830596,0.24004484482010846058,-1.19739909792543963718,0.54068790226094631812
-0.31034528724192073090,-1.65141564176893007598,0.68309452086439770291,0.83500818585597824661,-0.28132549211483981466,0.72805358672852438229,-1.04588690806517892185,-0.10890014473090660341
-0.36555793761051885715,-1.38056264785497528891,-0.49889150645939062123,0.68815320004596225445,-0.14883845874810577858,0.62257061104977473587,-0.85465768895781635273,-0.47801332295176490739
-0.32200485263733796826,-1.21828347696582484083,-1.36901709660881376607,0.27306241440363721029,0.16686889788485548269,-0.16134897115835597492,-0.71426767839626836842,-0.44275924839547553535
-0.26239559895785868893,-1.23293154980002217513,-1.72939500217888619815,0.09550046274797521773,0.48776068007416994998,-1.15804121038815632794,-0.73428976866818218561,-0.19215793966269570370
-0.24210798504852101831,-1.36043983851966210352,-1.64160564787592688774,0.31064671949466360346,0.67396587828513199181,-1.74641712738286059015,-0.90945816048939676079,-0.01234427147941304960
-0.19587542342423450159,-1.41371690822554008093,-1.29459031501757215743,0.59859174319191776892,0.71673743396369826719,-1.51605185521580221319,-1.08460300819411425977,0.02979087351929564365
-0.09718473157227040804,-1.22900501965917774427,-0.96364505315010995368,0.48687391180333422502,0.59126741522935422068,-0.58353844924837738883,-1.20612731154385555143,0.09492256029635530445
-0.01718476710972946866,-0.88079295604446261603,-0.91785459154995741038,-0.14896787506072178831,0.21720655946306927087,0.51670878042373691308,-1.37860695245016584565,0.35847613836330494141
-0.01320978145168161602,-0.65440029784737407947,-1.16061104657527436324,-0.94647834894507198999,-0.32731795475096697734,1.22265045511885683815,-1.70512169437181815290,0.77058386660460276296
-0.02743327817791618023,-0.85025050720993300413,-1.42276867200023948712,-1.39913654400718567850,-0.75659993989171625550,1.17101044835310008629,-2.16889279888390840156,1.04746428276261682733
0.00933312661499431651,-1.49767025701825340356,-1.43692066576613286522,-1.27754314282082681586,-0.86216461410481748384,0.50186855745990588407,-2.61815515146983868178,0.90842971080721124366
0.03380394814927545344,-2.24672074795000975556,-1.14963181386762092195,-0.79127866402265145673,-0.71543135795743051375,-0.23787439806026183797,-2.84678178367901413282,0.36817375828403881011
-0.04025687769800478932,-2.63462752277843037518,-0.68050109844846451423,-0.33638726213765324236,-0.54724557029504050654,-0.64640975308663473076,-2.71497667582461499336,-0.11220076789802019279
-0.22582848151887613408,-2.40859203600738913664,-0.16164699440679544673,-0.12069083719970045976,-0.56517350109352926246,-0.64831038510856497936,-2.24733702447546423997,-0.00257428916451585147
-0.44863993111260508373,-1.69921835881824900838,0.32387622014847183838,-0.12736869747175744161,-0.78670050709104710762,-0.44887996378600225622,-1.59567541879084573431,0.77862929343216047418
-0.56596558769654359278,-0.94526102852518822939,0.75797207310674807879,-0.24846212643043683044,-0.99037894293024664183,-0.34018355688747575760,-0.92802385547926236065,1.81026070849989539902
-0.54020577903064381786,-0.56531247902467240962,1.18298333355068585604,-0.38817714594844043852,-0.97939290477233087451,-0.36346683971900445309,-0.40106133248862613216,2.41382979738886893628
-0.45707787365524293888,-0.68423965515289308925,1.60101605008521441498,-0.55809906584234880711,-0.77110968484711894799,-0.37047633729323753426,-0.11700044007395837831,2.16886024837829971545
-0.41306239886073825573,-1.07934102149748190058,1.91057618558409103571,-0.77488332299687723292,-0.49169588646158818301,-0.27924708085219462905,-0.05738360110174967055,1.25163385578335795145
-0.49046512885817167282,-1.34909827478443533622,1.93397264894126474921,-0.96071768496756126954,-0.23675565525160835456,-0.16348479276631772139,-0.12246208644247633113,0.15609475766236263761
-0.67638075417751353235,-1.22706679394190443233,1.44817264130981504522,-1.01727949929072458701,-0.02689957166547857562,-0.17207176550257377579,-0.17848369511166869983,-0.64160627898652178303
-0.87567448019952631721,-0.73432210735117875444,0.37085346320874118531,-0.82396277717781174488,0.09344000025224429018,-0.27071235867564558131,-0.12800261531772799684,-0.90309331467883513511
-0.99442200658683788106,-0.11285503934443780194,-0.99841720218350715754,-0.32050720557992018467,0.03753093175827149075,-0.23455115745079577194,-0.03093990889687212725,-0.73009184378998848164
-0.95442234209880283391,0.29733628309298965053,-2.10357708529604314762,0.28539400821556371035,-0.17040632283673695646,0.08262719140966535980,-0.02311456498520676750,-0.40482956289430527264
-0.79520981609863916617,0.28325846647787661370,-2.51194776054375923380,0.55409292687843469949,-0.42058930894400492484,0.64193778310431315326,-0.17348477700599485019,-0.24094410306155780721
-0.66103271797268725596,-0.10831462621200871332,-2.21710274834599152527,0.20269649667432729223,-0.62587268678539842437,1.16297459414264725552,-0.51623533117734154985,-0.41767518361023697748
-0.61257397268442070892,-0.70715723784050665834,-1.67630966291776584143,-0.51611477718433562689,-0.71063503629057700461,1.20779343709064201917,-1.03939845352125637135,-0.84161277738414752569
-0.59364853478843881973,-1.30365898391185330851,-1.39088735505620619826,-1.00722460737062413649,-0.63142233768064248700,0.57986090645851073866,-1.62364932997466726583,-1.25647007273777377989
-0.53374269915614536153,-1.66961069401385020505,-1.47089487619120107276,-0.89341228700083552550,-0.40952618491211428831,-0.44419221280692905429,-2.05739565879094898904,-1.40537410091369308063
-0.41524308926280179000,-1.68519587118367053513,-1.70518766128630505641,-0.34115974977577245841,-0.16173458931549208883,-1.29521559262940066937,-2.13187194455900685952,-1.13178693673685493160
-0.27616880706730251305,-1.38415259780315880178,-1.80926852443047514463,0.05211811427658410295,-0.05339910527672434709,-1.47193399807119318368,-1.82825264964424905045,-0.50885667339915063856
-0.17831041032971642335,-0.93486733150988865493,-1.62918192034073139318,-0.14455646419100315336,-0.11869245971058613176,-0.89130320380658334400,-1.34760062957506820958,0.15044739922608410532
-0.16481570734718251070,-0.58149608566331401072,-1.27920909922493497568,-0.73665512929151222288,-0.24905359476110744410,0.02839315993745186034,-0.92057048060073065621,0.57837354861750067681
-0.22513877315333813423,-0.45874884199063964418,-0.97259296258539096325,-1.16155566915429764308,-0.32225176935038185588,0.72794306140720765885,-0.68475982957777292714,0.68563287855605448140
-0.29623499236605893570,-0.53946807554462106182,-0.79265616142099182273,-0.95921090194942426610,-0.25223668221598288808,0.91944069805597250511,-0.60274222972825286515,0.47193146586310585899
-0.30080665332808248502,-0.74152214028669150014,-0.66947443603645151455,-0.06918518183413416289,-0.02676333359019411259,0.65779411144953192636,-0.47580860675287478534,0.07633407575760986497
-0.24146612734717617932,-0.96031224803618275843,-0.45411080912246226671,1.03953302517589540876,0.30866417372598797808,0.22200939049788809276,-0.15529131766644591051,-0.40839594195512124442
-0.21270548140414707872,-1.07491908418122728008,-0.11515937776548297589,1.60099503620021943462,0.68222714964941755245,-0.12020087635494751399,0.36274402555559137618,-0.96507451400007515652
-0.27143826299948659031,-0.97516592891603304238,0.16077240151722069217,1.05837218469967186962,0.97514456772709445787,-0.32237665970215861888,0.93089080004373347954,-1.35191670230519789264
-0.40192465510504649107,-0.61715218956822681662,0.15100683416645316326,-0.48849699862645779014,1.07216041986537491404,-0.47725897961311392059,1.29834870447343608824,-1.32697929225401844988
-0.56716478814178017398,-0.09917400376154714148,-0.21134593030891038468,-2.16261074713120216018,0.89855301039372381666,-0.65883016301925678704,1.33198349705608487525,-0.82827014120107544937
-0.72351134939871086793,0.36633523519588101491,-0.74152822973983811838,-2.82493168490858481690,0.46851833535863290914,-0.84026027134269942742,1.07370265879437032375,0.06503992400872934954
-0.81454295049189051614,0.55262744533553520565,-1.11124908318425874576,-1.95977290491111877380,-0.01808658368532491817,-0.90052586803343892541,0.67026283574121769959,0.99721618710405468544
-0.76589693503746680836,0.31400479943719572518,-1.17941144194221569919,-0.12844812586259540810,-0.28563268451667378489,-0.83452357223714734857,0.31393306045579627561,1.56553129365576637611
-0.55801631662002471046,-0.24784614794209680610,-1.03946235345303206188,1.39152044615587788812,-0.15345915514931193768,-0.85692000482716002008,0.07042236440038487921,1.58606211562760779366
-0.28102212707269491609,-0.73142418205548076493,-0.84760013210499451919,1.58418020773262169243,0.36132880897338492954,-1.19385185693080142499,-0.16553705526664475034,1.22429695179162267848
-0.06898428962602966286,-0.73826335236681595031,-0.79965478731179118199,0.46355068748832967129,0.97301409243235059687,-1.79351833950588424038,-0.49156870880006497959,0.96075049809690715730
-0.00091397709356525684,-0.19899989489456587632,-0.98512022428233358973,-1.09828851322456300110,1.34678312099201247243,-2.22811003851168365486,-0.81637128642424472424,1.05202288943110700004
-0.03041437164628018122,0.54226915135016007241,-1.29371527561288823804,-2.11163144450945550190,1.33715998639141253612,-2.06098638104603848475,-0.90915483461922574904,1.32391846931097734164
-0.07918338411621901607,0.91755925921873360274,-1.53904892163409323658,-2.05876626875723678367,0.96310641322285250876,-1.27490300899291275627,-0.64666268154854866790,1.41784217220008224025
-0.16951015595544510761,0.63911865687143099013,-1.47518942964973120979,-1.07819925038562480779,0.40443829146099985472,-0.20357779635402159513,-0.12765377916910766731,1.05133675949636273828
-0.31942177465347448839,-0.06529847384546652589,-0.97313315355297225206,0.18991462002286535471,-0.05096141668950224940,0.70846931769837395709,0.42412916771407838112,0.35338494912999474096
-0.46686231414259082850,-0.70088588947250474170,-0.23757095457721985610,1.02768388663571408337,-0.18870319273088539958,1.10614913537619163897,0.81353212344849001880,-0.22902074342052106126
-0.54683937573496543827,-0.81452679331067079360,0.36534489501746969520,1.08384121939046473848,0.02581235167297750779,0.88839880602274734489,0.95165137438807023695,-0.30148551275081991729
-0.50318417266753334705,-0.35108714428655118933,0.55297307643949422662,0.51055710345618221524,0.45338212622166512711,0.21171462421316500357,0.86116612428181515959,0.25923421796391116212
-0.33574484117654740389,0.28886707801189731581,0.29953553667392857074,-0.12367170818171473179,0.86564554697990958587,-0.55671760418256532876,0.65576772720282117124,1.14654210598980510483
-0.13674692477729788465,0.62424895795049506475,-0.17800596079094910262,-0.23542498510131201761,1.05270968577053691817,-1.03550669888417501419,0.48199891888554513564,1.80624267201457211485
-0.01159930639998436527,0.42513778624427250863,-0.65064792574123719859,0.25251732430603135438,0.92830390102626192395,-1.12146591311134469215,0.42817879413045367709,1.87296030619669573447
-0.04090709614440787845,-0.06856646145466983866,-0.93775565620260958877,0.96871597090423589016,0.60902416392944147550,-0.99850228450206546249,0.44508387538322474741,1.45346971375009448302
-0.21655995264567950986,-0.31690136204532304287,-0.94344935449675715322,1.45091306362670158236,0.36922874361733748483,-0.85783902758065666561,0.44988840255221962394,1.04740313694585096549
-0.38169284632136613045,-0.02067329998161781396,-0.73883692871076978026,1.34194847587048071702,0.43890635390707843921,-0.65178443836154553725,0.46082806672473469733,1.08608296620092681373
-0.37309672262325838110,0.61699526156541184552,-0.47231448844247192476,0.57538126987732751694,0.76953445040699819391,-0.24234553233913480597,0.50924982072762448038,1.56655446024762090573
-0.18469880724534473715,1.05201711262579911121,-0.27820032651235843124,-0.52493354942165093568,1.05427393514711176259,0.27442751045714802727,0.58130600334919924066,2.09367376006219885198
0.03959347991375290754,0.86807479500923223625,-0.24387483763197140285,-1.36995776785697631617,1.03450100486623708385,0.55421540388258316856,0.61048914005088983359,2.19786622644703166785
0.13496866533169984970,0.16351743239519384021,-0.39762308693332770737,-1.44474333589598291638,0.74050697886141392257,0.28810588977198664518,0.47761502626347485112,1.71870318730944049435
0.06421544808808074545,-0.56154242543809074206,-0.70747897576376816975,-0.66572981588471091818,0.42457875791783017405,-0.41625782458715782086,0.18642292781942298996,0.94702607743841982213
-0.11005066785901754245,-0.83095895935294072920,-1.10410585451811904534,0.51070744980806614954,0.26412864466036889421,-1.01295488092853536166,-0.09943053892893943813,0.31556167417953417953
-0.32840785360791641123,-0.57390810105723322199,-1.46632872529528701655,1.30732022385795154662,0.24363384872068627462,-1.03270041384647104366,-0.23075198365295163105,-0.01311564194142845509
-0.49594544274794183369,-0.11748095392346948052,-1.54089807525290045653,1.14011231011585545403,0.30888172406313829654,-0.50399917980850050814,-0.17028216346799796010,-0.12965156576224129426
-0.50725490412680418473,0.13570921924302514761,-1.14821349790419113823,0.06156814878693774723,0.41236436864930703372,0.16343766883966304171,0.00240168644548310883,-0.18361192764201275662
-0.35106394968279358570,-0.03057790147656026802,-0.44783872146944087023,-1.27828191014429948247,0.51883527946519059082,0.56956298925950810119,0.20940613238252037132,-0.32280396463497457171
-0.13043623484352198649,-0.52546797180847137909,0.16327674266198785591,-2.05434666105316399154,0.62700648468153541426,0.54140947488059387727,0.41120304696547860246,-0.57560485537859662486
-0.02603184363668310797,-1.01013920624969855133,0.35838766509053449072,-1.78564385097503364186,0.67484939921324704759,0.19000123751603092970,0.50402529023671782671,-0.82189585602941805931
-0.14504929680579695117,-1.12236522282442585663,0.20398000274805533349,-0.71134836759422148678,0.58420896911624264902,-0.15875335887869415630,0.38799598551591529816,-0.90848994691335183127
-0.40211625299568026781,-0.78060876618925900683,0.03753339109494049919,0.36398037666879601293,0.37136599437878775598,-0.22996413799509493603,0.10346839663248319496,-0.73667070981351245873
-0.59574187339188122703,-0.29758462701435722808,0.06192502369389672745,0.77702871487248426075,0.11440264959417600910,0.09301371197335278618,-0.16632874071306491537,-0.35135909285322486362
-0.55448137210433867672,-0.09220062061909727047,0.27003622392981418976,0.50962091506738671498,-0.08101448061961748215,0.69658590106482598525,-0.28105152663846444394,0.11620395646034802073
-0.28083007094642875590,-0.34527897509204596993,0.49942017694883122925,0.06931814963873297875,-0.13556093014342890379,1.14723027069353844531,-0.32962539798535855917,0.56880330563493641804
0.03025663215595600364,-0.85368176332009071405,0.60983388571593621919,0.04427985614440711759,-0.07500676590540493460,1.12124371577972947733,-0.49238298410190783905,0.90866090076328542846
0.14913095184230373835,-1.20688272656107731251,0.64604377406577240261,0.59225602832154278232,-0.00398045909180227801,0.73368684239553727533,-0.80329499334235276997,1.03715415224646734238
0.01244871814252445155,-1.21905426333737643141,0.66782996572613884112,1.28364389431678671549,0.02534588629048494315,0.24862276367233604457,-1.10417053959417366116,0.91728815131520702320
-0.17920823425978546495,-1.04147025914958724080,0.66052631938826511515,1.52954906956863312395,0.11668909475571317969,-0.12114965252146796260,-1.16106929384020007845,0.62560009648461900600
-0.15204936628296150669,-0.89004337636918817722,0.64703109140340686611,1.10579232812575600775,0.43394991696144852300,-0.25147783272759449691,-0.89848644700398838658,0.35333289049232213808
0.13584160074362575110,-0.83138392483642464814,0.70144999306669897354,0.31611200168793962550,0.94866711693732275190,-0.12805062437228828531,-0.51764449746991647583,0.26010986300965910356
0.44869084660226599137,-0.78886324630105408851,0.81141376042265545010,-0.27659767866801565628,1.34693307265873940537,0.22333124715984259412,-0.30851941169063989978,0.35351422608173294071
0.48348127032162480088,-0.68591002197353811987,0.83588493794367357825,-0.27758492756511421451,1.29124347429034691537,0.63224947041619905530,-0.40700152189700578020,0.48400422855515090603
0.15216023292691643887,-0.53230644141537319936,0.65016236904054225398,0.28021176714110929140,0.76407510118333210603,0.77297848886085962494,-0.71188540065996441797,0.47829977100561477110
-0.32831214429757826778,-0.37066837853849554651,0.27060501818741639068,0.96200911465088390084,0.10498148730513760796,0.47279041563010359983,-0.96077207559461719200,0.38801316214793751813
-0.64092405360755178023,-0.20695682767215217712,-0.09491959155276999405,1.31931287873773839259,-0.26403024267955488291,-0.08059317990208907101,-0.96448471391127499341,0.42629048268722802284
-0.60902425988870845242,-0.06107166636402522331,-0.25177987612578606180,1.24654751933863061630,-0.17451989419061117448,-0.42470923780190561470,-0.74429873967083681752,0.63756349912679077807
-0.30168409123685641093,-0.01396237071152781929,-0.24412986827490124053,0.97114047728954322469,0.17672498671445666107,-0.24774645418126373109,-0.49779701773505224960,0.84487879401992049822
0.03315750671656729487,-0.10471680257964192939,-0.16699701316228399151,0.84534427085458008211,0.44989003918345982225,0.27851048695393482157,-0.49088235472553076733,0.83891426457504969516
0.16265402614649221436,-0.25672582452781711471,-0.02201192444290032274,0.92957634273140099523,0.45893268569290152081,0.79557279636002975476,-0.76751178952167020686,0.52126909265374876679
0.03689120686331123777,-0.34057009742501526128,0.18576396214926380046,0.88459940137921921899,0.28139817665929078849,1.05864928790805379322,-1.05535489358848089125,0.03738200452157387776
-0.17545633174137642563,-0.27160384550315136432,0.36670706226250410209,0.46680185615708874591,0.16803481582842630382,0.94496996705808578021,-1.04508897272097223130,-0.23527042540200809873
-0.27488046347417249837,-0.04903062492383990917,0.32961932043213709731,-0.20195055420162477677,0.28344939770367244547,0.59514729886601558384,-0.68060506477751980814,-0.07545344191703323711
-0.26793859161348176912,0.25766281899611914730,-0.03966013479995082053,-0.72741706395548710873,0.50746636722462112878,0.31950842144052965521,-0.27817729852028771909,0.26873436354632640466
-0.31738470366052823346,0.49930306594103385232,-0.60612127498946799520,-0.69335377192204605823,0.60144909906006716049,0.28328562395562667531,-0.19941876940065217383,0.28170777976670935416
-0.48780250668796409919,0.49161388260797961314,-1.07820845770955564547,-0.05760341366842571670,0.51975378740789868193,0.48038960402012653716,-0.42340432294632746046,-0.36283491235742343362
-0.65130582859378738370,0.18150630000136153130,-1.18989774046392859930,0.79730379902687087412,0.44812050511933859687,0.82663036856975524724,-0.61121537599711939226,-1.45789706818986153358
-0.65292690203845138441,-0.24578518052749884215,-0.86499951899081839457,1.34616860012180428186,0.56443668416598458126,1.23636374898012246781,-0.46041625398516400347,-2.35155923435482083761
-0.47053936173089017103,-0.50829029953927085117,-0.28752732224678478890,1.26023580541271718047,0.82585543300379360421,1.59356176419416240009,-0.01994452434017193743,-2.41779103247205462424
-0.20654567673038240483,-0.50419695916349438480,0.20817578595431324162,0.63653441215262673847,1.01407098210750423739,1.67342127633200066228,0.40954814810019551929,-1.52962321629888231556
-0.00750345807171271927,-0.40572680561621365936,0.28475194280578680628,-0.17289016697390841015,0.92513377849647682183,1.28975519762318113770,0.57219687110518169249,-0.24412963027079273570
0.04258712887505823608,-0.45656513756944555604,-0.18936233438252436656,-0.82998753602280816999,0.55815476699246380221,0.44170088275477004114,0.30363835378677567212,0.64064314917166276242
-0.02503482161501503073,-0.71024243961751831744,-0.94790607147716765546,-1.08552384680945079865,0.14980045204638109402,-0.65018821483366251446,-0.34984202980514456094,0.78994674061051362024
-0.15168332041540344424,-0.99733538324552373222,-1.54330419977913280150,-0.84371244201267625584,-0.10474057265712542752,-1.55595877568491514076,-1.08450530897232866323,0.43446933585750463491
-0.29373524695893382663,-1.06408449212317535171,-1.69386558904835360373,-0.28083780948687497858,-0.22204886232992079864,-1.83850549884650904531,-1.53188756770252831885,0.03467274452497993986
-0.39917940478741015253,-0.72653447981584184934,-1.44148349050441360042,0.16150289243729326616,-0.31116449787649957948,-1.33449352117452901823,-1.47369795420694082999,-0.02659277991599577964
-0.47578959822390642920,-0.04553913529329816495,-1.15800329953315639386,0.09166957567091259251,-0.46708073521004545015,-0.30156329250964625244,-1.04335862742358131960,0.24284578824320274260
-0.53414949644695763897,0.65418611184456998409,-1.12223497882341427534,-0.55180192657959326041,-0.60486475323185595609,0.68998348733537095967,-0.56786054908252880935,0.51553983289942328927
-0.49656198530915196532,0.99426921373898646817,-1.22694950323852780549,-1.53571010024415244288,-0.50106796121849617176,1.13138932275430148522,-0.26766963366868462559,0.55161176295737079922
-0.33988702454971803091,0.77920375107914097157,-1.26977220573171645235,-2.40721554283993199874,-0.10443098851668448923,0.95882729224294505066,-0.17949291107073400697,0.25817180418889296156
-0.12418077651121277316,0.13694635453133754965,-1.15986090371535999211,-2.68676869843055143861,0.42715138625131460204,0.51748751868865683345,-0.14306578926555596487,-0.25551519726942234501
0.08822889898685262744,-0.58466104586018141642,-0.99771839426852371169,-2.20976177167647103161,0.81834627079013033679,0.16164530246346570097,-0.01744203344217910845,-0.61261732553193803952
0.20613189244879173700,-1.08274066294445536762,-0.95994067047201525611,-1.19380273886962595675,0.83680459098126080963,0.02610374645930568435,0.14284763469226971488,-0.59431093328643891383
0.16636892109518608418,-1.25291040638406814267,-0.99562354229592375798,-0.10332594617816229232,0.53830085079484113475,0.01636613492868560851,0.21385160009319026386,-0.36905048125051909125
-0.02797398778351819354,-1.18947100420316442815,-0.93509466618924208525,0.54653749253245431650,0.15856993382640896528,-0.05112537197027240687,0.12906818281984461239,-0.27292782071331977978
-0.34000097538897394722,-1.03644542436512665518,-0.67225603857263738217,0.55107428413978731818,-0.08971973362245677652,-0.20206938529558732265,-0.01266131903061404329,-0.52953715117954813785
-0.66293322717075586770,-0.88005777098934401259,-0.23890930248123895541,0.10675057327915209171,-0.10304221850475686617,-0.30535654529777361832,-0.02406405377115322652,-1.00885868502992570583
-0.82820849384139494376,-0.79062653697526463770,0.13242185541842566021,-0.47102846376932822059,0.02499657464855649033,-0.22518432233323171232,0.15954887755392532789,-1.35323649808300738862
-0.75095709967774970650,-0.80112856881101168760,0.22319643370394512405,-0.89399329786244530194,0.11498331069861361664,0.01686166367121354204,0.43072300992689921406,-1.33058126322541792064
-0.55771606450481980843,-0.87654821256923487471,-0.05597436388833262888,-1.02299979867947676837,0.05507779209500575368,0.14807152758945676951,0.53814842615723401664,-1.01526699463122938027
-0.43522171882106691632,-0.94143899083984139420,-0.63399925562230097231,-0.97944323976163139012,-0.11478641311268639180,-0.08227852197175770932,0.30271769713153351411,-0.65635230490716334195
-0.41584594604248559246,-0.90814088750702193220,-1.22872735464053306487,-0.93492946028732715202,-0.20845516251219653459,-0.63067085596706873307,-0.17018290845083633434,-0.36473745970761861646
-0.41055471919811964421,-0.73599898551900122534,-1.55337619394017090180,-0.95479895163572947592,-0.09779924789941583929,-1.18235361746678568906,-0.60659927701191507232,-0.08957420638540501689
-0.32588902078859965927,-0.44183779963495045662,-1.47614427617837473683,-1.07340269638824903353,0.18992922849782026273,-1.33256766888691524642,-0.73407547377183068882,0.22668117937743609280
-0.17839678163609160033,-0.08514715575338904774,-1.10470212465073114316,-1.31208795667363165016,0.50073117512400378004,-0.94836266428063320522,-0.49024312378470419338,0.55224382844522568181
-0.08752253702086328080,0.22792642740208909902,-0.75173952677608968376,-1.65510184591586839709,0.61913075311114262878,-0.29133898826538073834,-0.18210974150690756312,0.72948688675525108494
-0.10573601379027898484,0.36093465886759262817,-0.64307013763772702397,-1.99042313750400956529,0.45844890319048736682,0.24675882106302701735,-0.19296993296701003828,0.65361537998411201045
-0.19483864573333334325,0.20618152361452052324,-0.71929128794092345167,-2.05818606821940752738,0.12887788103546266028,0.39301715987977875466,-0.57227675709749770139,0.38197614401215251867
-0.33072497638456754832,-0.18084387453355688091,-0.68262558514815308008,-1.61423573790458818600,-0.17895583243303625487,0.17536803644631379639,-1.05009898256883316137,0.04831055148636883428
-0.47855021942625414200,-0.59469328815274891120,-0.32398280472483076409,-0.68513006077898330748,-0.31972774513823548626,-0.12589652626009309455,-1.29501310308701134133,-0.15891325128861855109
-0.52505338895039521674,-0.86179756247629668575,0.24008275431660933141,0.37411544897391568743,-0.24574062978294808346,-0.28289537170490658413,-1.13039858535654813565,-0.05253737423621777231
-0.40844177218913635397,-0.91112202258161645307,0.69712023663726385703,1.06303042531544300608,-0.04346462994531372775,-0.25578517039695375379,-0.68411922560253823900,0.37612306356025493326
-0.24687401192205252198,-0.79293404471936668187,0.70554933700621780268,1.07045639517921409301,0.05699667847591792513,-0.12063085431437438333,-0.26503406570199594672,0.86197890933248499934
-0.19394878017264577386,-0.64109774331274005377,0.14890617759310206814,0.51706731611877909671,-0.10503298491281218285,0.02559480738330977695,-0.06841898273473638603,1.06613305205646757834
-0.27448000490177748567,-0.54137010524693851554,-0.68933866381771546905,-0.16534905722895307245,-0.43105733072210156154,0.15573883529702456374,-0.08897416580826046639,0.87366822254876519427
-0.35874485893338531328,-0.53999159180088862620,-1.33396033021345372660,-0.59946410986930442899,-0.63350610563350406856,0.28504216440290813805,-0.16650535779774683354,0.41732030094032868117
-0.28582073859728163168,-0.70678716256056040024,-1.42319519058657295574,-0.69506109116234005008,-0.45361360103070330618,0.35164496708154008298,-0.14531868578353182575,-0.10638712248447598774
-0.08800665471930513295,-1.04627503895471662965,-0.90401715468497012562,-0.56501948853958972041,0.06218223672885280634,0.25685349574142590789,-0.02402688591807554397,-0.58872887253397920837
0.04368790102045587431,-1.41090200014103395176,-0.04648265205275591699,-0.35525532553949579206,0.59327607919194114139,-0.02626853622904352925,0.11183562201149355175,-1.00553480441314868621
-0.02529404142755669813,-1.58156792215118247036,0.71604575556733141006,-0.21101571375429103994,0.85406534020578694921,-0.41841601388829308128,0.16047927948973852996,-1.31660599808279044076
-0.27529207207774364363,-1.43995527951917123843,1.02895303262144599543,-0.25489073398112471747,0.75587431092257251208,-0.69181997999715705294,0.11623624098090326595,-1.43389970472105665600
-0.53565390318312444684,-1.04053532368998080671,0.80701011743500483675,-0.55621749768630324162,0.42381408428236511110,-0.63609696476001031940,0.06197309718831783831,-1.27070641275100593148
-0.63487428719559413359,-0.55393443415165943833,0.23428377541296696585,-1.12587377808362631981,0.07631625092483949879,-0.30396271218866133257,-0.03530948298323521861,-0.86236640507808959288
-0.53168198143941969303,-0.20175550654237225934,-0.36195039071713142054,-1.80146531633220585711,-0.11021807494937793659,0.05743912341219593182,-0.19940147066590835356,-0.44145898794329513359
-0.30373392781081470782,-0.14328262571851899110,-0.71384163228986696748,-2.19136609404645277266,-0.04726353207018967745,0.20553844881939919986,-0.36000451971959757103,-0.26607630514723068504
-0.10035834281474237395,-0.36149662136946941748,-0.72008368065001049363,-1.95446042466264047199,0.20665949968947258664,0.07033411905960552934,-0.50951510249735898483,-0.41216400075085024568
-0.00844668073802264455,-0.70623798979615581839,-0.40547587974190490989,-1.11880983313207771346,0.53042504645955501630,-0.19019076763377465444,-0.57113850605602800581,-0.76954154991841161593
-0.01201281916186413938,-0.98874176180873885045,0.00788256544924840694,-0.11406491760615548869,0.80124192372314495536,-0.28132626338075905625,-0.41327346872418802004,-1.15973160955693255225
-0.08645049399542117929,-1.07511341004498350848,0.13049479146388798245,0.40031413000997229101,0.84706086470811015054,0.03303327509531606837,-0.06314879506640967699,-1.47610210603612479474
-0.20034615626676752220,-0.97170117593952642920,-0.26645946545814702677,0.00082251307690928176,0.60616275965484978094,0.63665889824915800066,0.39045869235564534261,-1.64512588986700958316
-0.30614951280135532796,-0.78746522479299596586,-1.01718005409801359740,-1.07069390914395734526,0.23069384383634644609,1.11543870227930841388,0.83367145418604438056,-1.54352223361848861494
-0.33932342481540861412,-0.65855023419178482236,-1.65255191803695766772,-2.09085927319369879740,-0.02569148421932703277,1.14620918353770262499,1.09288312184106528591,-1.18760350537835401852
-0.25412664408329871391,-0.69080393217857627430,-1.74353227648988373666,-2.28409491614028059558,0.03149837869952186453,0.72677486555252568401,1.09263979758575091594,-0.79714277714344239367
-0.12243349201008002503,-0.89291456007229375036,-1.25480767377910296112,-1.33217085572626281476,0.34650267873896262172,0.16083871667643598324,0.87727855873333904224,-0.58831461439708088168
-0.07522336935229798072,-1.15481539450043779738,-0.53114597604073976456,0.21151153953741283487,0.64036727932174264399,-0.20595316897961471470,0.53666342128991084692,-0.66750092083387591035
-0.14712709628120623773,-1.30808224104387460507,0.01719707921718805280,1.42148118752085506067,0.66243259899891204778,-0.17281817040928218465,0.22561924006888037231,-0.96327390461629802676
-0.25663310035342984383,-1.24860443252101327438,0.17448884514608484220,1.79380494845002647075,0.40099959348956598637,0.25068592564298547432,0.10814626968966056797,-1.24046160582973152842
-0.30667427060405905159,-1.01194253356424579415,0.01209409867786180766,1.35914151855000842062,0.09867503834688946818,0.74044891948792057601,0.25960875037065739290,-1.29307907801388144442
-0.25312415398296062019,-0.75777996493530530575,-0.25000832143658802131,0.48088291247916098436,0.01851963929193090747,0.89871294032079718228,0.61807498173962915899,-1.05080533992378488684
-0.11473470197321228303,-0.64429255820356057249,-0.42183675684515076210,-0.40877726535852154655,0.23890432786749424277,0.54399032801929414482,0.93898770068710624148,-0.56469496668011709417
0.02192190793783857852,-0.69966499170800311447,-0.37240685045120303087,-1.00589448329066422083,0.63040418030083211764,-0.24539301479920197502,0.93723143517496876331,-0.03128330508861992820
0.04444169039855553477,-0.84765244294029029604,-0.10285376379154895221,-1.15096202609546383044,0.94418639603523546455,-1.06861272002961116279,0.59708739136529553893,0.21830947429101371648
-0.11258380467844777972,-0.96747469729055546317,0.23030396320316043335,-0.88761879848660862891,0.99050634445239349457,-1.42650046541530439725,0.19100541988547392602,-0.03763776756981818128
-0.37411315020800112174,-1.00363460380176938713,0.42047989828210891039,-0.43829694137161817613,0.76526181669249992989,-1.12909968054019027583,0.03242278969661745169,-0.66636676706069375431
-0.51995979473585562936,-1.01042994518594997366,0.33263827920104965807,-0.01186362450871647836,0.45933568067109814548,-0.34528304326228703713,0.25457738315115052696,-1.29883950435425954417
-0.38940447336754752117,-1.02086317757077327251,0.01176906277227504800,0.23816380208791851358,0.31744532594698060546,0.58116288693261963783,0.68008456682761009304,-1.62581528004566311374
-0.04393151692620040488,-1.05259372441550436150,-0.41948522080452638194,0.15823929744367909445,0.41174956928806227818,1.27968466121242907541,0.99356373523727448127,-1.57505579663073880248
0.27085186758502055593,-1.08994480646849223326,-0.85374057286858395788,-0.22022845304867863514,0.59564120997674785407,1.47328672176511266123,0.99483531263010382961,-1.23807857839447854609
0.32745273564684546086,-1.04129677939071552117,-1.14563343206730383628,-0.58557699948999775152,0.66349762622863006634,1.11044663429187218107,0.62885373239447373006,-0.74625693165945428120
0.14109917357842000074,-0.90809608081844006566,-1.22464484726151257021,-0.61834870399060803958,0.53609052819163216519,0.37299931169589861657,0.05746277679058169052,-0.25984663885234982050
-0.09530236240922819457,-0.75631757334775262525,-1.13997255547977949242,-0.21382920952938219705,0.29230824464047994171,-0.40151939203979264414,-0.38261701168156264652,0.14689348643961294694
-0.21505211236170085343,-0.62581072087076439203,-0.97363725434463999076,0.40505033976466670032,0.07169715919401806192,-0.81189178531983619003,-0.45232775799746616219,0.44393233974565249333
-0.13406405742485061339,-0.60272469425440866608,-0.83166997702012857019,0.76085676954751346734,0.00679857958566023896,-0.71206761665249695969,-0.12943257940327085320,0.52334206538136862630
0.10310397210474439578,-0.69900368263938217339,-0.75215797551149909950,0.53906968424302359466,0.13145751360524576823,-0.33362568595700864416,0.39745122796505932827,0.37768826451094389407
0.31224228244759361095,-0.76480082299222040820,-0.65621457666145732723,-0.15347317303740420913,0.34252060680963603012,0.08287608222278884662,0.83740667945893076940,0.10067338018340804551
0.30631054566316051613,-0.63415336284093593022,-0.45825409535634076263,-0.93240637005760429457,0.50474297673260648533,0.43488017555495317445,1.05080928728540401451,-0.22006018537598939777
0.04707229328770592969,-0.28438054175743782137,-0.13498845990179642040,-1.43424463574664451393,0.54141843770943420822,0.64239411759539255531,1.10628955980615195642,-0.45620238343920688218
-0.31755354271151148282,0.09738991350241953115,0.25455958602218198283,-1.50321729937569870117,0.48177429489037482124,0.64817455453707362167,1.10631082609328457167,-0.54533085744500431336
-0.59838550417263502990,0.26979380937685659703,0.57982094138110662485,-1.18478043048328696152,0.41012774626662251709,0.42828152160316462771,1.04724951256318088433,-0.57579407913650304529
-0.73765682559631251536,0.15661051710882104016,0.70793631163821724162,-0.66920340903445230119,0.34956676179786744241,0.08047416794439930798,0.83032864669373307454,-0.71655125396201535537
-0.76893260848982558642,-0.12943089186172035410,0.54962836204717091526,-0.17024192602650334294,0.25960519964641776136,-0.19508645547001179921,0.40256947053375363721,-0.96236538427087203740
-0.69356809654050610714,-0.41846428716107086920,0.09142345979419468083,0.15656792982027928351,0.09873905140099169253,-0.27102116560022987413,-0.13326845939191134249,-0.98919203247795495226
-0.48466649192293181914,-0.63843389595674704395,-0.54752745389247436947,0.19422729112644693261,-0.11505468315481802433,-0.13311446077266900212,-0.56660226573392447058,-0.55257342819830734815
-0.19971252218818219548,-0.79873729703137463787,-1.11343338791805157584,-0.04595680884943521838,-0.31902439072677429843,0.08047102867470377896,-0.78423780601523707112,0.22843200777349045860
-0.01283604412170271866,-0.88286319330296147978,-1.32253014576448757467,-0.42457095306058417750,-0.46341014430859589490,0.19798905132984678801,-0.87237176970288232702,0.94129516105287247552
-0.02873744286605114592,-0.88435078849789683364,-1.07707663772229489396,-0.87195406278465370509,-0.47790480169314591974,0.18292085983878392241,-0.93594799168303355330,1.09204822798454959099
-0.15881159523895663210,-0.83391429921808124526,-0.57166174786886914116,-1.32807624479685282282,-0.29179368777971903537,-0.00467760726936670892,-0.96456606602395256189,0.62444327407973321264
-0.28369507839085145173,-0.73637417161504226115,-0.14290658471673442498,-1.53656992876601616871,0.02759370612271404982,-0.34640132841863319202,-0.90300244685278185930,-0.00243524790997479059
-0.38190903689259719789,-0.58625364998644291514,-0.09827535566020030589,-1.26802718143279902208,0.23940900181679286574,-0.64502739131416975127,-0.74110680474757117953,-0.31499344371299842216
-0.44261194924525804062,-0.40098560543475730844,-0.48927282846515068870,-0.66243699960429969220,0.16432079480059172405,-0.71122216996686549173,-0.51990717903142391609,-0.08189729495012618155
-0.41985134271112878324,-0.19091230111289433924,-0.99770997070406064466,-0.17631184520782014480,-0.10783773856274225800,-0.41743616345162543046,-0.26391157566023260017,0.58224206218244389799
-0.30859803238699834438,0.02828490491018450029,-1.24171628704246139741,-0.25737248427044523424,-0.35125031300796244471,0.22393315407654226790,0.03791550476879387843,1.25990287908754905466
-0.17765736642599411210,0.23534346607386660843,-1.00593683029238967208,-0.91400567340931593296,-0.36897148588531131219,0.96897887182297914865,0.35978738339695992554,1.53228195098047925704
-0.12133753220696859298,0.42823252441342940511,-0.30647948533307778352,-1.65065492098280275357,-0.08921583204523263200,1.49742474229688427023,0.58709056295872175113,1.21837247444211249636
-0.17133896536100670649,0.54775115700381915573,0.50005319642161993876,-1.92665204407196499758,0.34516525819320209578,1.53886987607490133279,0.62076818942464528917,0.50948063536417986796
-0.27392841154894076450,0.49345262053852406714,0.93635490405339982800,-1.46177960590145650244,0.68089257110880463397,1.07275847261470969052,0.49987426253976452450,-0.13746585939170241630
-0.37803731773656468196,0.26471017761999715567,0.76156138648500759647,-0.36494518262628877769,0.70200310290670553393,0.41665735304374496017,0.34234137008200921093,-0.33658270931927630754
-0.46369539458798181286,-0.03033480638188704170,0.10078247973858876774,0.79645959087546480681,0.35910877855583245299,-0.03003073533743047877,0.26075698280350895208,-0.01541184483261533178
-0.50074531699546787067,-0.22948875821397107799,-0.58888354022664224363,1.30316405693373971175,-0.12126037886868074045,-0.04673915255712635802,0.27983289621453816265,0.54091104256767985614
-0.44920791838571394461,-0.22063378368199962343,-0.84361541616220159234,0.76043086862873887632,-0.40637063913943305415,0.19569450303925159385,0.29393672882023769155,0.94817031064257029094
-0.28731593863818943868,-0.06282489514294006816,-0.56517660419929061089,-0.54313739415896644669,-0.32041475865691393388,0.28882586012913907814,0.18392682681753869112,1.02777311816509198117
-0.06229827719248586665,0.08809990519629962158,-0.03758946075005055454,-1.74860591877319859755,0.06748180936753525594,0.05065950586128904753,-0.06458665399154794873,0.81685946574853129931
0.10154727276446019746,0.14274426807137322037,0.29301477527419905744,-2.10143795055576143582,0.45289495520142636353,-0.35118073120464737835,-0.30449071365061941563,0.52329426717684945913
0.07987032720824979726,0.18453934157004717176,0.19805726922655270128,-1.48792102987571484007,0.48774392229236435137,-0.51522372798816618022,-0.34821301328368226002,0.42419617709265544647
-0.15061574280889586386,0.38426246219719911723,-0.16310776270553414835,-0.43468294719627048606,0.07587516893294951603,-0.09827645236135826301,-0.14999092698211458075,0.63962197057028680192
-0.46509765549096704351,0.77683321464052756955,-0.53884313936332861594,0.35184188917390579743,-0.54139577902463165149,0.80855318108849327796,0.20934598152265765370,1.06170564357901331398
-0.67998620138345566843,1.23366318353531045915,-0.76678495470083796182,0.50785215252777438089,-0.93597727146290499167,1.68425460221596545729,0.52236122043660226932,1.42670082147777854686
-0.68007034834185520200,1.54768221061522792681,-0.80329883286830261468,0.16051730391142410292,-0.81683012116328956864,1.96202010490931288977,0.56659920215101566843,1.51776373497274952307
-0.48910024183875089321,1.58048292170475268570,-0.73753716871580432546,-0.29479116032834939976,-0.27902534219355329403,1.52188671477076442606,0.33217532554902895470,1.36382804355180220490
-0.27654642086851671801,1.42182043477995012637,-0.60273478628075638497,-0.59160479265810450578,0.30834059591851670223,0.77308878836771321996,-0.00225507378889033827,1.13940919029670562068
-0.18167545750958918882,1.25188696408873312294,-0.37945347722151134828,-0.68957910336389582895,0.60631304222526716252,0.23887204224207869707,-0.14605027410564230816,1.01628359953111391256
-0.18311761517185770609,1.16714154037462347624,-0.13801982123708431138,-0.61496787717756862257,0.52451991916592732856,0.21958682468938581223,0.12104733851547483381,1.04178715872338845116
-0.24133242914260760736,1.17101890225371429999,0.03679461228280339613,-0.45130993933468882551,0.20667156247069234931,0.64257775753007373432,0.62423213508763897295,1.03780803520031983389
-0.35000875812324633296,1.16164265644323849713,0.14451420904524966971,-0.27024171352953441083,-0.11020862624887822756,1.14056962945782336405,0.92466271668152621999,0.80823524054471473921
-0.47706904960705898144,1.00335782091645508984,0.26472664717973842796,-0.04513420050721085597,-0.24242589526883329132,1.39806475952802133911,0.79356250684112328297,0.34701267174369543334
-0.58795857054641187389,0.64667763342262218895,0.46310102149059856336,0.27821133095350708553,-0.20768614516838054818,1.35239009567529833156,0.34889722078185630982,-0.14980593822800658543
-0.61474719709079017615,0.20664101650769736707,0.73533066902422106192,0.65793584334662946755,-0.16312096390739372342,1.16062393783359318888,-0.14138228311952494298,-0.34959670932318687164
-0.51996439270857164328,-0.06965617718489759691,0.95191496040504364196,0.89921690688333000274,-0.22050355563675319570,1.03989608080863527029,-0.43062129577474850262,-0.07117307393566846274
-0.36344004712387045775,-0.00017923318411400244,0.84206647178011684307,0.85453029982194894654,-0.34056655575791372481,0.99217538008040373487,-0.43780764765250379522,0.55850988618624686222
-0.19939105745205398801,0.41506604262216251211,0.25363586075143540466,0.63401677696558089714,-0.31509206614369827948,0.76808749430461165097,-0.26828518734268763657,1.25883806613171556066
-0.08606126109370924870,1.02051153464959609707,-0.66401102015672130996,0.46093756374907107753,0.03192140642784625781,0.17080850274795320032,-0.01698904917290572358,1.69317744237743172953
-0.09354413125634188086,1.59768704747022938228,-1.53362746765181290343,0.37992163693303659944,0.61244396534565914703,-0.66468435410883197623,0.23494444078309600910,1.64567024792517613285
-0.23589786260620004832,2.00614579491396893829,-1.94493311904926780009,0.26481709723494628594,1.09348545360302251694,-1.24474565354311428322,0.36782863506590018909,1.23574905652730504535
-0.44187206624690422707,2.16600961227314492419,-1.78990057918447087459,0.03979805359396416942,1.15918327376024854480,-1.09589687001393554233,0.41964660375703533024,0.79868697273392830205
-0.53068151761867288219,1.99077014707731514420,-1.32886301021303587788,-0.26335880855459381511,0.81112312018171806027,-0.24858160098327811149,0.53458975343969861171,0.58666044898414337894
-0.38318128184181188267,1.49837303496457585616,-0.88656671199727776767,-0.52949472303749467450,0.36140819476187197035,0.75515339503119172093,0.75600170070938288447,0.59549938282752146179
-0.10416404974795451244,0.87459081266248306363,-0.58169702748559259931,-0.66620643344000174402,0.14690593349882621887,1.27531292197062651184,1.02212894404935084047,0.64321216872489428429
0.08129213396815347659,0.36744955162162340478,-0.26571196590228113310,-0.70450012179254117850,0.25651640800562758304,1.07877014154999728568,1.15807705532896920708,0.55065001172877670044
0.03326186632662167519,0.13443832334260488737,0.24518788126664267657,-0.68037633807695196975,0.51347322710448117800,0.53951228003013751433,1.04511780151673416839,0.25242203391423467806
-0.15355063282246061984,0.15058121422881512452,0.90723276592014368003,-0.61478753070772695910,0.69899206415512116219,0.26188218511875666072,0.81271868871853047978,-0.11154395334149799779
-0.30550150630451727851,0.26238978242053495604,1.47214337701533115599,-0.57276879104068356696,0.66946658383131807390,0.54809889827305902088,0.64121760431241803246,-0.32292129328786656206
-0.38338051264146533192,0.30553776194307791236,1.71174798812302486617,-0.56958292814069289012,0.39170284307855651740,1.21968378772842434010,0.58291743162327114280,-0.34045880180861137765
-0.41286119118475400613,0.18840192173033090683,1.66207754151263320530,-0.53102680246381361862,0.01240231050134551864,1.78942162408304739074,0.53651776179868471139,-0.26041288617872548894
-0.40752037323063800001,-0.09009792081769192607,1.56374226168376573298,-0.39977095392076011926,-0.22519832029337999435,1.83180442792298392440,0.33563018238290187600,-0.21796154028441386274
-0.35014181655177945007,-0.47105572614218332861,1.57088827463549929320,-0.20612389585559892646,-0.15020604638466747427,1.36864672375407336880,0.02035435781093969387,-0.33493099416475569097
-0.21251265420775022896,-0.83797257686794879294,1.67030861991679335787,0.00769380715752565874,0.20699802054138313756,0.80672827309053407596,-0.21875824816562108865,-0.55265882297741175666
-0.03874409449361644608,-1.06981951862589541591,1.71864732213937343452,0.20401129689491842578,0.59938955436225338502,0.46377332385796465886,-0.30009105923241086167,-0.70822236249286529830
0.07592485313724683937,-1.12239704127874362349,1.54289968255866294378,0.29302793773745683392,0.74825645437903409718,0.33723839293657825733,-0.26888432413450846781,-0.72196946430556929730
0.05190276450212526205,-1.01068201094917098359,1.15367069361097085434,0.18261352479949938266,0.55605847114486239846,0.22832047757665321908,-0.24680347208580113993,-0.61845594903822842525
-0.11471108376100680459,-0.80850749406973254629,0.71099996364213480238,-0.12846150300604924910,0.19090747938317645382,0.02597881215617807438,-0.26187896259849408054,-0.55005740129037772324
-0.29706120455643370004,-0.61536034718012244671,0.30242274247826927969,-0.47027507457173373107,-0.03221560064652938260,-0.16654161048457105654,-0.25597614386416817078,-0.59504175948401771823
-0.34455304145978243868,-0.42732794772545951156,-0.11487321569343034167,-0.60215117361115289008,0.05049703705512891688,-0.24316463491290604693,-0.34609153343707332873,-0.60759796440761326686
-0.23995460769372128906,-0.16774377405721332956,-0.60949001358297605346,-0.44893758117224114024,0.32258743111641852153,-0.20043228565079995729,-0.65666449848664587563,-0.42115590999193530664
-0.07616518406093623905,0.17313386969837360474,-1.07295730694666935356,-0.19677581578002262264,0.56179043755027457951,-0.09736818170404593076,-1.05510598777368014289,0.04116136888162092583
0.04229990038264696411,0.49947853295895466852,-1.19338952086184835188,-0.18315943854891419962,0.62663674734796004362,0.03219959794803657627,-1.25352966147633604344,0.60725247102876445116
0.05098532117266889319,0.66070129946417788247,-0.75634197952001103182,-0.50929601942162139316,0.50951412612655277989,0.30261547227771695701,-1.03363974882369324959,0.86789558107738618009
-0.02050161711281348054,0.57779009168083417247,0.11846825445420466894,-0.84165132610578829997,0.32649810758533726052,0.77093012180926789867,-0.47166505081696419310,0.64783437882264305330
-0.08280633990634533870,0.32526158149613593196,0.99657445564526869752,-0.82666245820810291267,0.22691422791707788198,1.24067721243362538708,0.13026290618480995676,0.14828494851929807652
-0.12008836088613722426,0.10459679171940032549,1.40828146920215302451,-0.50554776298660342171,0.25834062890152220682,1.41601643134499100007,0.47914359926246913313,-0.27693833449688481929
-0.17968478392249898068,0.13556077869321131457,1.25598114335274968489,-0.24273849302050981569,0.36038815916742661383,1.12727128407925913933,0.45321826809792431501,-0.31963768949746185211
-0.27821965740123433264,0.45468742642653087183,0.85910748612551579573,-0.30396531073162552650,0.43468970592766303929,0.54506183831460475187,0.23203681381352644908,0.04686162434589525444
-0.40669851127254952328,0.83378765748753758125,0.66321862242666296261,-0.57166467728591330300,0.41569898256826121052,0.06515140245015962894,0.07739708780603875293,0.50425756712209468535
-0.51308482545508327100,0.95144194144212834718,0.93864616820812596387,-0.73140002537538562066,0.37624287795209160334,-0.10428798058508466362,0.10381135628807021398,0.62920842301129031870
-0.49942775482403667375,0.68745772003510863257,1.52476218978584387997,-0.55561006741779450646,0.43949586775171323172,-0.04470603541479124116,0.27763542581698358314,0.31119887877193186387
-0.33988729965129871324,0.28311152840570585898,1.90383883586569080393,-0.08023686633921638112,0.56066356257334049040,0.04292881563151718094,0.35042378337571439273,-0.09699250076294417544
-0.15522658293089264259,0.10088086468923923578,1.64451530941180057432,0.38263471567421725172,0.56928534036212086189,-0.01751044935332888089,0.11354714353682401895,-0.16841511260930738803
-0.10900660583778112867,0.23274555076423883437,0.77110742003810284206,0.52322195519760172910,0.37665909480136133825,-0.31621585480712366412,-0.31708311226141222550,0.21022838926240156043
-0.21154168120976060696,0.44029399398283353140,-0.20145498240720766114,0.23043516682334000412,0.10653655625909839999,-0.79270911756366579937,-0.64859571581081387759,0.77890978547210365512
-0.29260619358346884322,0.42701366642245741634,-0.62222631482303714101,-0.35815079200780775004,0.04294227787286935411,-1.16421915833494327153,-0.59794356217746380544,1.12208816509267861328
-0.19800692183681670167,0.11354990385128170549,-0.27705211262993351129,-0.86508364387708536203,0.34001705840283857896,-1.15167845191421114315,-0.15642920525127318454,1.07815787697175791138
0.04136990569543073926,-0.32149159770469099007,0.37823478038499752651,-0.98088153763355667714,0.81938824734467186062,-0.79066128794728740559,0.30917943902953148871,0.82920234157864058933
0.24384875154526935992,-0.61936882573979490374,0.64341745353857759948,-0.75126307010458059921,1.14331726022460933301,-0.42323877461905529129,0.42950241102489278289,0.59975717932867211868
0.26982435405295773778,-0.64440428574765196146,0.19504415619809284399,-0.49622710129461361506,1.12022897315392988560,-0.42475412708136844886,0.15016583542299688503,0.47158279298730815254
0.11152141030467628557,-0.42206402237091927843,-0.66920254484824326369,-0.52086072424459151087,0.81003167388200902899,-0.80233051758890816529,-0.26053644583387036704,0.36883519049634638787
-0.16772814754783307856,-0.02707993001433896957,-1.26662630052069924425,-0.86563678319250358939,0.41078123875913052920,-1.18296021262452932810,-0.48166387923241543723,0.20521230083545149991
-0.45615141249274332447,0.48563813904135211263,-1.09818088156360715857,-1.29556820709412523485,0.09175037209602293631,-1.18551850546846759826,-0.42116607369587122367,0.08701148674862228816
-0.62723291321269714071,1.02518183524420658514,-0.29268664839695546220,-1.48923403869240389419,-0.08754827229707211333,-0.61163798674769320751,-0.16544785111207124806,0.17449645144466083280
-0.59369844897576418141,1.42079806384999196567,0.56432244385578833601,-1.27394499305815345203,-0.11988452357527160097,0.33426026623825161321,0.15984117056521351952,0.46765497553348278625
-0.37885165295111111750,1.51301956517231928068,0.96338427096047374310,-0.66236338345814771422,0.00125364018842868898,1.05306542831329430498,0.47972182944559549345,0.78504805746410610823
-0.17737112932991092040,1.29647329962557478211,0.75701912492380363240,0.23240356876592169200,0.20721693976024435635,1.14827938750863500772,0.74011883537890710283,0.80802440055658186768
-0.16698511139006136372,0.95252608219524703692,0.13826184504235125572,1.12108547739945829669,0.34033732289590490350,0.75690311468643223236,0.82296767171770968119,0.40390158284242944076
-0.33401141067606981983,0.71403142999938162827,-0.50184516194055972527,1.60077445198771695090,0.26501588235186235298,0.27587104534727613370,0.68165239150265399815,-0.16698320032540789337
-0.56741993968314319297,0.69611970386612753714,-0.81917389650105587595,1.43057112943441411268,-0.02209737183065547950,-0.03119969018140609021,0.41215844282124669551,-0.53769241046129268025
-0.72150888186624506648,0.83088680418129712280,-0.75786324487658696114,0.74231910860302052768,-0.33408988665983163635,-0.20668110425579336309,0.21795157900856260147,-0.48162466350463539744
-0.70908256681300352309,0.93377992626666206366,-0.52950633924993883994,0.02126844995724708892,-0.41167032245879897623,-0.40247669159049209719,0.29530518985326309478,-0.10324478238190686052
-0.56305135318923649201,0.87041155653297530570,-0.29317674929949139040,-0.22388418440842924872,-0.13602929497182353336,-0.62350416629991201045,0.59305136989227480449,0.22842417506877840672
-0.31485912963759260519,0.67483857413160852623,0.00205119353555141071,0.20663072971110213460,0.38438656515904351396,-0.69899036869559971752,0.89780047302287679933,0.36818901651229968275
-0.04145391565223558589,0.54259145482234039104,0.38703717012171023892,1.01911276751761836756,0.84835971028376555569,-0.43425135500907174890,0.99068486194646854237,0.43026335348043515117
0.12447476356719111568,0.65708928821886158911,0.69430514173116619769,1.53730399343915835608,0.97327267441432341322,0.09817448384817872853,0.74778958859518562807,0.54007237435115351687
0.14715903059995910640,0.96315322961414584491,0.68823150135441202302,1.19033565205525238007,0.76368640852164315636,0.43954952911489342249,0.35149195382051112713,0.75712563938904220429
0.06030894302461659029,1.20327084873408840515,0.32721861636088445113,-0.07252788089561271190,0.47332411944917396340,0.10155633525374527237,0.10346637935426467036,0.92305086003080227819
-0.07601348291721121697,1.16313058379466505166,-0.11119293596551774184,-1.60220004388984160748,0.32485090907401353855,-0.89512542277452622486,0.14754167738455548076,0.85195572017104637119
-0.21903248785200885029,0.88921820663651052197,-0.21258800682867676213,-2.37446208501164068849,0.35093039860562247334,-1.87060373273484614742,0.40888619424541450265,0.61514844801666390683
-0.34894521840410641644,0.62677209156313873351,0.15609503816262762510,-1.80029150377309044018,0.43465216338470796797,-1.99992823190210300410,0.56130139217242458471,0.38670017383893556806
-0.37647563616321649826,0.53065403972544000766,0.62469072744259412922,-0.13847712148078900052,0.41560777858328584733,-1.04431339578431536808,0.33036511814064689618,0.32709605197850277758
-0.26022034756162598645,0.61943123312138248515,0.68852817372673391638,1.70477381877983225067,0.23815871354001397209,0.44864181302790384631,-0.21069201063209003211,0.53922897954875192994
-0.08401594281396512764,0.82960201356383733717,0.20297435474853497972,2.74502594384398346250,0.03064366971430604325,1.56690712511939045370,-0.72332561662453176421,0.94804072628739077810
0.03062985392542029797,1.04278955227184355614,-0.48311865986669100259,2.60513626136206966066,0.01064995961974510991,1.66388479687397783380,-0.83783106774520710314,1.32618752118670601980
-0.03906753374821506086,1.22049820670487796370,-0.76870414137078224570,1.72463412786276149014,0.31734822807197166084,0.80218874740186452144,-0.43510591863008774016,1.39881508064272797043
-0.31509549372019363123,1.35357182629953087805,-0.41471105884360170979,0.92909918340456887353,0.80405402465046360572,-0.31014673196934983146,0.29038265427303644461,1.01075476569125344284
-0.67598971323768264341,1.41979231044236353654,0.23504788058113054716,0.75485272011647919221,1.08752489128724438849,-0.89537562705002637919,0.99887755830780111665,0.36086646722486942496
-0.91748299169143410214,1.44170995730957218761,0.68020823386773843211,1.09787635111071857352,0.95384952059324523699,-0.74759439550787110118,1.43070535394196074463,-0.05569710973060437720
-0.87128689084585342339,1.42216882669240507475,0.57611559209690366146,1.47150794440318000156,0.52366411035892435066,-0.31969638312254905488,1.56875538015047122364,0.12245194278344598282
-0.60153801774260506896,1.42565223778266036980,-0.02696701521254164444,1.53420469107836598965,0.08032485731154379027,-0.12988582305147935991,1.53362307910856232596,0.83623416598773980812
-0.34133944509463320927,1.57914809265447675379,-0.68457901132554888068,1.34565849359224731785,-0.13482778607034839879,-0.27002320093924631061,1.44970837241827488207,1.70892649382277017622
-0.25864255516069745156,1.89194424304572628159,-1.00792382959931137165,1.17686057208608341185,-0.08652054759666465145,-0.53864084689610602918,1.37958335512066687656,2.33087787168264348736
-0.36959284291263011513,2.25724332374527092426,-0.90724879926119084139,1.19663459982713460406,0.09524542252849234336,-0.76157986256308518591,1.23142152211890887337,2.50883352799063219507
-0.54380709687438943956,2.45902159953221488564,-0.62053416833177177381,1.28830112571051769166,0.26032641598452355147,-0.91464810121221529204,0.89453855709124341367,2.24878007486852071750
-0.64582897212959855526,2.28085208862436239485,-0.53521638172847585402,1.16022925779305108307,0.29114046964159995268,-1.02027292944685776810,0.43415734775329983819,1.65830573726808450097
-0.64085783474181412522,1.75437080867025918529,-0.71446582236395994592,0.72666227316962594962,0.16199256951108620406,-1.04703964173742036792,0.04835625519776307057,1.03817625346614805792
-0.51458610870093046685,1.13372838286451682599,-0.84091459175510330226,0.21540124939416224747,-0.00841532402992736447,-0.99557613613397477614,-0.08434644541617358771,0.76768896646244511039
-0.29014146223634385002,0.72656884046831138324,-0.58613031461248432663,-0.04458685770557792305,-0.03785829502073717601,-0.89750527229672238949,0.02570555220235876126,0.96113141491524911597
-0.07550138966691380404,0.73417061881753020725,0.10229891597699868055,0.10641653270576693913,0.13889535268542324564,-0.74328020242533954232,0.18377273220027962042,1.44493105568351820622
0.04465981588368420768,1.06966718345332756357,0.89117150818223378472,0.45490071405561843809,0.38758040369311169693,-0.53012934671116840324,0.24456645957191142093,1.97144542965036695392
0.07446192832202770673,1.39501517036991273812,1.39281006568911203125,0.66326544565806577758,0.50810633859873410856,-0.31136279958016799263,0.19849065306134883180,2.31693376562625408255
0.07761099099692364556,1.35906390839576118879,1.59548208402312918786,0.60978994079179082988,0.46285222953111482269,-0.24171440234677860071,0.11148134578675020223,2.28266326820695297783
0.10749686185107053260,0.81540278212554306858,1.70683275200667927685,0.42858692679882132159,0.43406837831346989365,-0.46816931950310708421,0.11832888050724445217,1.68929385756740813029
0.11043622015698759120,-0.01602256055106613536,1.79307293188837779674,0.44504250489036228933,0.57208692053297416358,-0.89646830680292033389,0.26290645603869655655,0.56591499530495725789
0.00410191834034393833,-0.64235529076780961688,1.67320104437334182812,0.79320944912925384074,0.76100242926694450230,-1.22683537238259710023,0.40486081439287091577,-0.60663133705841887355
-0.16135698290490221862,-0.70412068066332667016,1.09345355060008886383,1.18237085662326490976,0.75492134589993320493,-1.15897026445067719003,0.43661565231845933521,-1.22395185148183616164
-0.26171660018180892271,-0.25178070540377922581,0.11459923142761269110,1.27633899093254332691,0.46049492664267055453,-0.63556103119169360394,0.36674824701510783109,-1.09537483441372773818
-0.24107935827639706550,0.32616115013103680331,-0.84252891716873679062,1.04658844861407196447,0.02499883594415067481,0.02516964298932300448,0.27690372995079370888,-0.47103023594784843020
-0.15756239171270974841,0.60942715190639418221,-1.35384696629094647413,0.76519869840605336808,-0.28231636772725854367,0.42746631250634509191,0.31258826852131177398,0.15219474746842931445
-0.10985256774429970339,0.47490749170061080653,-1.22156614176921185511,0.66434111254181715811,-0.27021589894225378492,0.42652181976978842393,0.53074134538269379657,0.38498604780204931375
-0.11439862513750564954,0.13804531490462446097,-0.53826801001748225683,0.67956810792810795618,0.04915540950028964712,0.18131531093319264158,0.78543481908803192137,0.25549941371052981021
-0.13253150931855303685,-0.09826871843029788556,0.34288041656697726411,0.64387387034992449308,0.49206030089250607507,-0.00290773765418675563,0.82591119661632794724,-0.03193079405668441950
-0.15310157816028294175,-0.11033013512591162419,0.94357797945530630379,0.47827642257772690071,0.82070549071854148604,-0.00801654855354282624,0.56200786852853745756,-0.31857456628670610677
-0.18273693812398525416,0.02541917847231796312,0.92598691178870784491,0.20850171610428722135,0.86898488991318101338,0.03639657901883902591,0.18307868630623264083,-0.45833185185066804834
-0.22291165015252756287,0.20722922508084640203,0.36417489094978650055,-0.06980708209762145899,0.63297997490597324166,-0.08347811453660765324,-0.05678011115983244012,-0.34073686489682747380
-0.27063570406859482897,0.39829479051882565876,-0.33480084751761512996,-0.20807797256885746107,0.26484023535202733113,-0.52433043182484839750,-0.04294565578679612750,0.10004290476114140185
-0.36107587793065654136,0.61561341373271227795,-0.73123095953516037415,0.00622208842278282499,-0.04830975493077915156,-1.12911136379049303891,0.07807328206654859382,0.71824883240562698017
-0.53591671825263065276,0.85870971739543400236,-0.59381819907826893790,0.61236822374151800297,-0.20972912238274893371,-1.45110201935406557538,-0.00970160128183085446,1.12512548310450211098
-0.72397269362906657708,1.03723337207883381517,-0.02733388445124642838,1.26221183581016127562,-0.23423831215625701141,-1.15766575118263470578,-0.43471337060919540418,1.03782785295282309335
-0.81168342391477210640,1.04318535882577667628,0.65812638004340484610,1.46370592501419283238,-0.21383659878168750912,-0.36382048063665578530,-1.04062151464682561830,0.46386572522768076965
-0.78484833221348448973,0.81734336111286698401,1.17750407399701662037,1.00538361764551353872,-0.24032089915878040998,0.32041929988044065558,-1.51328052048988048739,-0.31119549389935707850
-0.68603609909528917576,0.36131183535840577514,1.37320030856487895754,0.19447214557756381526,-0.32008966340079142432,0.24186285190853276661,-1.56091596208788230271,-0.82979618162763257860
-0.56907309578765852276,-0.14556978428342046139,1.26778296004777057959,-0.30811656562785716407,-0.41853814276712936193,-0.62073506733222272302,-1.22258750242721969670,-0.76135424150768227225
-0.45751893823666811567,-0.40474640327205257950,1.02705106111728072804,-0.05491027490701052421,-0.50938174365190869164,-1.56140049220632670668,-0.84817967618978107325,-0.12304248820840654743
-0.31634713631904909370,-0.31440461309690714842,0.84977227196059001990,0.80319584463607285318,-0.54096013559995848041,-1.76016807222650140119,-0.71231111182015549588,0.67662845613514488452
-0.18638149544937532287,-0.05110282825168231680,0.88926871118789774240,1.71570589145411744880,-0.46199469837943513140,-0.97574158984451042631,-0.80059532985304748820,1.01284255269555711898
-0.16276323162618183682,0.13396208035196038866,1.15373075414891856916,2.14117934666599385451,-0.25892918903752426552,0.26431022888152250205,-0.87620713913037062692,0.55363677309803982496
-0.25025590917242584998,0.13719910009560368214,1.47505810256887692766,1.88730441062432374721,-0.00664485434543145032,1.14254526105006504189,-0.73922178597214960316,-0.39841224154266757784
-0.39711006092831230285,0.07137515340728152469,1.62189731553047611357,1.22249352028733060394,0.12983171194644410607,1.20374221488098331889,-0.42990952797557785425,-1.21354664629718422830
-0.51671411672004952109,0.08472693855139673547,1.45509349895659201302,0.62086013843501774989,0.08368259801205386872,0.59073128315968959079,-0.13530401070437084177,-1.49566991457328191117
-0.53300877389834977471,0.20078685014169114775,0.97585664530563198671,0.43082549533759451066,-0.04277032537385224570,-0.14864599598652891710,-0.00470191904067672473,-1.34101297597835245057
-0.43458787698724909987,0.32553577044440495936,0.22605614373942642392,0.59260729533261935487,-0.10764446351322275175,-0.51961943893477069434,-0.03199316145999774041,-1.15083726854924939254
-0.25267297359319335071,0.36621335911976266031,-0.68639244560545398244,0.66982874201991715601,-0.04145609374047178053,-0.39147488650071926575,-0.10782660476143106354,-1.21184719560474052358
-0.10549559350708817562,0.36290112411391012293,-1.50782356463764477539,0.36201694395003064519,0.07294582913560790360,0.07270158317130429038,-0.18298389810408205447,-1.48295586328531125986
-0.10065436865058777216,0.40011114581064394224,-1.98655446565045257223,-0.15582193581412634442,0.08965219619573853993,0.55682632846409740868,-0.28675610308460236508,-1.73249337000037639811
-0.21893681451658755788,0.48408996352546324049,-2.04588896187844637709,-0.37169632795935791947,-0.04994617304365372296,0.76565944565534627131,-0.46930905381993964776,-1.77748814752933648187
-0.40045544133479005211,0.56394290399111601797,-1.80446558101665477380,0.06989616075462237732,-0.29241778477549995596,0.55588281546955609080,-0.68615802569258010912,-1.59237337725438288238
-0.57115249178030447208,0.58480557913205721832,-1.42946538019469371328,0.91222519027598547581,-0.48873434550885003214,-0.03790542331496141865,-0.81262785517613556063,-1.26560355158887061222
-0.66120124477328878765,0.54736044331750954850,-0.99021507213987558504,1.50399510656325174907,-0.51275319537046259999,-0.73314711065956139624,-0.82844554104450807142,-0.93597373981297038448
-0.62944470388227813373,0.47258499637250656056,-0.49961290571246941283,1.45834508073087554259,-0.33873071854481212606,-1.10485328597659981931,-0.75918587993365405087,-0.74450899086750765843
-0.45818343304225667145,0.37756865692698049486,-0.01589020299930564775,1.01673086159737913192,-0.04642834838595346486,-0.85310164715264913404,-0.66193316498925358626,-0.72519655181586728521
-0.25177462966756680718,0.32931668994339441392,0.29507212259135173760,0.71255066359109975327,0.13086591209973524874,-0.00345697133028343741,-0.68130014204809330458,-0.76673318426342673693
-0.19486597747105194323,0.41126067400428029108,0.27883217551754685415,0.76391681771376074295,-0.01118554076774229585,1.03662482984089820981,-0.90367426577895870743,-0.75199699101992778516
-0.35031085128255518013,0.62617461167652221921,0.00313492411449591696,0.97749342772586012007,-0.39483600847527561273,1.67109790607873098800,-1.30569062184368611668,-0.66668467031874056872
-0.59717229582965913881,0.79610979356402022944,-0.25440438213535926382,1.05564633075687730468,-0.69106991816187302025,1.47297835397607723706,-1.65194996502762347923,-0.60973630725386296358
-0.73719894335061975088,0.69948680051843181715,-0.16913741347218397282,0.89017193089841584186,-0.58960298681389700093,0.56681328081936832586,-1.59008682179057769801,-0.69321642286874562977
-0.67051018887427216164,0.40204552277310340314,0.38738001641685998466,0.57797929768562450459,-0.10910684790554824042,-0.36526684996110875270,-1.10686485337551188124,-0.85892114424161836173
-0.44367021436863257611,0.21227806267551277419,1.14344012487415480628,0.18609165342419042855,0.44176929474533632725,-0.69129542048824965672,-0.49484445260623022289,-0.89743591523803489807
-0.16536288417515107585,0.35205168470143788362,1.59723731331505724995,-0.29919076383927267759,0.77915266392028459386,-0.35108867460541715033,0.02594020042648309890,-0.64528941627766056577
0.01593251691471903736,0.79239532493795361567,1.46733879028620561868,-0.83735586521457250342,0.81164516434587685723,0.22370434731894572877,0.37219023156013469888,-0.16965464912764580130
-0.02010623194607043251,1.27964999044097194059,0.95040088755663332254,-1.24945359498188079961,0.63214714429658747097,0.57207147222290177790,0.48852718946088968810,0.20836168298879489957
-0.21485941376921702251,1.50390509443725428618,0.51483449796588365288,-1.28842919795013099993,0.42502665503433784133,0.60022205441309683938,0.33842757581728344363,0.16653961704727865412
-0.35694422995161156908,1.28671194631659879803,0.42764667375032211494,-0.81618501986788927205,0.34130745324161471110,0.50261203880548799283,-0.01212259244477445486,-0.35519501945628362272
-0.30401966643272404500,0.69931625510861161743,0.50189169258253873984,0.07605885691192623699,0.38344300956523896806,0.43987515907796875814,-0.38691337672591452623,-1.09608961566424101264
-0.12596592956679791842,0.04364883042411682457,0.33063935308514247335,0.99596242603764084667,0.40752464151367168155,0.38118831625951477005,-0.57832158189500715295,-1.66621909271831403210
-0.03457183224451519654,-0.37012706044756893409,-0.23564928274250129814,1.44362008699333088657,0.28677482217741440129,0.15318197033773375826,-0.53934937637623303619,-1.87516736568995145973
-0.16598688421660168224,-0.40791589083402035598,-0.86908898767098186067,1.21953669971455203047,0.05858296885192951220,-0.30060569032428774428,-0.45563758325740233435,-1.81676631774268826369
-0.41816654366225958217,-0.14343010114622692375,-1.06196340270014077944,0.55547084595581397437,-0.06507789778999095720,-0.78118094788672798323,-0.47519895774822296097,-1.68199041354630951517
-0.57902747922327080232,0.22128665897359614534,-0.64631228411107488618,-0.02636619631688657747,0.09249407446449668668,-0.97650735086299844667,-0.54110846280427538080,-1.57016492003640872888
-0.53792495431132658634,0.52143009220285452265,0.00383223385636251475,-0.09616046123996210837,0.42582528816533804505,-0.65478122828608809058,-0.48837440651198860131,-1.42968586091796190374
-0.31811492329681639868,0.71223771308402072933,0.30685004893128259296,0.31248865385019264362,0.64725500962998783194,0.08885025199200810575,-0.27438611064688123165,-1.14153916454107218215
-0.06984279764912154631,0.84359619069632452160,0.02041239759769606504,0.88586715202712051909,0.58151655984658590093,0.77825390432217955716,-0.08464258123275122947,-0.68071364619437291221
0.01498933566632172122,0.94551052749117447949,-0.59068320087239267746,1.32721823398144578299,0.30058360129247102543,0.85475952108830732801,-0.08306390504465158142,-0.22263552123886715117
-0.13540539678482629848,0.94841840498056362296,-1.06563579383358608688,1.44872266002027560994,0.03792188025636325510,0.10366776096555559150,-0.23957681073096048774,-0.02267723705579914942
-0.42403982106372922756,0.77250763066652006206,-1.15255489780632958130,1.29172468446093180461,-0.02994675246412536324,-1.06700123729583329357,-0.34323628887623813810,-0.18135733805566831012
-0.63709926689804696753,0.43700340383952029910,-0.96081344573802185405,1.00192910351257724599,0.08954716449537737655,-1.88395323393708125082,-0.18346493479988992825,-0.57220304819384160133
-0.62058986886392841775,0.11563449912405475428,-0.78951956031216985465,0.64698129982749719158,0.23401695757794155339,-1.78075456540302923258,0.15603554920802625849,-0.93706298367389162518
-0.42255032358572147677,0.00402959939737528895,-0.87649943212523095948,0.27745662768161838407,0.21838873872864394965,-0.79876893276887206419,0.43237805781444299535,-1.05661774804340247158
-0.19001353461072986728,0.13156458766492515333,-1.13109103700887247967,-0.04950417487250292903,0.04694001386144795729,0.42208151732728071970,0.47323338285208005338,-0.87618476429868785704
-0.06170121603901911056,0.41076592501812975167,-1.13840290357430018453,-0.31606294958246061721,-0.11210621903819031897,1.15168554873532791305,0.18841007141253043877,-0.54971814548517294874
-0.12363826056660151553,0.66990589425812563373,-0.68805266739191484060,-0.55783133934352024941,-0.16534479740717819563,1.03133406656464932105,-0.29743550655865236276,-0.32484735814955856270
-0.30632948865164305596,0.71977109477533229853,-0.03931818183456601418,-0.72428081241520092526,-0.12885228208081001000,0.20974877738807276573,-0.66275362170886320534,-0.20203629683092619307
-0.44175269766927366399,0.55365568410972243463,0.36026528078034081304,-0.64210553156167382571,-0.06921234696734715475,-0.72335287369988576778,-0.63422615154478134691,0.04956765487690014543
-0.43673546044990679826,0.35477758321294450283,0.24690987355370988543,-0.29518223671302390443,-0.06305253432291618720,-1.10913834569492331106,-0.18214629061129744558,0.49596308690669105301
-0.30426239257208581579,0.36223400649811482443,-0.17759612657341602993,0.15333899813018386782,-0.11910741593234544511,-0.64241341457011835736,0.39548988862897155316,0.96191688134131902999
-0.15721539544683743594,0.66874413628165529921,-0.47139665671333819130,0.56193237353200409245,-0.20219516406870247094,0.39955939225854308905,0.68149210902129597756,1.16882461759754807673
-0.12490337113268266955,1.06452147349904557849,-0.46487351522036485241,0.88309400220338696297,-0.25078726441947091219,1.27290126744580378571,0.55639647016089965881,0.97313301041816080428
-0.20049368511983833852,1.19092781085450094558,-0.37048965941190403761,1.19913593018520669986,-0.18926026613870824966,1.35548875239788269020,0.32210472490304764559,0.49445845929363202442
-0.29578944679193075462,0.83386978301020986404,-0.53534283768275403581,1.52805091990082919651,-0.04232014056139047492,0.66100408982742375752,0.31413215063910548963,-0.17066333062189661951
-0.34806931670423324476,0.10691402786631797051,-1.05755721098307464700,1.66699184143307976846,0.08460954911443578641,-0.22859048031800591194,0.51560107582512770819,-1.00824070901241369391
-0.33222994912275871648,-0.59354213514600095980,-1.63861809938433422573,1.46264620579016568769,0.14309892529668649663,-0.64849485772009263229,0.67388620686906197665,-1.85115641602461700188
-0.26519178829090550575,-0.86354336417111721147,-1.85941423309239639572,1.02317536242449103057,0.17469493660056870099,-0.34077293016309068152,0.59672015859765381585,-2.36065098606738077436
-0.17315947104829615411,-0.57786523880591078584,-1.54141686786311038482,0.59694148545660286054,0.21398772481842043280,0.44380119952497876223,0.27400946018454286346,-2.24039880533399404783
-0.11668729080521833552,0.02900249622869028113,-0.92166709107094546560,0.37687196905505648825,0.18407900814233305042,1.20845833844533290247,-0.11905444486560620709,-1.56644640246393840322
-0.20522266909800243595,0.57660641141274715515,-0.43575503432785001046,0.39094895614898761416,-0.01445130736088421491,1.51626605970936001455,-0.37548132752758389685,-0.81505252874896894077
-0.47364920087434886353,0.85396076730364889329,-0.36815917994172558947,0.54434952606917064166,-0.35601763862793656124,1.25955311798825397851,-0.44701862003448855631,-0.46031322356166731735
-0.79608833540245105276,0.92556243123246462190,-0.74554166934625987206,0.72099702954080302497,-0.68844767663221118070,0.71892081064613611030,-0.43908483391818892150,-0.56866976872078489613
-0.95122387371593819516,0.99031269948334954556,-1.33172843379943195430,0.78097434176713875775,-0.81305272853804444466,0.29737765495393075899,-0.48942119466136135841,-0.76604506048746956459
-0.81978586051160007298,1.17529191920493047974,-1.73006723751713464843,0.58238707944756251678,-0.63657911195008243244,0.26318014895748903514,-0.65195494002919440746,-0.65704658991195863393
-0.51479812579384376381,1.43986485623164583991,-1.58867433207327080069,0.13329586617335947851,-0.23954561345516403592,0.59054528849327225792,-0.81988524656058237028,-0.22282730830808009093
-0.23243377108055587876,1.59387115445220928223,-0.85090376821246571648,-0.39661639272974735793,0.19885376218480818600,0.93698072066639925826,-0.78925354284723669984,0.22481123609878828074
-0.06670012498583428873,1.42854720705164983663,0.09691467592177284429,-0.83018942672860496224,0.45700280994907593879,0.94208817646390974332,-0.48401914096564335743,0.35348083151476611397
-0.04573064757306653100,0.95866913269839226786,0.75209661156927354320,-1.01937064306522540136,0.40478607682614331509,0.56071712576104126846,-0.06982322043738403705,0.03058104035708202051
-0.15467033721563816506,0.45011455157934693316,0.86850266556545185903,-0.82598085130829379530,0.12802114150303747775,0.06489120242804655159,0.19637860232504225633,-0.54688078411140650381
-0.27147272849430048591,0.14412846304002044362,0.47323009590356884813,-0.19327990305409031846,-0.13591992772581365512,-0.23527254291354657290,0.15943930559187868834,-0.90472912179528797161
-0.27396425774246468965,0.09645026604879418375,-0.17033845025420149555,0.72004231998604228959,-0.15360341319175785380,-0.19804536721672233446,-0.13215780443409289036,-0.77932891533143555662
-0.15967815899479753661,0.18048574654910759518,-0.74598350848444516803,1.47989960448675539340,0.09680961095834206276,0.11352782372294605018,-0.47517694206242871990,-0.42113035071519472341
-0.01814451565666270333,0.14944844917783056681,-1.09522071340681148577,1.62516732044518175115,0.38609374840968774256,0.41660426441282649712,-0.67295253989753278656,-0.30380047240061441860
0.04712785035025894576,-0.13334550318155258264,-1.18467230816241442248,1.06152394292147445043,0.48902880919623448186,0.38291760941258468076,-0.66246276878691734424,-0.66232188724397378365
0.05887479514611965170,-0.54359241617010334302,-1.09540542225592263392,0.15375286477936939145,0.38913498966028881032,-0.05065460917685134234,-0.55856391109089731373,-1.18655890954463894005
0.11656040067379193348,-0.79212346212203177398,-0.99878529314918185200,-0.60293651724023034078,0.23702323866674784858,-0.55845255746964661547,-0.50059474257984160062,-1.36068540213999167321
0.20699750783278467181,-0.62073673195966749816,-1.02026174308009887071,-1.02480111300787779527,0.16490026433361382185,-0.63751007131247816595,-0.49893813231525041552,-1.05239075351775035472
0.23331449633743783778,-0.03513675844547998334,-1.16854358588638662653,-1.27910477965030966452,0.14901244848579275892,-0.09784618080872982404,-0.53785132497986576361,-0.54077761804723056827
0.12199479899462890853,0.64029034964141862130,-1.37109818265563099260,-1.48249960169907946117,0.06148164164236433193,0.73026013316768934036,-0.64066707733653283086,-0.27654533777626860713
-0.06588510735268762741,1.00291667044507093465,-1.54962763252279200898,-1.40612577596017640502,-0.15778586199157754177,1.36773509144984606323,-0.79437558188202694875,-0.46631093020843328301
-0.16287126921453923267,0.90667572200689361406,-1.60385076502504198004,-0.68582659727139982930,-0.41547038730400159823,1.60556907177998553493,-0.94554690300127286484,-0.82016795973038758572
-0.12393218388893091630,0.58266393921083192708,-1.43320316185076834792,0.61456403124342595667,-0.56204705490091499964,1.56421278516215345178,-1.02819909471550019475,-0.95166956226303478505
-0.02538032256253561908,0.37913730124690109280,-1.06844270168193133941,1.79187673370908417958,-0.49801348748851642645,1.43064320523568810906,-0.97166225558154073472,-0.73424268362999278725
0.06382166551730017456,0.47076520321883263964,-0.68058171308657455789,2.07547227775889719936,-0.20445803503157439218,1.21648497462556504090,-0.75616473291167540793,-0.30574785363317519282
0.09909116763081747548,0.79908991039051535665,-0.52480092786936327620,1.35729398638104714614,0.20076710672765371579,0.88283710420899796922,-0.43297625838333414494,0.03869137007092421365
0.07941131928073227875,1.14077114273864088645,-0.77719428912732790860,0.26952570876175163672,0.49134371359016154601,0.51763515528589532089,-0.12231394840690357206,0.07290519364656111723
0.04790869851524044015,1.28348966565157440733,-1.28388995998699950718,-0.35554699501467201816,0.55441977546706966429,0.26651555014492239737,0.00172605848280998897,-0.20091705003307450128
0.08461544100722612205,1.15134103901637585565,-1.62748592169839989552,-0.07156180977522533238,0.51236110787251409882,0.24874161269049260836,-0.10047331348353116809,-0.57973963908359960051
0.20305873897438592168,0.82962205454210813382,-1.40879035634491933671,0.90112656942851965258,0.51990138996110524250,0.44880431638649770365,-0.31223638427633138015,-0.83600924168408874415
0.27946949388336733699,0.51602201349902609984,-0.54140901340606006897,1.79996928893420826689,0.56413244621218361363,0.62807840646846824217,-0.54673260926512234903,-0.86345941629549938234
0.21650832743310671757,0.31717233403311401174,0.52288142889965061322,1.87886525716012431353,0.50987862081512336232,0.50221742361980814540,-0.71875993468537013875,-0.70172557403948909727
0.05042678540651562846,0.21287823815568673869,1.07875682674740347444,0.99102973796542692675,0.27665362332407805734,0.00661301905528504166,-0.77194792362948627673,-0.49901609319318523950
-0.07473789191992005754,0.19403165545081854648,0.76853262284353307532,-0.32108107848104078252,0.00493199043385173213,-0.59981230194916745901,-0.70002550577461397641,-0.37762310334338272666
-0.03853660405036442305,0.24208418127065073344,-0.15695312229928126690,-1.21789392476971314316,-0.05163250426248818664,-0.84383396925019338308,-0.44181556812692446279,-0.41266769307172407322
0.10714451980333337955,0.30240828115168222334,-1.03714615007395916102,-1.18206764110194395556,0.18183184307643796007,-0.40321527865621248354,-0.02619950607366339224,-0.66597359682162848848
0.26017771046194765328,0.27692066070156978741,-1.30275761822218316688,-0.40640475484024718433,0.54382557129218822567,0.47322943217388807602,0.38592146338342053768,-1.01967236574308284247
0.38950332281077820751,0.06202269079887466618,-0.85445740187923124864,0.43413720842469244454,0.80874033261821209884,1.09810769873187874524,0.62905969224725655220,-1.18121077128696372327
0.47985302047243139079,-0.28246559599139059449,-0.03960666599129369220,0.74090484929296418493,0.87543126888111955086,1.04249270194339360707,0.56514892412150929957,-1.01381580567999507458
0.50244378881233420220,-0.52253832974395342248,0.61602138418505436590,0.39898861433525067977,0.77984352325433869968,0.50155863594441862929,0.22556775308431431526,-0.69181707251313162566
0.41781245105389280825,-0.40971341771974795209,0.79183053603346587046,-0.24611880843135944263,0.58018854958481758111,0.02411137357346108956,-0.18208700124850452085,-0.46254898171532327078
0.25380811541028003298,0.10670861793870151102,0.50820921646485339718,-0.73623893804717921441,0.35275506954015034555,-0.00846887683843350857,-0.43905417446043276675,-0.40206152590974736372
0.12213978081001473919,0.74156460109129718195,-0.05402203449959543796,-0.74547391707969501429,0.18586095010676004224,0.28570314968295945635,-0.38319316646436263341,-0.40590223243871553782
0.08957286810621528650,1.08888669667379378581,-0.65069672008131429486,-0.25109883664377374846,0.11702055089570768953,0.53924432489681184411,0.00728338746404588733,-0.33616415018862594311
0.12136054733250478677,0.96632213072974382229,-1.04675672797549501603,0.30882671154119367696,0.10995109231989708132,0.59187979036292470703,0.54937859311386416650,-0.25202478356665469761
0.11450475287869968377,0.57077252873389394683,-1.06371930199927988703,0.30708753328671767324,0.06630466992407813009,0.56636162844195891974,0.89787396581393497108,-0.36195387898015335404
-0.01348886707926445251,0.33807725422227058454,-0.66621924071542693024,-0.45065139270573911778,-0.06928438648499901653,0.66265091916976570641,0.81060242862865605762,-0.71378321872976357998
-0.20683037946955704078,0.49829968483292363945,-0.18557007828708807495,-1.44719406689359675333,-0.20659030824711108187,0.91618247241317030127,0.46767678083632763242,-1.13451396263572279466
-0.28597532854193474794,0.85366303977896706989,-0.06867572704981200760,-1.81417581579557585236,-0.14189709482581885913,1.14291850406511086291,0.31385245699291264287,-1.38477692524787077133
-0.13621129310135199342,1.03325419845166277533,-0.40113042966519019128,-1.05109434726357009460,0.22891702442626776781,1.14593367898727982457,0.53771918022517717350,-1.37738926919714788077
0.14824605209660610128,0.85780353179911383865,-0.90288159232439713087,0.41457119914859863474,0.69102110537359628939,0.89444742731732695962,0.73922064516151309022,-1.27008986708432725088
0.32503040151979234462,0.54437485354564463247,-1.12597141730426408834,1.49641378240997990900,0.86605151428809568070,0.52937985327033476590,0.23743544715828374114,-1.22024538880666932883
0.17759661962174982941,0.51703927482120182191,-0.80743801160196349009,1.43533024037677003903,0.57180211500981925621,0.28169361311666596404,-1.15529635141903108675,-1.22188252214337422785
-0.25740663497233662316,0.97098295586582950012,-0.14398295656385673436,0.44308186131493110249,-0.01443216934487645542,0.32954766796053475142,-2.85533232645311496611,-1.16068796329165935255
-0.63370065342006010045,1.63659848754891235068,0.38311804907641588969,-0.50479416807035848436,-0.46706142165285802204,0.64660047707547274598,-3.94336768011495442110,-0.90847030583568133544
-0.60728240559643709151,1.93869963368811859539,0.32442487669471159473,-0.55812108957106265628,-0.44070314955470490936,0.99933126005259953484,-3.77186309725508550628,-0.53313050847017284806
-0.13905521845474153042,1.52772833681511288617,-0.37642166925280123868,0.15742830427409321148,0.06122881345987905843,1.11467686195881943156,-2.44009580482735488616,-0.27704814978245007051
0.48293578356308641819,0.64424593504175919900,-1.27241102056521171448,0.70782321501934841734,0.68670445598772211770,0.87609287365187060725,-0.69444133748507885784,-0.28570801562040365473
0.85433970267818193367,-0.07647914479964913748,-1.78707026357810350170,0.26306137820878883193,0.98533125240988472804,0.49395941305505663976,0.66958972923615434070,-0.50875813709899164738
0.80692362027262920510,-0.10447387401188093503,-1.62930841513744284477,-1.10022871823175316663,0.75778452468144463783,0.40051305212533105937,1.19622608045492428985,-0.64719110920493816419
0.50107440869610264667,0.51233269817871374130,-1.01344987172369971340,-2.26069474301054729182,0.18858414319284719229,0.79360805237313603033,0.90072122769164986167,-0.36276277876667345490
0.19661139542587033335,1.17581558780641692863,-0.47913155145788532963,-2.03379667642160733010,-0.28912456288357218925,1.42023050947391960008,0.21345254041153877145,0.20099326402100137212
0.08066643956591090792,1.30102926753710113061,-0.39705428886517313281,-0.39696373560434305983,-0.26271802603382937713,1.77492172346062049293,-0.35874610734819689650,0.47644261704859697248
0.14553805342770045894,0.81905547652361487820,-0.70336068725485290098,1.45305477069539423773,0.30814697252763267876,1.44568967020439753668,-0.54353217055796410051,0.09508650991589516488
0.19885883417768138171,0.20258047578813948020,-1.02616856105297515889,2.09965578348019255017,1.02421021137339929297,0.49030256123519749822,-0.39563867838413757649,-0.75916802181365150570
0.14192668567285279813,-0.01863757071002026047,-1.07693239274172181119,1.07798858061503066708,1.43405637363193916300,-0.53714337623984742542,-0.14646516696734127039,-1.48570416262505466953
0.08056014396858686422,0.28624398150805618890,-0.89019369757901611884,-0.69031480616072382617,1.38208142332152772447,-0.99197139091133235134,0.04006636483098341417,-1.56727744548428038485
0.13830897607943987149,0.84889085626992555333,-0.65830912524188289758,-1.75801244640198905955,1.05071754278586459996,-0.57834870653129966112,0.09820431492862763401,-1.06211193076857357553
0.30069556430047111872,1.27292388478601337098,-0.49745432572710890362,-1.44923981949346813991,0.73442287909582981698,0.43622743663135554737,-0.04562556993546429407,-0.51840004419792440338
0.40747213384491287602,1.37098292915407049541,-0.33151936601973425178,-0.29691432503485393202,0.54152524763264342500,1.39741972725798002664,-0.48738284894292771554,-0.41393933581005543099
0.33785427663508027507,1.23568886706787584018,-0.01271708512998101850,0.57872103166751920345,0.43820028182351228319,1.71440693286085865665,-1.15901793523805052288,-0.79721307726209145184
0.16086539484280243384,1.00061116133886374158,0.40522833251798673349,0.53064342214731963221,0.40709693136293784166,1.24450615971999578591,-1.70992455387473119011,-1.35048632502230447905
0.00436089692875766665,0.70544696096813563901,0.70279388810264964427,-0.08164063660581091786,0.40634620646794555876,0.35147309449682884175,-1.78230520437476558371,-1.69913003987043853549
-0.07860889648340593783,0.32395698209399137468,0.69589931516413128243,-0.42662309395839947967,0.37836370005855213261,-0.43259719032267218708,-1.35141608566200877029,-1.71909263065463835396
-0.08790540738500715601,-0.07863281305048577807,0.40366510953686324248,-0.11174226330906038285,0.31364787918965009172,-0.74804580422043576160,-0.80232207863987226037,-1.52608850405638762915
-0.03796886788357344694,-0.23466931084978734368,0.19433290380904535977,0.48251352538257635816,0.29362340500373362850,-0.48958120920263403786,-0.60007460750096874857,-1.28815990120666890029
0.04951027479563616107,0.04688013720638178200,0.45491593372504934845,0.59998136539154811597,0.42132735033015422665,0.18663761181124260968,-0.80028042496691598195,-1.13170047449008404072
0.10639802426560873716,0.59758437204687353539,1.11018755310879502218,-0.12788620364133768126,0.60385063520926174352,0.95189232528451184212,-1.13482218431237913414,-1.09632945816873261791
0.03914419301062628531,1.00960523904596599643,1.66245716848449820446,-1.25839977313191031527,0.59422421910129563649,1.47943922836338748183,-1.32708318835995009444,-1.15976844475232776510
-0.13699317555419612824,0.95966935650777607236,1.54311028342650802259,-1.93189316227412510862,0.28099862196777131151,1.54292524983920409376,-1.17348391175337951609,-1.23897988268292902347
-0.30079750415536155028,0.56172714702378623297,0.63491829435749114197,-1.63096422985718758625,-0.17159211298698440196,1.10674057857692642592,-0.73893561616550196280,-1.16170178617171782065
-0.38034356253594214792,0.35153421374706345093,-0.47577511160515018052,-0.62047812115907508002,-0.39282027212287012885,0.39150533995717107238,-0.26259311144006508565,-0.82614869114620814727
-0.37319418257651076898,0.74000857599563307776,-1.00089855085840784277,0.26436908404326275868,-0.09699078720219372896,-0.20175448538596724157,0.11404448877408508711,-0.35025426647444124484
-0.30175975938607457749,1.58851200875210341046,-0.57936752525862911245,0.36170097793977407097,0.60777850401896738042,-0.29177611395233604696,0.26587464093280771538,-0.04257727794615626810
-0.23050451392262064076,2.29957062704925929708,0.50758906400016134963,-0.23066997929224494768,1.28328491802189970095,0.20859370132241022988,0.19759717756578340508,-0.26293012139816940298
-0.23204758730398547528,2.27158894910917519283,1.51471862362273057556,-0.81815151384358997255,1.49058249996043890029,0.96322126953700293317,0.13036506520497587180,-1.12911061915935961864
-0.34297583849403323608,1.42103897533186995794,1.79502310082598048879,-0.82988359345853346394,1.10906521086083964533,1.45629915373263796319,0.22785119971804418393,-2.31525923041452763584
-0.51155963818660288300,0.29538056035039783609,1.32623282482123383552,-0.27815388699548554419,0.47145030193247650097,1.39436561577109530141,0.49081838745907691024,-3.14565726884232432781
-0.59579502491839264611,-0.37768373035492736056,0.61487850305573221732,0.46061543504569807395,0.07064831931244680563,0.93449300876822660733,0.72264937920609284561,-3.04123214016932852388
-0.52674977866802463744,-0.23451898258037015554,0.19578269129461259301,1.09124228612036633379,0.12220847860510283822,0.58165854359606028456,0.59699346363910210655,-2.09537942353949535601
-0.38264348233000200494,0.52652840782517740248,0.24161423687903638147,1.52902894034679226465,0.48549642841522649972,0.71899583818877355057,0.04236882992942557491,-1.02876344616931869602
-0.28632749421192460471,1.33550768510793305133,0.46062587220747097660,1.70033459016332488822,0.85394239352393774833,1.25729052420359344033,-0.53037990729205564122,-0.58890044105525862772
-0.29634705187019627637,1.73493582273959057183,0.51978792025273079513,1.42207409567850850962,0.99414564609430489117,1.79151023776514284336,-0.59673593756374432306,-0.98233202659431162473
-0.36291762666848431662,1.74817268735958242232,0.51629230622323651900,0.52784133707633729138,0.87619383113025028909,1.92213218713477806965,-0.15402059640707860266,-1.68988780977014219076
-0.41335029273883733270,1.73229467493820910029,0.78956862903873181736,-0.84660536393310181769,0.62162953536969045576,1.52148926850936683230,0.20438294702306719630,-1.97058240079060764671
-0.43325871777467001023,1.94578093410476027358,1.43744711249271683862,-2.10618135648283022476,0.40835888492251043447,0.78573233240785411713,-0.16971526747871529262,-1.53440688008735581782
-0.43452841866944025284,2.23171581905556015712,2.03806286736107233892,-2.57163887351738651432,0.35120004647998187552,-0.00938897858239463000,-1.35464633328199379747,-0.72557179523165504786
-0.39142456474996029092,2.17186062767389564954,1.97712067441889760566,-1.97367788279120159878,0.44216846765212747261,-0.65642522285057502973,-2.63944366851393130702,-0.12588518993646222177
-0.23521566377454633523,1.61802395474728366587,1.11905202453207319735,-0.60726614308744220061,0.61901004402747183963,-0.97129116670658965926,-3.09710574837076579868,-0.02590656773495065082
0.02924267580858895196,0.90849619809543336046,-0.10305225047573665642,0.80249344220275131701,0.81070411999514502277,-0.80291828556145627971,-2.32862548707477667875,-0.34898446914003661279
0.28161081551803657241,0.58301010461081559377,-1.05859829607112265748,1.54189934092516556241,0.97787614974612868668,-0.22795487232219965867,-0.72859165266562486707,-0.77377790388798572963
0.38639590018436736907,0.90763034663828312532,-1.39179882133516730214,1.29200400812988291932,1.10700022437826106625,0.33069295695198830387,0.71928327999178653940,-0.96853171690157902063
0.26689788026438182600,1.59917856905973776449,-1.26304966532635143395,0.29142911600859033872,1.14927400607893548390,0.38459629302140052598,1.20656322717879649353,-0.82569293164186563505
-0.01105661350538035721,2.07012064678242158067,-0.99112631331579470473,-0.78135539981492585504,1.08091110906507847922,-0.20975735432234979272,0.73352514226339482484,-0.36140632767574570883
-0.24480673505089725617,1.90333192630076397656,-0.75992442896021972221,-1.39850478928074961615,0.95384941163599734626,-1.07110054820855937763,-0.02852792735487263975,0.24854521949393526548
-0.26092289204209451192,1.15485078051275258382,-0.61337398030168543972,-1.53638264714651961995,0.85094318127867885071,-1.59015243920371918129,-0.33405645748110535109,0.66202876760440143578
-0.06241083164205036421,0.35996474486668478265,-0.49562259469371927612,-1.47981729981075993408,0.78174071209464557342,-1.42012458474695590915,-0.08889539905551160914,0.65627764154393730678
0.15902005586786821523,0.13482109270837222548,-0.44025499605624551780,-1.51261120770490675724,0.62950634588455001150,-0.61742848965293950503,0.12477333271016052829,0.22873166274042547319
0.24015762200206727806,0.64038190004133177524,-0.55731066012576868651,-1.60906363719817036007,0.37814410273918747096,0.38182867336377124268,-0.13632932787660456686,-0.40865150149687023973
0.23623131643406941604,1.44415165311924620362,-0.87485798855671637053,-1.48923131827566068708,0.22546527857007198081,1.08559171159264100659,-0.70062905686757626089,-0.94347451738457821513
0.28547952228924217133,1.90813037904893123553,-1.26040299381729403727,-1.00295169340635359490,0.36073220105439052219,1.36524727061571193865,-0.99389141673609837646,-1.17773420850743271160
0.40770646520565523296,1.72791932659870539624,-1.35744191645661982371,-0.25616535963054476444,0.76259994933582742060,1.29068092075726625900,-0.71182490361227757081,-1.06188928928305936772
0.47092728468015437882,1.16993218494454986889,-0.84259702114889445390,0.51017491774112788683,1.11454729535990537670,1.00369377565671502595,-0.32905232466211986608,-0.64328940341624507582
0.34788699956269542035,0.82660458057577124169,0.25494830776290072771,1.04817639836376175211,1.08662669254214083736,0.70868015979176601782,-0.61769134613602005857,-0.03880189409465437111
0.09143646802217071656,1.08063435080387226783,1.52900930130979095800,1.13341631125619768383,0.73180414378761537986,0.42467462656525667430,-1.79378527970992385221,0.49781946913223612539
-0.15286620184484916996,1.75882593294365419112,2.36444300197945755926,0.62831827888664315562,0.34803928133470746209,0.08264970839184239415,-3.19354847869167368657,0.64512659988871101646
-0.29610894003552495901,2.26303280059697042859,2.36855863502766572637,-0.30238617300677944622,0.17528090019692332824,-0.30477541110914052602,-3.73000816686450686888,0.28366412537325103038
-0.28954525785847401442,2.02543750795167376566,1.66697075640256109352,-1.16442799768075477829,0.28507085990877206738,-0.66647404967162193756,-2.88379787344266391713,-0.45894278351429362850
-0.10745660632807367552,0.97488085598741647253,0.70886983021315752573,-1.45192626889790465938,0.57114889790239065093,-0.80877865420272421204,-1.14358906011301098005,-1.28665854724424510991
0.21083057788742770589,-0.33786198383454663086,-0.10169995754260992282,-1.08143419879671243145,0.87848422095616729433,-0.56766838256478402425,0.44587115533898086239,-1.85366008329873066529
0.52977353032192564530,-1.09170220985038302075,-0.60006990070116950076,-0.48684101975557758646,1.10859851539756726346,-0.01567887847152471190,1.01915163214043413831,-1.95601791110587019951
0.68660626296134030788,-0.78098300101011208785,-0.79333594169349197500,-0.20340031533221758497,1.21912523782674631079,0.58849120277817146274,0.50114556498705353782,-1.59072073369409272559
0.62774819335025600076,0.39606536363308975091,-0.75182792675857923470,-0.42714972014979496473,1.21169926486006573896,0.93586786143462097343,-0.43601498852437214904,-1.00474852771228917447
0.40705249120928810314,1.69055456828579986350,-0.50615545299458208905,-0.86430218250791901458,1.13413422667571106572,0.85420829940879505759,-1.03114819632895549084,-0.63932151313368368317
0.10247366042402214492,2.32757195606934530474,-0.01090742237746417445,-1.01009236705167815273,1.04477844117932971990,0.42333817871964896096,-0.93564508223895692662,-0.80228523702508025561
-0.17371771637100691388,2.00113789319703405667,0.71333479471869365440,-0.66486976506442663215,0.97248821360641191092,-0.09927418661882286832,-0.31403943675412976377,-1.34940506690090411546
-0.26049378133454564876,1.09689304631225903464,1.48068005710137806652,-0.12172768498087931099,0.96442090060831564546,-0.43570106429545429894,0.35908398385840556433,-1.70812938859116880685
-0.05422257525058277183,0.42044374092490777173,1.92397326266969526110,0.08301070880174235556,1.06289253756606894008,-0.43868682653152202278,0.71349254874313616792,-1.35566877318520351281
0.33575154523468309087,0.59330854740516814072,1.70518212747471120672,-0.29925023973548170453,1.22861635935204938086,-0.19857841871683695745,0.69403048066274530825,-0.29717678690220095117
0.59435064631411183012,1.60737910946219608732,0.85715296155486042640,-0.95259001179756863653,1.31637314569577101864,-0.03330712684312022581,0.37352827764338181193,0.93809554694342567327
0.45565005071416830873,2.84090590854553814992,-0.23455045547263736472,-1.28132178560988263527,1.12931953162317988415,-0.26144409267007967523,-0.18928790127376260433,1.72265075844884907319
-0.02443054982138471651,3.54766372743556912539,-1.05223996533937658171,-0.81295862849962952090,0.67423757706771392240,-0.88819813675724179625,-0.83522412394585610063,1.83281467727070701557
-0.48390181222017275564,3.41514286849023029902,-1.21794096837973753189,0.37680899608612172802,0.26330587917379827401,-1.49497659750071032470,-1.26013462611007431846,1.52185210023725381312
-0.55284747183046756280,2.72378145399660631654,-0.75543576959502212187,1.53544218347080718701,0.24657116583861818371,-1.50948587327015415482,-1.16129232456520670169,1.13009677011520448531
-0.14478241076348150052,2.05357203439894320240,-0.04965302573828858645,1.82673348512751454464,0.69191591101456939583,-0.75149544609249385729,-0.48879157038077369890,0.82086999842475660838
0.48465429660723780003,1.81475486155267851096,0.39568656242257210787,1.00862338958233088704,1.26623657935485467441,0.31379805303078567302,0.36452050594754176194,0.63993881129444596390
0.93709299769096243704,1.99046806745542426142,0.28585531025806859562,-0.38687053692129291793,1.52640432952222604435,0.95137902782159422532,0.78965664501760279848,0.61870592008575564513
0.95685676921874784906,2.23746722585031987407,-0.25494302705948679311,-1.39552481917969029013,1.31751758778692829033,0.73502857901597185020,0.49048042060178342894,0.77358123220316343804
0.60500293902271184976,2.18433131179427730828,-0.82264330127561291484,-1.36178922694613513400,0.85837433934540974256,-0.16446193857884422451,-0.28809049390326746387,1.00577159224209733424
0.20802171476196640310,1.72664293977087268672,-0.99793581584329404954,-0.41141506455211607207,0.57516396381123646719,-1.16875297490854945792,-1.00629061353251092470,1.11857190492233327106
0.07018919098891453212,1.11326874348776216905,-0.61623823346160966352,0.79287065010451018843,0.75207783024240959513,-1.73304058509732028526,-1.27782731271628779979,0.99227156380278447312
0.23639079917918157103,0.74928146266672002174,0.09468842794106559213,1.57460333631324678194,1.28421969404167346518,-1.61896757086571629891,-1.14132188093953801378,0.61833986045114475161
0.51359231602928534510,0.89270061331348704581,0.72540893193200084443,1.65303616085057591967,1.80243311596831179422,-1.00357887052381067328,-0.87536244353426673204,0.05085153433754305979
0.63391853221907223936,1.44090386763867539521,0.97961164847463000349,1.20877791436145010096,1.96324005705241355635,-0.39125956167786846152,-0.68827378975151876084,-0.61645889259035113739
0.45988649553016491822,1.96865699484729139712,0.83309907833331764415,0.58155332934060788297,1.68380228117782504427,-0.21739311331771124514,-0.58306054924786465676,-1.27542828685994802385
0.08476427409399522883,2.05350787021415603917,0.57209391785534713382,0.08008058088728067792,1.20859543026493199136,-0.51869454089584743350,-0.32866452264412926443,-1.77697586421548581193
-0.24217394499318603551,1.59876303977186084992,0.55197865409419211158,-0.07643377547806443073,0.87611304224086217207,-0.94147813244777356356,0.19021976325906150840,-1.96933593675698714875
-0.28751488333041413936,0.89078396806601334301,0.83699764986413627277,0.11861148823189519852,0.79173355533655154215,-1.02702350841542866533,0.66013032902235335708,-1.82668230283677512915
-0.04188282176831607806,0.38756172905205965584,1.17554866870954421998,0.49669553807618854746,0.82614602972175754658,-0.61697281824731986521,0.72085597036373472157,-1.50653190271592185567
0.24313087338432415319,0.39913176346803341810,1.30752393984211567890,0.79660793257642570353,0.82454869261557595106,-0.01825484296546822996,0.34341836116360480169,-1.23023344237709197913
0.27224398241568514845,0.87973143314207813415,1.24836490344758899163,0.71424771712233747767,0.75135171246569065762,0.26056191961921981726,-0.17859678525047367748,-1.12891864936499475291
-0.00669774554472549969,1.41439038284060392137,1.25011013425939432331,0.18192201511157862770,0.73317181071253678670,-0.07327912135401883076,-0.38109483074622085841,-1.16826290940808008578
-0.33009483024770169823,1.51774442826019129171,1.47470002564741098361,-0.44244139077558258810,0.88337516219466494238,-0.83561636824633001019,-0.07186403600159435578,-1.18085347878667357158
-0.40603998578895367233,1.10799331060973571539,1.75748071435263897300,-0.63627909910655178205,1.12862160473943529126,-1.45837195614719994374,0.39280166317884857019,-1.06853911161949488573
-0.16633305906545714503,0.57798410017657153581,1.72990046349582882179,-0.11158764339961184386,1.32079491650024261062,-1.53062732076241481138,0.47927369564688043768,-0.80228635639232059873
0.25890519155609414970,0.42737372831394487838,1.21015563175646367888,0.90642048448826606499,1.41260524818470001307,-1.15071593622907131227,-0.01680925618015384482,-0.36629051447188898383
0.64132689467600556554,0.85216183798680178452,0.46371844847607079920,1.76491514827515039165,1.46518078988803424068,-0.62576274309491286552,-0.84327061485451004774,0.08772778166254739662
0.82830459007200674115,1.52706985803298000981,0.04959740838649063371,1.89820841954247776506,1.51680027500201553003,-0.19221875875451172044,-1.45839473347115666790,0.40219201759808420604
0.83865200529700312249,1.83849134119938062426,0.35641526436312009896,1.20565992708345559592,1.50361627261540142797,0.02172622063883157886,-1.42180161899158896688,0.54290223410443205765
0.74507655490067770110,1.37777448097602550625,1.21009674659262178587,0.13011266093156487189,1.33462401418210308002,-0.00736209762936101009,-0.82161568191898026736,0.43996583452357163058
0.61565649213701334475,0.22988309845366661222,2.01512742396266331113,-0.52596783143959835449,1.04761161664829338669,-0.30487351540494439517,-0.16239391945403164330,0.04903017081516807679
0.53776858651062120487,-1.04017100872008194656,2.29845068517259276675,-0.23154055020870520365,0.87429500679679739150,-0.80743842900981999122,0.10755971385819826369,-0.55065630992621206197
0.53920001925090377259,-1.72233334742213939350,2.01495873376737888449,0.76155126153537211486,1.00867215742906468634,-1.21125527891263451430,-0.12463699304039593807,-1.16304762814300954865
0.52619798444088905498,-1.45628584670541783019,1.45088795981553375647,1.62999748231708596613,1.33931231961700691890,-1.16794820334250148974,-0.57924016898104513373,-1.57742327409037463859
0.41232544843846830052,-0.49599791143790528114,1.01112670574404583945,1.67139443678409560512,1.56096451399819824424,-0.65487293868950602338,-0.83723796467202271643,-1.72288677774084608707
0.20867084987825496034,0.47779305581902875577,0.99941257888485091065,0.88931030826001766787,1.44315159588577301975,-0.08056365410835640561,-0.69393544136162965685,-1.68047011725736306076
-0.03708477454447217658,0.88140798667094044649,1.38654978216473812047,-0.05912652178881113579,0.97544177580043744946,0.10767978073687511920,-0.27198841051400335367,-1.60609398632867872436
-0.21027167062450760615,0.63259723546600177269,1.80375182838717140754,-0.52577472279919235110,0.44442333703605807482,-0.22616494275902454536,0.10313028691403969272,-1.48978633532804183304
-0.16444579025019742669,0.13290879172340908099,1.86479970493200530868,-0.41701421834651231091,0.28199095671842455690,-0.90164273584939225170,0.20633116048128000153,-1.07724445813039704234
0.10914154553120354596,-0.11010355863398939291,1.46904495536596768623,-0.08289805454656454242,0.65855293095153322191,-1.48222739155915750331,0.06429680393221262613,-0.28250634057139573097
0.45319982543829556709,0.09433453142165341976,0.85081777649292700261,0.13443924431492126903,1.27913725581935033837,-1.56465920919767920161,-0.16037244015449753087,0.53766805536682871214
0.63268411986015260506,0.53277302515742575029,0.37783524909681681647,0.22320760430613970082,1.63786947497771784299,-1.15038057798228354756,-0.29652494649012411942,0.83196519143318281575
0.52100801665263363205,0.82932949724658744373,0.24658827312202036275,0.42910228657599297497,1.51277185759191690195,-0.63303160775307865116,-0.23138841600136841881,0.32622706906816240080
0.25074487808497986085,0.79663608222584358920,0.40043639298478883592,0.78668268038006738951,1.18109417674682815047,-0.45163280465236721462,0.03089301252359089034,-0.65152641544839640098
0.10008620570989518184,0.56200380920431847187,0.63994156210849439947,0.99303923589055265175,1.05859599461159303857,-0.72371527610218278070,0.36887768525027775368,-1.32784682509768825476
0.23556400279125355723,0.34951977501521080960,0.72631587863610636013,0.80374825951629513821,1.20373710351133822449,-1.16226829444381896117,0.64822735198124870060,-1.11931879811244305856
0.52432827579316265698,0.31632962024638278109,0.55799961326569569309,0.28319927613648709919,1.25441098001853257315,-1.31251973198034255219,0.72029401533644166200,-0.21254574971647180459
0.67392956843849571857,0.50328485237724329693,0.29959704854879953828,-0.20129891843547015329,0.89187556759501540604,-0.93224695683902403243,0.45167105432727489012,0.59580965254499751449
0.56405395988749751357,0.81680375411117511764,0.23452208874678195927,-0.24047754219920067231,0.29307101058506190849,-0.20263572482086422699,-0.07587349286169020601,0.71907591631041511970
0.31153119659560024601,1.11659754024131951944,0.51884669755618439968,0.23112196837232087954,-0.03061516271420883228,0.42649280754798502002,-0.61460145368776419872,0.29735430279144475785
0.12657979073057307184,1.24513175341013515585,1.04988019815740618590,0.86968673465745804929,0.24695196633838004119,0.50484846036972697014,-0.91105406227787089080,-0.03155406484357772823
0.12445137029633769610,1.07426636402320552222,1.44577658931477426307,1.16725087308749397863,0.90823154941527450834,-0.16104591075984223125,-0.79676073494251264950,0.21466953928372459193
0.20104848590235460670,0.62567516089289787473,1.27643742662288461887,0.87472021983156122982,1.33672028327814396143,-1.33933956108177398825,-0.37769137107967337696,0.78673702030110437278
0.17222549148955573761,0.08976358162605120594,0.47113125722541276952,0.32021381659315445445,1.12722051497567710143,-2.51705669546381693991,0.00571549184909778130,0.97778690359544961908
-0.00945799736330887354,-0.23000177196052926099,-0.55879320448724489889,0.15851199836544366262,0.42118203036145851481,-3.16267450046928511043,0.07371282916043653266,0.48834712499543736497
-0.22686350223144802207,-0.05420162601558083798,-1.21326345442903837935,0.71832191447642279591,-0.33372673705894517759,-2.91348454951432689342,-0.17809597943235289108,-0.26271138382034592285
-0.32881997708126758928,0.64966028071557135881,-1.20078124165580679694,1.61582515074269661426,-0.80582971729575814113,-1.78870482378774187104,-0.44812914916717672131,-0.54837488090123875928
-0.26625477729205893063,1.52493892049647294940,-0.70330466250661360927,2.08893589192747475280,-0.93358733382789571564,-0.32641734221615842371,-0.38154554521053607452,-0.10214813735091594904
-0.12783292211629482260,2.01381334485599738926,0.05051091638144272061,1.80605464919972025228,-0.70757600231165451721,0.61775832757948823115,0.08580967038697769056,0.54360467865694406253
-0.07075692942839124921,1.79889465884799104600,0.98521563343643936417,1.17517518085544492301,-0.12578827759036337319,0.43153288702883429995,0.67047013246386533147,0.65435734938265821548
-0.14888417548249255340,1.01625686941595994028,1.88088524150263736168,0.67735765891649524217,0.63258457804955647852,-0.76936415454966411431,0.97712095048204872239,-0.03694082055261453668
-0.23879969127899708381,0.12751592310782483564,2.31299544109464338959,0.26301993223303010705,1.22383678126356043592,-2.19920644648825103218,0.79171714862613307151,-1.11831583564919134766
-0.23722016369836668170,-0.37110987501609427053,2.01838216600399755762,-0.35223522188756761775,1.28792723665705044489,-2.96525138288310552426,0.21426342034240095091,-1.82308906808442028336
-0.21218539774820241450,-0.24512820832758369649,1.29614288095443441762,-1.16632337243924477654,0.73798374316060588729,-2.73526463266887054360,-0.48807177277286600825,-1.74287799312630631299
-0.26160215169590611550,0.35267669229147591281,0.81795699946564071059,-1.79108612857152893483,-0.05695758900322922536,-1.96750534951531852457,-1.04307029792379535316,-1.05921853386440067979
-0.32909956600923240266,0.94385631148086901465,0.88896092994604847259,-1.81305747963528651745,-0.55798026737963601907,-1.46788062315362788368,-1.17821676247194973008,-0.23812060509719740198
-0.25618501013138300637,1.04879344022496612254,1.20645685988488415852,-1.26019530376368460445,-0.45928712457270198799,-1.71351922557213320886,-0.81287080637200348487,0.30510751559344467809
0.03914916893082536625,0.55554965413246670813,1.28706773402986374144,-0.55463033849893106364,0.13555238672721720006,-2.46322133114116637032,-0.22296691486174136099,0.44446143704755664006
0.48694274758917571733,-0.26225812930231423570,0.91964422220285690912,-0.13603457257028137017,0.78340322145791463360,-2.93628826959671496155,0.18959946751749109928,0.32188269411597203451
0.87358523462717529995,-0.92961838185435796689,0.38755469999286218385,-0.17292665518004496361,1.01856720104162667973,-2.50337238774148973519,0.14502417659574828868,0.14254180445851888370
0.94730285546514703121,-1.09135635941471664800,0.13466867653090200396,-0.42323882537117935021,0.69127510576559281219,-1.24665116480793014553,-0.36006872425747837863,-0.05395767197494195228
0.64513392323624541014,-0.81256398025531573204,0.20487876810808516859,-0.49987112365416747073,0.05682339876568513748,0.06514825700712920109,-1.02419260429588865335,-0.41845230326048415970
0.21152150935596836234,-0.43924351464147681767,0.31696732441066521879,-0.22347163560298430318,-0.38734008366710481752,0.49846806781220592830,-1.49520655365475163556,-0.96887849098652512048
0.00429530680682779428,-0.27438270733782638144,0.20869768366904284385,0.31202056218376295060,-0.29845836569623873658,-0.29751021423673951194,-1.57834710238641395819,-1.45661816208510952464
0.14716920474059502766,-0.36359271725623543148,-0.18986176278134136997,0.76227083625055858107,0.16705022819598505657,-1.69263113523210706468,-1.28378587571499358511,-1.65492925386836331469
0.44791921653914490431,-0.44328098766424506305,-0.59944726239193346640,0.79080924553778331187,0.56477824784533259272,-2.50878638271589915476,-0.82825570691794825340,-1.57277091053696560508
0.64197391284497917763,-0.22413527262167987075,-0.58960485762672987242,0.35538644024535626098,0.61384085344957084462,-2.01673930326402839341,-0.48739407403935397500,-1.33204323049414541380
0.62758212413116187811,0.29048127962569042504,-0.00444304640881367213,-0.36730884763189342035,0.34015013653079129163,-0.54287941598345101912,-0.38535100581270792519,-0.99512628357548282843
0.47479063467958876332,0.81236431985506629694,0.86054050164133610856,-1.08596552690788428208,-0.08417620473011340476,0.90929840426621855176,-0.44252058930207305298,-0.62211522524183926475
0.25211031355359070361,1.02087519891419198359,1.38976937348507001424,-1.45547963298421656475,-0.61648537961983729261,1.53603662902240212240,-0.49469387024609179360,-0.37276861908546393698
-0.03043181691309001721,0.82274961726836937093,1.16864696871658790833,-1.22214819629514392929,-1.26586008483930956281,1.26286672481313400063,-0.46339972511733462657,-0.47474051272436151860
-0.30465926119253600168,0.40621439440025286505,0.45428528470235518544,-0.35145689480567060548,-1.73979770512794251758,0.51364505406072413773,-0.40245345634947565783,-0.99563508151894253295
-0.44364275558269627986,0.10044582807932797563,-0.01459275016317695441,0.82388726399458489524,-1.57308446432565807171,-0.33781495949175233129,-0.36018408191747952607,-1.61752242882127261758
-0.38732002366567991336,0.09098938840419355800,0.24598244577373962194,1.61130742863662712594,-0.70206274391247591726,-1.19326633207983334728,-0.27874287108264184099,-1.87946091370260148778
-0.18581203130928264367,0.18838989753343352018,0.93598332696167274580,1.43219708055904093591,0.30414861967737016890,-2.11293720200319734559,-0.01936681138040524663,-1.60353863981340349909
0.05383743802201908929,0.01953935062295236724,1.35240114944036071698,0.45362401501476468102,0.74385769487255060106,-3.01647796596820505499,0.46509699711345303674,-1.05849231447367198022
0.19966037541809070199,-0.49323536316467408991,1.18013231889767178373,-0.41016320464423983161,0.45997200718536290776,-3.58121989955548736262,0.90282439431453298528,-0.74123415674480264137
0.15053676361068277223,-0.91246817830981863384,0.74836917526629209707,-0.31709456696989424263,-0.06621682689163457813,-3.45031122642201193429,0.89961422937763557695,-0.84421734793138980546
-0.09033809063394115935,-0.65405680172065472355,0.58797070196553480326,0.63077841627172015482,-0.28738843626762661243,-2.43583150732373665548,0.36780483894587057137,-1.15273837505815701654
-0.42497265335344758252,0.36422629493733926775,0.80251641363820158670,1.41032266563107233637,-0.18419369268377328019,-0.86643669667680522917,-0.35721163029002034328,-1.36027043244204648431
-0.66229945787192578965,1.53605594722680938169,1.05410769838906359652,1.11188651144997008302,-0.10901954301116660584,0.29933819360630326001,-0.74225602593164563547,-1.27222626769891045129
-0.61360240798458043354,2.06879723929731973442,1.08414211864727949575,-0.09144884820526469338,-0.19852352572034803746,0.18120654627034865625,-0.55902074661936274058,-1.03474471506982124147
-0.28541723041486616319,1.62908623972372867961,0.96252465360527128535,-1.09137021375576881432,-0.24422081615331492355,-1.23070750086901270492,-0.07463290701983132935,-0.93354319740198321576
0.12531752541017107672,0.53802593507995211120,0.90540926460159210087,-0.90723733064326550490,-0.07751530140662275803,-3.02579838984560689497,0.32055133825556247906,-0.90192088504277090344
0.38107250794370139957,-0.54054098071826817140,0.99894437015175707728,0.35710445422477243849,0.11711771084809305399,-4.07210312646950001181,0.38864132029303521954,-0.70109316300228807783
0.36855940538886738933,-1.03536249840912164544,1.14599773136226334991,1.57415738968718343926,0.04133426126526055372,-3.88227083487829105479,0.14433110254601649869,-0.28747598955368802720
0.15222322426430284770,-0.70930857170823646829,1.25044549692976247890,1.65437164509754763841,-0.31963562471761047812,-2.82653837226031745544,-0.15996004721644754842,0.16730358910862638822
-0.13581470667969169908,0.25238357349175233324,1.27984126897572858539,0.51882055616388944586,-0.72549877145065866380,-1.69391854866207958175,-0.26782024324140707439,0.34876348581234711821
-0.34505487254503197647,1.27713405453310935300,1.17071144641127355968,-0.88269448591138954807,-0.92294090399053252405,-1.16511391118053442284,-0.09088677441862583195,0.05479037147558898924
-0.37668925903761640850,1.74457343122821484371,0.88237398846914327777,-1.40240279233332865161,-0.85952657802067655712,-1.47672598065071847273,0.24976609327044788089,-0.61044094262486892077
-0.28382173105888486297,1.42569864578180904857,0.51479988185679437240,-0.68910107468086434501,-0.70374633733487379494,-2.37209270432659735661,0.50263762192381933325,-1.30272778288567070426
-0.20314798677051337794,0.60360389909450518076,0.27339598875975362757,0.58864588881548240984,-0.63364480663367306335,-3.27603169066079180638,0.47061918598799695745,-1.53248336732899148593
-0.25748621108874114594,-0.15115648737850537198,0.34040536628256107265,1.40929335512560394150,-0.73234863323201837559,-3.63202146749862730957,0.16012169135306916767,-1.00394708021652911967
-0.46096384403973339472,-0.40497652162302621992,0.74089328153710953817,1.24041994191011140103,-0.93884764708466550420,-3.27410095553905522436,-0.18299421807239701909,0.02266523645115868860
-0.66108066603423132346,-0.16178606540281920134,1.29699445682630432053,0.50945814724410598551,-1.02134905886503846162,-2.51363995972294018699,-0.30094229969159841387,0.91309542223482009771
-0.69820161470852948327,0.26743573209589799333,1.69177691807125007983,0.14016396223741017790,-0.80033550526154706439,-1.88774490088421620371,-0.17494649382455906839,1.06947374018909013849
-0.56934291725161223496,0.61200591486591982004,1.61617863969607111763,0.52785100697529241387,-0.40519102346815105697,-1.70682459946537790074,0.00895428401485585598,0.28470763668030851790
-0.37162273320809474653,0.81601800748702513211,1.00973458934672533083,1.21635753199300067351,-0.29182895938643838019,-1.76062047386328091036,0.02209520934993314256,-1.03005553750544009972
-0.18235149769861594415,0.94238957733897654734,0.19330348677795092249,1.40969258443238376621,-0.88768098765281167051,-1.61164198158883342771,-0.18164863493592653398,-2.07046572500218051260
-0.04538505086701433849,1.01210759816633721897,-0.35194411369113481891,0.70428588707672057367,-2.10566878254839018325,-1.10221596007891475821,-0.39434078782489018211,-2.17639847160084443090
-0.01424713635943175571,0.98550858997354728874,-0.47458684043700655186,-0.52158092671964817466,-3.36120326411899084107,-0.53807693095716679910,-0.38910676391760312676,-1.27864315259801708535
-0.12774540172101092605,0.87146984144437089626,-0.53782090066581711429,-1.43617263780047288435,-4.02522024447878656872,-0.49587868212956098812,-0.14615042940453776277,0.07547786010606433171
-0.35957001104627323018,0.80565263632481998179,-0.93832122128481987300,-1.44110514978447490364,-3.82173707226911751889,-1.33111744857473124348,0.10903509772432581904,1.16967186793139199530
-0.60206357616518679787,0.92385164171229627872,-1.57146961209392221903,-0.62740042614892743700,-2.93757326135822394164,-2.81395842733337930852,0.14224145983614716604,1.52858959920126169507
-0.65964538791288807040,1.18120294093070565822,-1.83695864682206844165,0.31774459076641103916,-1.79315037126653975541,-4.14439171413986162662,-0.03188514875466164078,1.10964550966717045988
-0.38127367620584146080,1.35731180083082669796,-1.15715520997090148825,0.72332016751998873261,-0.82198170764327116444,-4.33099576325563084822,-0.25073007528553931111,0.30968658468397303185
0.11738868443981487211,1.16343539366281611969,0.34648630846005046280,0.51285947083056948603,-0.45435190387513907373,-3.00129929715021370740,-0.35935000212733203551,-0.36835154026528016402
0.51379410514712153812,0.43714553129216759952,1.76602572286568726412,0.16091860068231861325,-1.01350005777084262171,-0.91026638255340086570,-0.27649451356465221119,-0.64094152998931708254
0.58295582322942174347,-0.59937608152215449131,2.12874900317043724840,0.15087406139512588021,-2.38642145352440637751,0.57506259451595165277,-0.10817236277750197360,-0.54891136698870879318
0.38376397583562954496,-1.33998811661911720883,1.20661756959987997995,0.54005040311283525334,-3.80697331081163081734,0.58241282934798588311,-0.05546741671536603580,-0.37983924523405265816
0.19555086353444306457,-1.23088605324875977054,-0.26787023957624139792,0.94800873550704600756,-4.28712750764526706604,-0.47371736610728537586,-0.15414842322411925757,-0.30186237542295574210
0.22957229571251996925,-0.28341064024703715996,-1.18761870422773174738,0.90286428214916814028,-3.46918284142665633851,-1.30028530783161833106,-0.25453460677452643957,-0.21756080423744963981
0.42689521390407858537,0.84884866604814135371,-1.01562110585317100231,0.24760107555093610610,-1.96427014238647879019,-1.10843839794922005559,-0.20387577549569504964,-0.01335834703377040446
0.58550852386664642424,1.32606201456456407328,-0.17689703911661303071,-0.68481349901559207538,-0.84470344190338841894,-0.37865114862775528515,0.03272915452578839535,0.28437175103111367314
0.54988618684742263110,0.81556365153284038350,0.48485641963184272774,-1.28331718757587087687,-0.75907309067100836586,-0.19925523145127355118,0.32053101418427842884,0.46507911959827402670
0.32939608705953643542,-0.23590260764029627460,0.51499112192896412399,-1.20004530797462161118,-1.48713419498616694625,-1.07331816067012253413,0.44048145707847363717,0.32014844971323491718
0.11811202240700989508,-1.06576885010898880779,0.09767402763344550098,-0.59685987342026258773,-2.33860294336519958236,-2.41518881394670925644,0.30650551835005768186,-0.07758236021127068449
0.13438789757111674339,-1.19414353332051592638,-0.27164676835082507411,0.12610471686570129402,-2.76467159715987875757,-3.10785801753049772955,0.04336508943144462558,-0.47247790338929518406
0.46292096510896357797,-0.68848742925136663384,-0.31976845583123086891,0.57756624423889357800,-2.65746602119175046042,-2.54402958422006397754,-0.13891718290491292254,-0.60935459385094303819
0.95673931316415405934,-0.01173587607304597651,-0.20865520221315689287,0.58041272954968203823,-2.33478310746082406979,-1.14202204131810591825,-0.15544881533088528158,-0.34931766418932269636
1.29774949119879701165,0.41539556470494470863,-0.15440328466413091868,0.32051150316973431309,-2.14543506384484761185,0.11491874428763237947,-0.13635700829177879734,0.22411979059994258101
1.30898551410194285971,0.46612330865053591689,-0.08807443927548197493,0.13009999997955962181,-2.11294503229610652895,0.55439784068895281433,-0.22971395752209519681,0.89390989905282025596
1.11519994728294125075,0.27290780021816457568,0.20724641305176896844,0.20674126986740820611,-2.03027795150449996697,0.29974570195381172732,-0.37213109960071621973,1.40908093141836743278
0.96845977947145955866,0.05108513920974232236,0.72947021866111483313,0.48401398088148167576,-1.80746860572768119901,0.00217505048213627447,-0.34906853736078052863,1.53916890417940455116
0.96006075396147927403,-0.11781661128712035691,1.04820680608411764823,0.67670033023632847335,-1.72478158926868307965,0.10197281095506507964,-0.06555800899742997290,1.19276298484188725268
0.92233563463205414656,-0.29806943161904353445,0.67679301646314282692,0.57015281672542372782,-2.16243268050768389088,0.40761306256012697080,0.32145728798299189055,0.47980337896844016399
0.71311404702507441566,-0.54313008462665846032,-0.32841613180212708700,0.17439283847173353559,-3.06610327772521440437,0.37827643289587703501,0.53902684080472940131,-0.31724473308799383542
0.44013637881188860668,-0.79223915842055392389,-1.34144736238010842122,-0.32338068939354569498,-3.90991694366435682539,-0.26224031377148093735,0.40163331361207676995,-0.87609851873979094350
0.28118778652828735343,-0.89385425771411142204,-1.72010209317790629946,-0.59724628400575197062,-4.14688209067742441505,-1.14114471628564384531,-0.04318591046947678480,-1.04917650649221361192
0.26472997434381490001,-0.71785937470258243120,-1.33848294365419917540,-0.33173398992672920027,-3.68838305502862473517,-1.56485228840070633716,-0.53839073934934278398,-0.86634954691283538875
0.26863318659999740889,-0.26551086346126961946,-0.65957280704449217090,0.49056419257932976086,-2.99294898819082089148,-1.24452202975179981870,-0.82036856877791008991,-0.34009209319964411877
0.17716747512996630642,0.29826702978648139686,-0.36458457406491751041,1.33546917991850522256,-2.64730446725158241605,-0.50410974683196996260,-0.75262008759058929286,0.48360064926684653841
-0.00976029887511068416,0.77311553316156900184,-0.75521512813487878812,1.43368803562590474421,-2.87137184715710613858,0.06315964199750889740,-0.34802046095526506519,1.38114609678963318196
-0.25203034311322891625,1.08002920614026609591,-1.46589791408526792793,0.55081027278608607478,-3.39999509011399503322,0.13439484370008811243,0.26119597937900179696,1.95605853837651877392
-0.47173738696767958389,1.27074610626090001020,-1.83517971769253018799,-0.75461936188612388499,-3.77146292422407292122,0.04521669573677747356,0.85801928528584614497,1.80920326990519786392
-0.52073040322118080425,1.45662669673705891249,-1.47241446832502687059,-1.47273734892318697298,-3.73483853242400254402,0.43904449579739174281,1.12985821994651747247,0.96667378979136442396
-0.36060356525231795910,1.66150661138826771790,-0.62102095677563406984,-0.88894082839356891590,-3.44041461035294959814,1.47582708588399769134,0.88455157460807365410,-0.06919884368535583752
-0.12596114541069255988,1.75264103493631862030,0.03768212048741256120,0.70933850818990240583,-3.21426076931367132872,2.46466541459665400282,0.29759650356339206745,-0.71358144706159798432
-0.00064698770894798063,1.60599481663314458402,0.10485178050058537036,2.23228414861492963084,-3.22714073863876960147,2.37414812589935575460,-0.29117408433572355975,-0.59939357417704797193
-0.09107299292399641255,1.19677886119146403843,-0.21467246711969753536,2.58073907417732062441,-3.43450783557019345693,0.87105219259033717094,-0.63027975823566850799,0.13382786598109969178
-0.29522262903940649226,0.56761740357430701120,-0.40553637307008022495,1.45694076466971633721,-3.65604621450823863427,-1.30823668517725910654,-0.63518451745488779814,0.93730596213600592126
-0.43282803770785466257,-0.13533253278767543026,-0.10985874203949963501,-0.31272885904220293352,-3.75283792404293814471,-2.95610465041968328848,-0.44154383719581613565,1.25951562381222670339
-0.41495429105535891479,-0.71846844603990345224,0.56240712682881455198,-1.49274809192327273522,-3.74075359383032379768,-3.18524483640844779941,-0.23630788527802626398,0.82543856437139917492
-0.19601114610998457422,-1.06445354405905923123,1.20827413676370221118,-1.39766967883413073537,-3.65425422747682082658,-1.99878884188860572735,-0.11085025229977821248,-0.07185411102858127452
0.18232262549528460704,-1.16406279075254848188,1.47836782475741523868,-0.29140655622236633082,-3.46730843056041715400,-0.28228603000345964258,-0.07132151039651302149,-0.74994451710098108954
0.58429526842752788074,-1.09669106850755504468,1.24176249468300370360,0.86135206326908242414,-3.17768568943996054799,0.91464715234105364861,-0.02280957232238522980,-0.77215832397213135518
0.85949890696060771145,-0.94449088005231451870,0.67735916497513848356,1.22013362631917487988,-2.91891819181543299422,1.11702887437076037180,0.08269320369209831600,-0.30090541000779380543
0.94036536340646359466,-0.70477144264614299818,0.18573728799041674953,0.65521105070498708578,-2.88471885111465553564,0.62171208176064240991,0.09821473943134945150,0.11225656799637878658
0.97163553695796789356,-0.35229409826574575870,0.03976486524488554580,-0.35195220107549218813,-3.08625784283496873428,0.19180525238935830501,-0.14757440288078724211,0.10335930232194347200
1.14391162575812543878,-0.00558796318079512241,0.10580227660574799409,-1.13042918951376725190,-3.33428314372271161758,0.41664197426036803096,-0.47938995250922800118,-0.30839419936866552252
1.43494483105328507477,0.12948495616858213264,0.04680377248025400366,-1.29153554865508612970,-3.37433759134667088375,1.20224794436317616864,-0.38899614881516325626,-0.93340570169196979133
1.64060727685573803925,0.05853223080515641136,-0.20965895312725837951,-0.92100583485737308465,-3.04228324760443147312,1.90228854528540014535,0.28567480517765564407,-1.54300479907005128055
1.60848667405480516557,0.02602450137588709772,-0.35526555260946574011,-0.43022778953869705854,-2.44955105391193761477,1.88814658396246515260,0.99822716593764493354,-1.91896968266580292273
1.42633943432038345911,0.28696288540389797150,-0.02421210243788811042,-0.23789377026199784448,-1.95576540771454077117,1.11224377488940429082,0.93385126690420772189,-1.82994671795258634361
1.31044989469864336940,0.89148956870204487668,0.75713164782857578228,-0.40767670973546638047,-1.90639265720520012515,0.24487927192215933059,-0.27184414513409849157,-1.17925773357874907887
1.39615273727021538264,1.53219692112164596054,1.46668183705052879162,-0.63087493246730197427,-2.31808365402793192800,0.00747462942639713548,-2.00907930556836822333,-0.22292389873950246848
1.65762556056161747264,1.75792359382993290673,1.53802750809058808024,-0.56991748842392730978,-2.81094544553345926374,0.40323943619452329301,-3.05953082174098200952,0.49198980870139730204
1.93549943334114926685,1.36229383265605652475,0.85603075255543414901,-0.16013023850835178541,-2.95453024241209272205,0.87325419090398315181,-2.60969564557185096376,0.37640711253836017791
2.05708399663460461682,0.54054130958000512486,-0.13395643109416541239,0.35613037758708498970,-2.67044834724353652433,1.00575468114493160598,-0.90907649885216690322,-0.69272916784488736130
1.95664020479559574994,-0.26556269717293834454,-0.78622726636841500092,0.65093927698857345643,-2.24986356988349944785,0.81434599027031995266,0.91474025063112374134,-2.02931798108410177406
1.79100724952228573805,-0.79447819618638915173,-0.81454507576327472851,0.50197573142221596498,-1.96219817579657407336,0.44056433945480694137,1.84749626451200965604,-2.60647384914288737789
1.88253596132751610526,-1.05824199954327524686,-0.41659194688162415332,-0.08172503616475348953,-1.75543072176363534886,-0.02388208068559305453,1.68876945534326328158,-1.88093597326940753511
2.43958375656500381368,-1.06898535800395810824,0.02578298459959254760,-0.77203656327287140115,-1.37960857530741543009,-0.31381147107412199482,0.86553394986309384329,-0.21441577277035211990
3.31839842427712961026,-0.79621512591771326228,0.24761874661133070896,-1.06903530083877940093,-0.68788182388280572077,-0.02522038222640762828,0.00715763662281225510,1.32755990309514593228
4.01245078737982119321,-0.27277339772849501509,0.22343760790111197312,-0.62759632225314332388,0.11747497781089419333,0.86497562690158968923,-0.48033367059264908683,1.69650090532346720096
4.06323080305647010846,0.27196066961986525845,0.03548730403977200243,0.37393326400928328379,0.53955145119619274396,1.69966149334733040988,-0.53679685125373433063,0.66729998758438036077
3.51834958488623295025,0.47362730199123986852,-0.24380390371665472404,1.22487287462077620859,0.22487768459754964301,1.62855944606030655919,-0.24083800745784395003,-0.95409607297216147970
2.86753567422974420253,0.21786591176132319436,-0.53064970258706067874,1.21466546398228336656,-0.70040744501756746487,0.46967026771039149802,0.20733567612279987791,-1.92027993329464297112
2.64631146446736931210,-0.23219269392005062458,-0.76218067677010525873,0.19739840583471507385,-1.69505871769672267213,-1.01815932261389807678,0.58282313659698647967,-1.50809403338542202810
3.04695530122297242315,-0.47144577697764350477,-0.90590091783539805625,-1.21293895953236186003,-2.15648866738005695609,-1.71915205237851287379,0.77992667319513797608,-0.16246596211880018346
3.79988576327804228328,-0.20634667731528866241,-0.88693521105329797827,-2.04087636028046315317,-1.85411396236227310474,-1.05245031469953498338,0.67161153312228172307,0.92496049390946599722
4.42978858985926748915,0.53616910542471907242,-0.61702721843541263880,-1.65704029857724477459,-1.07783938258986178305,0.55597917050970957487,0.18461836246683127616,0.92288965529856681336
4.61005873180183822768,1.35458894435495835751,-0.22211240299608642212,-0.25063320530002686226,-0.39257591717529649600,1.99715476162830896101,-0.47550821920993491254,-0.06387691962900965414
4.40263680479611352325,1.70673865312746642076,-0.06727840969024655171,1.26260694153613384216,-0.18165468300415316127,2.31002800618159209733,-0.92725569453164502498,-1.20073858607193306725
4.20475039240774872695,1.34943770800605822302,-0.34366395668152904808,2.00812899773386055458,-0.31388775743904884230,1.38647703777021469307,-0.91932044270501267480,-1.60647411489099556370
4.37756603334603422439,0.56770998385534854336,-0.84588885718088169252,1.73057370449516301214,-0.32097919190514989651,-0.02165034422979070575,-0.58455044759469765303,-1.11902979430598303878
4.96137512120003520977,-0.10510007793316375468,-1.18564404072223772424,0.75190574903247653360,0.09290806986941986534,-0.94534889377208419781,-0.30010998433328617274,-0.32320516311739505566
5.68893960460973424631,-0.34911565363453772592,-1.09700807626532692574,-0.24741711553521258948,0.70340206318510045680,-0.87632065527375513359,-0.28590366816665441219,0.10928999515396867204
6.16157831209685458163,-0.28158481501048077122,-0.66945990292890711348,-0.70004301609572694431,0.92295584724199009052,-0.06411621952583265727,-0.44390359912467203252,-0.06073511091134417561
6.14268474538342257318,-0.30903328101292903973,-0.27807489275036334497,-0.49906124798434997603,0.43044728749835309278,0.72246065049228080923,-0.42850249110578031431,-0.50025417835243235487
5.75676071912921116791,-0.68156299667893183170,-0.21938109345750747559,0.11375656841800423080,-0.42019340253216969083,0.80965023054557949678,0.03582803068268913815,-0.63632035213571114252
5.32539816808142330018,-1.15835788173066345230,-0.38754072219650587128,0.72788748828788407685,-0.89566580681851026835,0.12833486074811895072,0.75198975967795333997,-0.21489889419111327107
5.08047050274662659319,-1.23374761652760533970,-0.38841218838862345830,0.99698316407636611292,-0.54868929692370094209,-0.78752215517964752056,1.18882702960050101737,0.54205200288101773598
5.03126387125942642342,-0.71898590372698023554,-0.04210510079090355046,0.80739216142275171961,0.39115520560243088877,-1.36351766563189502612,1.03687000769043291548,1.08989365914557478909
4.98118876839508306631,0.03283768474130468323,0.47603363670177761824,0.21464707115436912344,1.22883125014729732705,-1.44902294487368510367,0.46594965832893120439,0.87629913577538198766
4.74013152818888627849,0.50456669005872378797,0.91182398829610722402,-0.61183138056630070878,1.34262708707977340694,-1.19304870495080317383,-0.11554332871972408658,-0.14121758761808056448
4.33373444776604088702,0.53957056224745736372,1.15408124557720714876,-1.39107524395564841058,0.64564067506748135106,-0.82638376517537304178,-0.50701508957557905877,-1.32138591610273703481
3.92213789927326139662,0.43820055892210152404,1.29855937229598827898,-1.77973925968490154226,-0.36247819734436803607,-0.56381467467344814626,-0.83817013951293195539,-1.84704389846791650065
3.64104685744057121610,0.51459753258113838381,1.44050190319019599805,-1.56913396134921567793,-1.04971067584923738458,-0.48348650642244150877,-1.18310734209068346701,-1.38829852652053764572
3.56871764709108552083,0.72357523908056731177,1.50479424593273836130,-0.94632708014930133622,-1.13815211745341327010,-0.51111436080689409689,-1.29553005055787107125,-0.30680658896366969079
3.69224062918424511537,0.85388266064378615106,1.37341365835265771800,-0.43493412126423131037,-0.82675627463496459413,-0.44536723872455735718,-0.89881388341768775341,0.70473879280953888316
3.88688659050995566346,0.88560464297072871709,1.05788029679459438803,-0.48942994823089880363,-0.54265077840468722847,-0.13479185799649689992,-0.05280597086263267431,1.24520056935031342427
3.96415784378452773495,0.99593062982774083203,0.81138427421854963928,-1.08269818005366769142,-0.53143345604323244391,0.28806041050262870540,0.84577164973227836331,1.42579431193788663812
3.75942206229463193878,1.29851075361099232985,0.96910103431814897945,-1.63606530347185219476,-0.73302904245510902559,0.52506948436067313324,1.22798152339137556233,1.54771182695476339219
3.28202517114283098820,1.62283175496666420834,1.49720046979081500282,-1.49898475352154947338,-0.98226189174070355214,0.39928423255743300535,0.65895626170620702489,1.78202239355710778668
2.74459907943272085618,1.57698295782190189840,1.82705824435942787431,-0.51434803092367120669,-1.14851463441156931289,0.04716548003782712606,-0.71892221163848823995,1.92387070741148469288
2.35466720830952702670,0.95337749789754722141,1.38968391496000176488,0.90379745970282476808,-1.18057653936137962880,-0.21364172581211898772,-2.20924962857397932936,1.54366187168751967107
2.14533160525768451521,0.01554055739451540991,0.29072728269594400041,2.07451117594375000763,-1.15509582543478472871,-0.22652861067453802790,-3.02667149645116584367,0.61001477652595903489
1.98509253597272117275,-0.72842125377227129324,-0.73848212615044894758,2.53714195416091614632,-1.21572582757724223512,-0.02359815010753664455,-2.70078473739773627926,-0.43657706253533473673
1.72122046646974413697,-0.92102433729569821441,-0.95644054849093540493,2.37635403295732627882,-1.41202579266428718263,0.26086433847579021394,-1.38628022421549257359,-1.10508894919350453279
1.38984895756392856647,-0.60823176570836834376,-0.24764877313200958642,1.97364665828563112804,-1.60442474160890258261,0.42696859188111724315,0.22675993521451776047,-1.14710681878751197260
1.20564995902936344940,-0.23588865092169367110,0.73803053831693177234,1.57961526261507523294,-1.58947795387172630122,0.37244720641816503326,1.42638582581409045780,-0.76395639713784391223
1.27557790185865771448,-0.25393578815203216026,1.22175513234326071910,1.19413652744825560248,-1.38544732484688726259,0.14283738571859025401,1.82515422318681808100,-0.41969610662234130283
1.47044925421742989080,-0.73358150726140403108,0.96108487131066477893,0.73366563433864961929,-1.24332093330864257297,-0.17997171560578500982,1.50128395112418577817,-0.37736470312369546631
1.57959258957821147007,-1.35581641983468115242,0.35308470141976339152,0.26659707503720808663,-1.33888784187202003473,-0.52065308160951406791,0.97852572225757683544,-0.58444701753714056736
1.44995858705179569981,-1.60959702970583617976,0.04082070207506601628,-0.02965787613703431067,-1.61489349093064027407,-0.79293885445371659060,0.81538475837142398994,-0.80367883272486662083
1.08895554570994912424,-1.13723967561398819903,0.28470948132245288420,-0.05979641542890192646,-1.81234538428231650720,-0.90151053185369023346,1.21298897056301879793,-0.78487669392253256451
0.69761100039454082555,-0.07401298384701439359,0.68253722729242594092,0.08969217044840507858,-1.67626712963373147858,-0.74175534057131176091,2.04291386130129337673,-0.52815636319901482221
0.46673294491485683988,1.02172198502410549459,0.55683411356309009399,0.18678094803655836964,-1.26485208154674055869,-0.29277324394575099387,2.97414090124119834257,-0.28181511761642230596
0.38184069695077110795,1.66226788589087504100,-0.26431163616128922067,0.15713101432333514973,-0.90510644976040510734,0.25534636563348345195,3.55313458998689757351,-0.20066538144882636874
0.27583734115292690703,1.77206878745069795755,-1.15451671347402973211,0.16661411173541346153,-0.92028236154353859622,0.58152287448391093427,3.42875990744087255635,-0.15114425694952560164
0.02612149946550822860,1.52175772705508172145,-1.29860843738041364936,0.38760971498403462565,-1.41130369492175478108,0.46542920349402566726,2.67547491258627490041,0.13028366297706142629
-0.30528580094407692380,1.05610387897768465137,-0.39642022881130939416,0.91128586343145256965,-2.12814244619752646059,0.02305958461024158745,1.77564540331152453945,0.60202747200781470127
-0.54336318924473647751,0.46470289507136941509,1.05041338032764386412,1.59880240260712391809,-2.66642026462834902389,-0.36268997106144207354,1.19801917740700347714,0.82817099381714920359
-0.58121172184776681569,-0.10248835176962797777,2.03461452392534125622,2.05002988947781483731,-2.75656850399428643428,-0.46392924404162821927,1.13939542568027141201,0.52260177428977139247
-0.47273936851803460835,-0.37423157324190031714,1.96432513084136384229,1.86864620182165586115,-2.36437198987610086576,-0.39477752597845550131,1.45179555243736979619,-0.14919013356280619309
-0.35751694748819190517,-0.18369515619939977280,1.19851294685294762488,0.92921684457570508098,-1.73367968752942291921,-0.40108544250293559630,1.75107573749635503368,-0.73745964495537741357
-0.31378064976637087824,0.27400606041490394027,0.54561562925890394471,-0.38571873647071031055,-1.26851302451506930957,-0.52919121480499808907,1.80342017777227625608,-0.86138051174240382046
-0.34341134043775889406,0.61386483424901083783,0.48369188261735640566,-1.36288912209154600141,-1.23811202269810505250,-0.52116815665570770388,1.66772810946360916518,-0.59446226969934135020
-0.41947078764092143865,0.59527901694653795328,0.88669434584372863739,-1.47599336540532855011,-1.55051142481346992952,-0.16616464677913886372,1.62893655523433378285,-0.30193980479306270492
-0.47833397230286966995,0.26905644922390753448,1.34247485182712278373,-0.69277417653766848460,-1.82658395578343335508,0.39514440851405602251,1.98680311733115666506,-0.18709617507932441161
-0.48971525802100579483,-0.08436037056714623672,1.60737297765296571761,0.43522662048705890170,-1.79507772749860650130,0.85443627785313702727,2.65947876329239196735,-0.24360952913946087861
-0.54411856591135243644,-0.21157030122504638658,1.70836193319153362147,1.10212270346071905536,-1.57305760149435869266,1.04819458992919223306,3.23624911463817177548,-0.41946087588588709671
-0.76685709243500455035,-0.06579019734660979113,1.77949477046135484670,0.84809578898303261685,-1.47618076860921298987,1.02064771129153930573,3.38441122733655364030,-0.70043169977697761208
-1.14933377345942289161,0.23248476883598759302,1.90074724603124178834,-0.16816742447429638974,-1.61385848522771668812,0.91018853333054361432,3.16735745630895015879,-1.03638157846121137240
-1.50921990908217562577,0.51470100215254421805,2.00731998057430294224,-1.26358479040439020125,-1.80200201944086413341,0.79041704271305790463,2.98108493698194632060,-1.21921614280281565001
-1.67799444172604972358,0.67493365823204043430,1.90893803087200542024,-1.67078969608501548549,-1.87662115171672305713,0.63052891842777414322,3.03895380954411020724,-1.08626928214830464903
-1.70058953777815324848,0.68708602365689885882,1.42849951751527060040,-1.15856941164428484115,-1.90053404232041067701,0.45873997486635137433,3.22275080110687284218,-0.82270961500462025384
-1.73983763877089603334,0.59364018564769616138,0.63773189903235150133,-0.28234412290266119872,-2.01090359988679789893,0.34746461068185546806,3.31104399437027252517,-0.75512457940982680160
-1.86119340555102841250,0.51095825865217103789,-0.02699213656835055056,0.05678056039584091635,-2.18745600140432161496,0.23928815022456575989,3.12618380529729167350,-0.94715574723843354299
-1.98713178744965102140,0.56181920794154571741,-0.04688550869948503869,-0.53925483440142862879,-2.24223229243267541122,0.04653655252211161275,2.72062926801796844956,-1.15913665534715426553
-2.01015755020672859388,0.76163090117186049710,0.66072234183858213896,-1.55000367455501053549,-2.06368195889649497232,-0.21513630675236861123,2.30278968263204175670,-1.10315443807350987981
-1.95994299075101152674,0.98935180305755776597,1.54852200640234061169,-1.95507775190748622762,-1.77380970197066623051,-0.46178468747931655791,2.04249767629321654638,-0.77036388916998410625
-1.96694420371531397684,1.13376994172335510136,1.85480758582002214219,-1.12602797449600666724,-1.56957727892127940628,-0.58924199091330853317,2.05774359736761480733,-0.44031405427769532146
-2.03878064388946711460,1.20958451603650418704,1.20621685030442260533,0.47997960586751758916,-1.51289775811481486123,-0.59263853931683341258,2.33502698338647451948,-0.31660602882933347457
-2.05336395002273475185,1.30371502475745160154,-0.06188625105807123161,1.65775577783352168204,-1.51591593003160274300,-0.56081670128018445975,2.71837806011073457313,-0.31736343371511033240
-1.91594539823776588428,1.47215160582196191719,-1.11639364301402510549,1.55835700404619093007,-1.48415287616704572038,-0.48079739792326009473,2.99423841990531514057,-0.19990600015993423288
-1.60979379838644165446,1.62021438226810410299,-1.32427934697906746209,0.34784027146523854856,-1.40751326868839687911,-0.27908284607925315512,2.98269906786398397713,0.19402745960526107671
-1.15969406629695148681,1.52514614396938852359,-0.69985057251745297346,-0.97451616879702107621,-1.26941553371450432941,-0.00121944454647102195,2.70098548638899638163,0.77523353217578938601
-0.58986201406080629450,1.03922585656323351877,0.21276381453719472869,-1.40269788891370583706,-0.98514743457108622238,0.21634789753779756771,2.38886980547327532065,1.21929718550313204162
0.02762811597077231840,0.26562006364047852092,0.72330196827399051429,-0.76054323711424598464,-0.50526792503477679919,0.27426221381387633214,2.34576177217140813269,1.19393753377488476275
0.55088378996097364659,-0.42969807836827472736,0.51647699320901019338,0.28956163426553016560,0.08711790735234058169,0.18306571177753605539,2.67791152583487024330,0.67492876217831554442
0.91920860759089095815,-0.70502079076158419291,-0.14700025789401680032,0.86078193684117643159,0.59997820728386563882,0.01495538982122384709,3.13207386471201054690,0.04065071918789020522
1.23424406107355322249,-0.57145578954721742981,-0.76011835438554054001,0.52612696615962450952,0.85557609732507400313,-0.17350112272798792756,3.27400259640244728487,-0.15539968075483329146
1.60067439619662987838,-0.34221512181150653964,-1.01517532311697644687,-0.33928936071476745173,0.81854077204196040718,-0.31169623075079999630,2.85752533440144951271,0.27870204921806840392
1.96932525337869113180,-0.30304737460139180572,-1.01956832489872906145,-0.99310425408780034218,0.66891478707794960190,-0.30929805970357066025,2.10584144320716681875,0.83951452898410916514
2.23858747870454344309,-0.47828259337938044959,-1.06150784311425971929,-1.01951950486729403522,0.77075074786048147768,-0.17042374809900379118,1.64656111239512203959,0.80215463174505308164
2.42056989025316582342,-0.72685198585413435257,-1.21617736905823581317,-0.56347121866579807925,1.37262365495264626603,-0.04880387872964284113,1.96126714914398192491,-0.05058403976869176727
2.60893022482421921282,-0.95371867826809020308,-1.26527540255502501942,-0.07866267611930624626,2.26367345591731039534,-0.07665457880159476378,2.89996069402847345131,-1.13983752667503734912
2.86658746198851366316,-1.15543849939685583372,-0.92890275637739294634,0.21089469380482947503,2.91347628930138125014,-0.19634854297475490270,3.82003611446207314017,-1.53240703412854428755
3.13343331191336593733,-1.35405035297294351615,-0.24726036405511150895,0.45243324667869044831,2.93448843830103811570,-0.25750655164499486327,4.12234740905146956891,-0.87920104938519705318
3.24587698423044201945,-1.46209240663006245775,0.34590443256605496458,0.74057252920533445106,2.35845344017896474398,-0.19230861134579818605,3.68228168684594203697,0.32957531093338821027
3.10173711784432892813,-1.26340937589837798427,0.48895384146538700687,0.96719811093357577203,1.62131904253372871594,-0.07113394739224437879,2.87486313520936498378,1.35989735735979011544
2.70415789126488625982,-0.62788876374937041547,0.25024083785398998359,1.00647447191764172203,1.20668361573511129237,0.00688091825723867023,2.21284012175507616149,1.76812173172105779884
2.13379446986737608682,0.27950936167232925955,-0.00282088341298604526,0.85658692791564561286,1.22637349649261806483,0.03783044953159454132,1.99519738650455069617,1.61433034343267012289
1.58460250669300073412,0.96460701704453288841,0.06709465911617840117,0.72679719547448340400,1.43782108029026400864,0.01372434056990933654,2.19292283692159273301,1.31779889706896780055
1.22665732338666910728,0.96184075102828836545,0.51293672144875646079,0.81666795370265865550,1.50111661053331491011,-0.09411466072744062439,2.49336845095644266124,1.24768364763895478475
1.03566399983077861435,0.33089403910659476171,1.11404098626537706451,0.99181205114676240786,1.22187036137158311355,-0.20029923345909667054,2.59383583704807474390,1.46718415741615260117
0.85567082551539996871,-0.40568449579713011799,1.57101062317080031328,0.88897669119942934746,0.72169570123261850281,-0.19504915214112372723,2.47483163534821803964,1.79423926060123561932
0.52804606698638723028,-0.68554750438680944757,1.67974767534092417343,0.32478020633810256168,0.28465437472702459498,-0.03064412660332729507,2.29031661268313557756,2.00221355638313136538
-0.01046435670980178784,-0.28424105523108206262,1.44119177752898952605,-0.42523805695788186032,0.06474798240139187366,0.25279924580886198315,2.16145030516752445493,1.98393234320006039972
-0.66852490052562973943,0.49812819105470607095,1.00358553456197463483,-0.82631922871773810790,0.01389063343544313239,0.44424785835005353718,2.09850047401465156227,1.77825504537752054901
-1.23145968333929434202,1.11600819195221312441,0.55096814032584107146,-0.59028457324321492727,0.04193956995604431609,0.35319064419315210346,2.09986871834295785177,1.43427240157369584317
-1.49234607494443283215,1.16553513032895561530,0.25575668126329831331,0.03576024297177272937,0.15717748277718288086,0.00758352334865500678,2.21903565828372606461,0.94138687916113261700
-1.42771548370573087006,0.61658559182479100169,0.17266094733415443541,0.47371937204590580661,0.37246564586244668149,-0.42484970370854502342,2.41740406118719830530,0.34062142299792946831
-1.24609886963689997508,-0.12692513038954628124,0.26105524751798681038,0.40903680643174433751,0.55458074586818639773,-0.69601499978469738572,2.49047809883031723288,-0.14073715955039106662
-1.24177388512825515043,-0.57004537429003410143,0.48305349760224236544,0.15193514226350948726,0.43820892229645047600,-0.63758265055980589686,2.17239027081495983396,-0.13445217326220634813
-1.54374893866827855859,-0.40113416533307133527,0.70459048816449276753,0.34290160224320459514,-0.11361638751455836738,-0.34214442691264396190,1.49430402938148043646,0.53052980859440734829
-2.03721757724115182242,0.33811329757561059406,0.79855563299695375701,1.17328736676677625184,-0.93987470160337194258,0.01261083440196303362,0.76312076514552074080,1.62513874221220211425
