F3,F4,FC5,FC6,P7,P8,T7,T8
-0.01387318775084107371,0.01313800219585566260,0.04232199606204813808,0.07380581099378309695,0.10765228073255656005,0.14366304641639424111,0.18138285759047609313,0.22050429721723227572
-0.11516654614335916640,-0.09314999599807027852,-0.06925909643219987921,-0.04341579454103188657,-0.01559390797354069831,0.01401784328415672451,0.04502500223541694435,0.07715336242471150519
-0.13254459094944198716,-0.11551504080006338993,-0.09681265817913393967,-0.07641331202920886856,-0.05433161695016188592,-0.03074909778943568650,-0.00599771070481584009,0.01967897579455514523
-0.06697564615158665968,-0.05427656198721795416,-0.04006634484594828738,-0.02436511561566913342,-0.00722017895152659000,0.01119672457308243906,0.03061209627720601345,0.05081192198892170442
0.01321823184841631506,0.02198057695103550549,0.03198203516897928089,0.04317671860943692735,0.05550175305766025941,0.06881011586831491111,0.08289445537821089893,0.09758231619168822313
0.01374068887597672088,0.01859228438839918146,0.02424666265320889538,0.03065124125356423826,0.03774582224047109275,0.04542685581762490737,0.05356653502256337324,0.06205108131166804653
-0.11642603354007072247,-0.11575194161469272436,-0.11480189228192475004,-0.11362641665113785983,-0.11227452118165132111,-0.11079690783760000328,-0.10923429154515497397,-0.10763246528540947045
-0.33026651230151016225,-0.33511364543589766685,-0.34021807719445640306,-0.34564412257828197594,-0.35144191148819337034,-0.35760945878916650109,-0.36408529496089980793,-0.37084142929029817459
-0.51638733862148411546,-0.52784425121415690096,-0.54000384193474637584,-0.55296763488343902981,-0.56680650044848568392,-0.58147377417954360102,-0.59679650881389112449,-0.61267513376797810842
-0.56060503097724123656,-0.57661485004893942019,-0.59350064965776316850,-0.61140181667002102550,-0.63041389994494356763,-0.65046509138747377055,-0.67130248844910755945,-0.69278187306135885493
-0.43259413111568878474,-0.44762233672740725510,-0.46328447147356593971,-0.47972654425040378579,-0.49704926565080997936,-0.51518292334577597824,-0.53386938801550976041,-0.55296962634078450360
-0.22002479213789202794,-0.22706164112957880064,-0.23407227098543445520,-0.24115767174640345694,-0.24838874451075398930,-0.25572711332832770426,-0.26300732705245227772,-0.27015464691324680979
-0.06196661374848155823,-0.05486111959068809552,-0.04673308715274086811,-0.03759073560635244060,-0.02744372903456914620,-0.01631634623351230218,-0.00423441457573851040,0.00875453565472133176
-0.06191295490269441149,-0.03824981160572599875,-0.01244993197871971033,0.01559048130328348665,0.04593337124824692363,0.07846758212933770127,0.11291553498821446655,0.14907226686428814988
-0.16952828076525711110,-0.13169545256033510228,-0.09076826001731720661,-0.04654602142631284606,0.00109257844429748148,0.05194812978361089406,0.10550218679179726444,0.16140025600344409806
-0.21460238331472594742,-0.17029487397299572504,-0.12241207459003172753,-0.07070775539235518714,-0.01503422872188992301,0.04435930591405424367,0.10682720392680535026,0.17193596426512888775
-0.10894245046443411240,-0.07191133896109090651,-0.03172271426164902097,0.01182645485992846190,0.05885669089304811780,0.10915403729239020469,0.16217413345064879415,0.21754737896937206831
0.08993188147515976394,0.10614638035995400955,0.12416607695743736572,0.14406442665319699192,0.16588396448829034746,0.18953586764053867442,0.21481120005132411932,0.24155176465836855626
0.23655659571536566399,0.22912278193297716533,0.22188575649830424852,0.21476920475297611723,0.20772631555761794653,0.20081761760015645613,0.19422902092390703643,0.18805143422647915830
0.22940897253233216713,0.20934908994769038659,0.18855113690313218822,0.16685742558363000909,0.14417293681445819686,0.12064176066345830285,0.09666734887585121117,0.07247881320940556538
0.13117016681695942149,0.11546860538158822129,0.09921088411863604462,0.08226685978959764889,0.06455888071571949660,0.04620948880220791116,0.02755805802470356197,0.00879538600481663546
0.07173259342721780008,0.07088731233390971331,0.07038401089764187435,0.07018890851133738340,0.07028305711670794487,0.07070038200252842797,0.07153750460871063921,0.07283496593828467369
0.10719664052927944942,0.11881184608081336862,0.13151648559103257252,0.14535942806027649099,0.16037174650559710143,0.17650988609713139099,0.19365956773816436765,0.21173166730048698092
0.19577941167829399083,0.20818070704569596741,0.22163873292360303235,0.23620860339989402377,0.25192452650738000886,0.26873481365989460024,0.28650389235328216353,0.30513177394751306304
0.24544915464828656604,0.24895346188868625048,0.25285432294202769832,0.25714428341892797691,0.26181717032783496935,0.26686854040213103811,0.27230018188704008253,0.27809855476619987913
0.19664308572583436008,0.19178432873333328690,0.18675833228106644701,0.18149210867058360175,0.17593480191642393851,0.17011823090635216915,0.16416582879045438226,0.15813767379484230946
0.04613028348942647267,0.03947981396505132606,0.03260483995750502323,0.02540997199672294024,0.01782446425049560509,0.00986792642505158676,0.00166304563872661905,-0.00673402699733491577
-0.16038634961204131790,-0.16378333794141414215,-0.16711333363455149748,-0.17045323864757921939,-0.17386783936372482429,-0.17738277620150602609,-0.18097028847520937878,-0.18463463234168117633
-0.34862753485630032513,-0.34912890321760198242,-0.34935348408715094504,-0.34934991505326451477,-0.34916740136378998649,-0.34886603171015184710,-0.34850357629604766796,-0.34813408284023295014
-0.46912775864061062592,-0.47270048904854272687,-0.47625649652691220970,-0.47984644380267654773,-0.48351838164539023834,-0.48731693058974157040,-0.49127188803243054815,-0.49541242424117060139
-0.49449875448270608214,-0.50624014204402989492,-0.51857019729596987023,-0.53157780572270130204,-0.54533047407551571428,-0.55981637531581263101,-0.57493318510291857582,-0.59062144896963353347
-0.43224011594023170613,-0.45057436082806157085,-0.46991736019402807756,-0.49039749135474725028,-0.51210367673265289046,-0.53497387707658994316,-0.55878206719854439655,-0.58339123756633182172
-0.34818940180153590269,-0.36643301457569266155,-0.38555151608530857654,-0.40568121572798787611,-0.42691560560092522980,-0.44918563204699252234,-0.47224365989492300688,-0.49594526986420378600
-0.29670907683590197479,-0.30825259368380908409,-0.32003511680981500120,-0.33216371451398346570,-0.34471485642752486278,-0.35765335043233287271,-0.37081372755951391706,-0.38411242494299280281
-0.28695423762582505933,-0.29068934308003246958,-0.29399640161853812792,-0.29693762622055530631,-0.29956003810283809985,-0.30186112888900651363,-0.30377003737743957235,-0.30526863517158259187
-0.28357654894500522458,-0.28331776749370024548,-0.28234881490553437322,-0.28069184262409985209,-0.27836142335619867838,-0.27535075350868259969,-0.27161644465752909916,-0.26715510751293053415
-0.22905471111953326635,-0.22780139345099287285,-0.22587268347220440523,-0.22325519233260529561,-0.21992939779299688907,-0.21585559385357486195,-0.21096547553358530047,-0.20523068230760369013
-0.14029736918058485773,-0.13895615126335844614,-0.13705626168922629970,-0.13455612604211866778,-0.13140798891276536664,-0.12753930349989908710,-0.12285084572535256986,-0.11728517110958240621
-0.09333338223433915171,-0.09231138339279225391,-0.09081083225496652811,-0.08878019618558284642,-0.08616152537374949238,-0.08286931269015990198,-0.07879130040068815788,-0.07385730113152232101
-0.13241502135399046969,-0.13245990931897747012,-0.13208064738221103607,-0.13123973357460683165,-0.12989178700715989234,-0.12795935170154593141,-0.12533172274024495518,-0.12194147230094361245
-0.23446880373845985224,-0.23681361063471859096,-0.23885442743406695709,-0.24058664680913746658,-0.24199343076801702046,-0.24301139693035994638,-0.24352507496297684519,-0.24346891930502362333
-0.28457820213624440697,-0.28700482896853718451,-0.28914544085937482487,-0.29101187465026490120,-0.29260365274884786446,-0.29387511669134880332,-0.29472771061569758011,-0.29511029711809572129
-0.17405910168069607669,-0.16909525555970159050,-0.16340602170952436833,-0.15696195963896747427,-0.14973746320351913330,-0.14172506924284361540,-0.13293077387842600068,-0.12337043327835978124
0.05939939701254368792,0.07759792632338835539,0.09737703397303443253,0.11885232078519521182,0.14210586367017186138,0.16708566672687766297,0.19360456140507145695,0.22153246271694690406
0.25889437167499079750,0.28790253572697621642,0.31926847622143406102,0.35317887543218240420,0.38976169632123741637,0.42891144503202632832,0.47028494404649273664,0.51365257239741268780
0.27297772657881697045,0.30344602619323646220,0.33648236780209511698,0.37228217611383446206,0.41097729842051250460,0.45244540015016304624,0.49630776182239694228,0.54231023672342648645
0.09197540210481139344,0.11446160447931023885,0.13905935679647915548,0.16591193997788286629,0.19511596526947480590,0.22657890851505263496,0.26002177207449128638,0.29525232748675256378
-0.12468883061142428670,-0.11395014817272855479,-0.10189075284343546146,-0.08844076107408037346,-0.07354993705738695209,-0.05725091776298826124,-0.03965259764421912025,-0.02083872064279019068
-0.18738690286436782140,-0.18432965304342502355,-0.18050469965753884738,-0.17588344220655133254,-0.17043867084778910326,-0.16415300018478229394,-0.15701146782231512056,-0.14901664731786515294
-0.01926944374594875831,-0.01296811999626846547,-0.00567174349622632818,0.00268044169768732370,0.01213958130567448744,0.02271573326750202931,0.03438273769209253261,0.04711486376197242948
0.27670159532301319416,0.29554996711707592905,0.31632535416723961408,0.33917499974122033990,0.36420563329143862408,0.39136087581583162143,0.42042277129622052101,0.45124426552394075740
0.48158508781654324471,0.51019242362952776926,0.54149290602371746850,0.57569253483207738498,0.61293312061093707666,0.65309853944537943349,0.69581565796224564835,0.74083608709182557917
0.44666073780754184108,0.47214376880251368584,0.50014798146579753091,0.53084771481898662682,0.56436203773962567709,0.60058571590369336235,0.63919339759261262213,0.67996260400398855772
0.21869516105741920731,0.23121049275324673244,0.24529848960394112778,0.26103922565985004933,0.27849150567957209335,0.29762374444124373163,0.31832221569530677607,0.34049597710807638640
0.01221353501592514941,0.01677720951545185607,0.02223715594287987291,0.02862305344159426709,0.03596461655545023922,0.04428708249365922306,0.05361892799685313848,0.06396146912383560146
0.03046170935955080233,0.04480218675144290869,0.06061398908389931117,0.07800384230741498615,0.09705454732975281329,0.11775269118790544776,0.13998937076495662768,0.16368463891303716706
0.26170276414078935678,0.29933203479171216488,0.34006809396557474701,0.38418622697721771519,0.43187806948191143075,0.48300487714085321711,0.53708946682097835623,0.59382387519547630284
0.49413914457110003076,0.55202708166149971891,0.61456987301389487399,0.68218430284567566080,0.75514934986578663434,0.83319888345701209609,0.91550956535292515870,1.00155560740695359634
0.53242814264535476276,0.59401190788705449108,0.66065682463264541191,0.73280121213948579140,0.81073257404000909077,0.89413943224023972878,0.98210210447618195850,1.07403150146031989287
0.35460476435082699531,0.40160617745978277604,0.45267494092220483815,0.50814588329956633661,0.56823728038378085170,0.63270212882342080629,0.70082527952375772706,0.77214497424927130975
0.09495824589145493433,0.12083808946404259177,0.14916842678502950648,0.18013792261914826631,0.21387227927068727662,0.25024425580422843263,0.28887528001025236657,0.32951679535085826034
-0.07727939435066004392,-0.06338357112415478334,-0.04809943773958721969,-0.03132434042132003355,-0.01298500999761227105,0.00687369083458124093,0.02808997553473119302,0.05055372234803102993
-0.08471747176130305090,-0.06760862757653351984,-0.04907222723264020869,-0.02899131662399292639,-0.00728229922517092433,0.01600664758084166181,0.04069248106556069139,0.06665244713060235193
0.02761636172067314168,0.05631408560153997739,0.08717987660607100231,0.12039945705374095752,0.15609896277330520542,0.19416973781868415716,0.23426103345280654966,0.27614290992029683069
0.14169486937667397086,0.17672274221854653020,0.21439236847467144087,0.25492445153845755268,0.29846526878504148206,0.34486687430370227547,0.39367931475690215448,0.44460734787697797632
0.13489733440464668490,0.16122406899051730522,0.18963834643350604980,0.22030449153659162342,0.25333285840113617393,0.28861952839220134104,0.32584227809599730641,0.36478596205008056996
-0.02982799839094226954,-0.02659990863168664940,-0.02287589994057884213,-0.01863277960056016966,-0.01384693768690120619,-0.00849418755960241675,-0.00254743944778356964,0.00400198136659696540
-0.28529384701670562619,-0.31036996446309333963,-0.33693521758832106761,-0.36513650243597411960,-0.39505398777772804397,-0.42650468751825004743,-0.45903337063440546872,-0.49235543922094698877
-0.52490722445133330964,-0.57064016706000719736,-0.61931425514250670883,-0.67119937122676687213,-0.72645109581894828921,-0.78477344071312626905,-0.84540489932000317808,-0.90786274401859745620
-0.65022743744669564414,-0.70041364566750263787,-0.75383117384855824472,-0.81077911804590752087,-0.87143239319054821568,-0.93547585276407640986,-1.00208837481972246053,-1.07074960434842814117
-0.61314583730190597155,-0.65277201014267061119,-0.69482355222915681559,-0.73954680872405442749,-0.78708720179481139745,-0.83719390557682138443,-0.88920388059793464830,-0.94270334042623638027
-0.45071461766062803633,-0.47276933026931938775,-0.49591046965743906805,-0.52029715604756210379,-0.54602533942411835000,-0.57294695435697362562,-0.60065400851917394309,-0.62890543566965095845
-0.27170397875781260311,-0.27809693967394383263,-0.28436411954340373720,-0.29058833673056400082,-0.29682329713162397544,-0.30301644876518640803,-0.30899246110563555190,-0.31466820308968679321
-0.17965861828317303273,-0.17662571374637578425,-0.17274328530287141881,-0.16804189675359340606,-0.16254640676136083988,-0.15626956700271935063,-0.14919562995876453626,-0.14134605877650285866
-0.19766769235124709292,-0.19017148551360679720,-0.18153869610783027189,-0.17175714884300724572,-0.16082533335683885101,-0.14879339497120214197,-0.13574953887275242881,-0.12177496445463767416
-0.28363325792604177078,-0.27441127593116421135,-0.26403288270693670015,-0.25244480702547728024,-0.23961659509677166180,-0.22561435296930074101,-0.21059252886347118450,-0.19466152210702161729
-0.36276585496005697706,-0.35251659630440951299,-0.34115524837130206670,-0.32859392078335220022,-0.31477595132296659619,-0.29977103897632217944,-0.28377259795797460384,-0.26690389692833182966
-0.35965096402223434291,-0.34554439482633342307,-0.33011751550135998157,-0.31325144150715683589,-0.29486810594607920644,-0.27505228361134281823,-0.25405212741721117098,-0.23202270352066020620
-0.26718222822306109121,-0.24536761651197583345,-0.22166594662039196262,-0.19592712999798450602,-0.16805601359943697637,-0.13817752851709169670,-0.10663707153297016794,-0.07365848412612457929
-0.14768125592205347263,-0.11870228068771464247,-0.08723322774666168733,-0.05310538852547742883,-0.01621711248255399904,0.02326205882273347375,0.06489397984472068670,0.10838474847059206829
-0.07030898990202727461,-0.03929194280078133344,-0.00553482969040955744,0.03112723557632572982,0.07078953533466351977,0.11326343825195440973,0.15808253111378609002,0.20492745763822040050
-0.06338785165813473621,-0.03569778282438345468,-0.00548118064076723224,0.02741235293788465283,0.06307027020443746468,0.10132267264145207453,0.14174902299083080859,0.18406097961951400910
-0.08783932833741496526,-0.06577146200108152652,-0.04167535599566116189,-0.01541101795065035959,0.01310962808272221961,0.04376439321847632596,0.07622381298482534817,0.11026712360888317466
-0.08438274932803731254,-0.06655180496183836503,-0.04716101934842673732,-0.02607269637052666775,-0.00319083245451712988,0.02141532505987538831,0.04750848186752382185,0.07493636546785378827
-0.06152782463657757717,-0.04520263663946050975,-0.02757307499980369767,-0.00849993846232800776,0.01212089586553257055,0.03425782546538148898,0.05773604103111340535,0.08244778930461203748
-0.08623509235379864246,-0.07123273959415829526,-0.05509437236781378894,-0.03769058781232234590,-0.01892071421871024603,0.00120650126117962525,0.02256392121668602743,0.04507411382452194276
-0.20234822632480808924,-0.19277561005534379901,-0.18245459614744785615,-0.17129353328429125503,-0.15921604729935739941,-0.14620222072889790810,-0.13229578998560645453,-0.11752188331141207034
-0.38885203400483397962,-0.38999777922308137557,-0.39112921932397853864,-0.39221800141369111969,-0.39322837904553059607,-0.39409163884828335433,-0.39471011823433538312,-0.39501675524124418848
-0.55085266062559323785,-0.56347932603935091400,-0.57688333069979336187,-0.59109982239388680902,-0.60613294826147912087,-0.62186034137106027675,-0.63803434635825784227,-0.65448862298827248374
-0.58570999622697972331,-0.60473398114092613564,-0.62496409520463402920,-0.64647359887863287131,-0.66929046625305410601,-0.69325978621748718389,-0.71804300849945223995,-0.74341523048720248301
-0.51250909995017956966,-0.53202363306583866365,-0.55273782887182587586,-0.57473870526926607027,-0.59806374968683029270,-0.62255189165263624673,-0.64784083195624231344,-0.67369534173106004893
-0.45076087414252841157,-0.46865641156418036406,-0.48759997773460000969,-0.50768557184355200818,-0.52895647999408745843,-0.55125427296010776068,-0.57421424686906463730,-0.59760686572667642835
-0.48830581840746623001,-0.50633938158367131077,-0.52545161873406764919,-0.54574528323518400885,-0.56726854246765046064,-0.58985266813036740796,-0.61310733484548562977,-0.63678966363961642116
-0.61630601122343275922,-0.63722556709231215066,-0.65951857569293192984,-0.68329795091363776383,-0.70861475668508000503,-0.73527256300403698308,-0.76282498685215283096,-0.79098955171870466430
-0.72799252272163317290,-0.75132021602286691575,-0.77628801021825966089,-0.80300918898111117716,-0.83153085833862583343,-0.86163310373837365130,-0.89282967485572994892,-0.92480627453019592643
-0.71076937676093976393,-0.73095924110228094328,-0.75259378803355325704,-0.77575796806168939579,-0.80047891325509257232,-0.82654872004218338244,-0.85352756358520498470,-0.88112776822858840386
-0.53897907174639070327,-0.54961747479675593375,-0.56095513932046658923,-0.57302186571569369011,-0.58581115481689149949,-0.59916769069695918759,-0.61279109663413655618,-0.62648614053742457397
-0.28150160892766040721,-0.28051752935278728707,-0.27929148042705503885,-0.27779457745967761628,-0.27598634482696754455,-0.27377762699907054467,-0.27103349907494178606,-0.26767196307646828890
-0.09583210858135553234,-0.08670151875326582991,-0.07667846356953363085,-0.06569669225254284872,-0.05369585512709685454,-0.04063814161814233855,-0.02651018618157498577,-0.01131358309396194098
-0.13035891707782368276,-0.12193718054308376464,-0.11269430253223605698,-0.10257724941491742909,-0.09153869256693611400,-0.07955405804230546163,-0.06662207718330784290,-0.05275311216073979431
-0.38340693509106327230,-0.38625902273705725598,-0.38916165338206132329,-0.39213868086040726268,-0.39519720334818653207,-0.39827883813827735793,-0.40125705066339106830,-0.40406000776552469800
-0.69256769118445293820,-0.71187683476038621233,-0.73242607989728036877,-0.75435055191055278012,-0.77773421914526752463,-0.80246093136816343261,-0.82820589166826930061,-0.85476968804217823283
-0.83497238625272740542,-0.86786880937276933423,-0.90285929025423217187,-0.94017470638235878244,-0.97996488221529354234,-1.02206408209823429445,-1.06597487334029117356,-1.11139115660341070146
-0.68243156793268477944,-0.71872348776743089083,-0.75713918824153436660,-0.79793822683646442595,-0.84129028372136716030,-0.88701765677709631941,-0.93457321889445554852,-0.98362572705794892869
-0.31056220073086870936,-0.33734982350443071253,-0.36541211160299658101,-0.39494768701644256126,-0.42608551958063667353,-0.45868863668514564536,-0.49233176178967102965,-0.52676617067231834568
0.05212780778298310019,0.04117935217259904856,0.03009601479651992720,0.01878707011170421826,0.00719580790479630757,-0.00460839991530913057,-0.01641311230246842237,-0.02810505016132895315
0.19936473736178500493,0.20133205478963384083,0.20390697219757947245,0.20708906318594597074,0.21088187481336426177,0.21529932879056423722,0.22037454542974149740,0.22611168445092616475
0.08082131331881031722,0.08737852750373145683,0.09458366923532188220,0.10246972583914401578,0.11106215619051747201,0.12035498624781539034,0.13031235580769376381,0.14090177269265083404
-0.19686481245969586484,-0.19490038885260355106,-0.19285825126122940754,-0.19073566236742711677,-0.18852754230664628410,-0.18621870795803471821,-0.18378548768471664188,-0.18121689412108107908
-0.44891184724788807392,-0.45610060166960014749,-0.46395252241331785825,-0.47252648254050566567,-0.48185791086842155728,-0.49188815354342652064,-0.50246479080404871098,-0.51349316549556411893
-0.54735070254429885050,-0.56237748172272428171,-0.57856279290001044746,-0.59601609435478586363,-0.61480475396895506446,-0.63482911783975692899,-0.65581944977924477858,-0.67760763208256646895
-0.49502690218386868892,-0.51270044717499940745,-0.53161320783343801732,-0.55188601284827742965,-0.57359102352996260699,-0.59660795302745683877,-0.62061908424136591478,-0.64542672527441224961
-0.37812347154953795947,-0.39224638162481512138,-0.40733608597300019483,-0.42348058187054926638,-0.44072716266275369090,-0.45896118289823195635,-0.47790323260758371671,-0.49737822043979268427
-0.31043767074221090274,-0.31812307061913047690,-0.32642586048894584039,-0.33538501727427955101,-0.34501290822703256644,-0.35521337069638131423,-0.36578410885854828472,-0.37659553292388336931
-0.34581907732055816584,-0.34813146220263935238,-0.35084260387895843669,-0.35395685041502528145,-0.35746246832485634171,-0.36127853917808933071,-0.36526243494631799313,-0.36932006144587259389
-0.42516082389837273059,-0.42578045026270205931,-0.42677483292005591320,-0.42814405205275363198,-0.42987302026494811358,-0.43188016694285985553,-0.43402685872575452741,-0.43622244535658138975
-0.45367466226875413637,-0.45630726201795895891,-0.45940593114666017360,-0.46299217488741456483,-0.46706433945183295497,-0.47152367253827420779,-0.47618154403252166418,-0.48091998852407918941
-0.40713437727544671274,-0.41231798375285266811,-0.41797784486458705588,-0.42415474760624677364,-0.43085865101513959319,-0.43797410317632123888,-0.44526332288336728515,-0.45258206323636235302
-0.36731800764477684496,-0.37488621043594883009,-0.38291298503902415629,-0.39144629272304770629,-0.40049914196427144342,-0.40994437084088503065,-0.41951435116609808729,-0.42904713755726431312
-0.41809188526920559870,-0.42839600700535773736,-0.43925411853518298022,-0.45071324994530387320,-0.46278334475345322963,-0.47532567714785017854,-0.48805177675286703920,-0.50078207842995070553
-0.54245801108688285197,-0.55376378523028357836,-0.56572263198321970368,-0.57836554396355022156,-0.59168928638345097415,-0.60555146867641107544,-0.61967204338859571688,-0.63386841776157520911
-0.64995604237917548041,-0.65854559003002721695,-0.66768616427211191500,-0.67737825235570925386,-0.68759818592289723149,-0.69822114154411163423,-0.70902638123323169506,-0.71986242061494543076
-0.66214800015666452904,-0.66369913773999367201,-0.66535442460268146014,-0.66707594151745686073,-0.66881906382689004786,-0.67050718606567993874,-0.67203878919650483770,-0.67333868222683579408
-0.59548232906691245248,-0.58894477889569518680,-0.58189672238012946082,-0.57426831577840597998,-0.56600176994560091881,-0.55708390259795304011,-0.54755179769444417559,-0.53742470639622896833
-0.50847779965340855757,-0.49843123309831621759,-0.48750637595540990965,-0.47562833636816953531,-0.46274315646499231125,-0.44887981431666806875,-0.43415188303600132924,-0.41863405711938017628
-0.41338154333394538931,-0.40514343356545684527,-0.39602588578092096094,-0.38597009707062257533,-0.37493565268549455816,-0.36295721206100489686,-0.35014217793436919202,-0.33656445300002879595
-0.30241767658513152295,-0.29724311440975648146,-0.29132649059244436485,-0.28462019776419389405,-0.27708969490826224069,-0.26875479950196240475,-0.25968584297422286911,-0.24993186795431848735
-0.16970268513679728772,-0.16522803124712825973,-0.16004375699530101751,-0.15409591789249124649,-0.14734236292115568401,-0.13978938583935329731,-0.13148887299223688263,-0.12247562420065299937
-0.04595796749237789774,-0.04098175317352492630,-0.03527346010860468034,-0.02877327645342404178,-0.02143252496957713873,-0.01324768046651269258,-0.00425864060596813001,0.00550759369284813723
0.02244856262843767172,0.02503741664347531801,0.02818844601694532256,0.03194086675868336445,0.03633104872299584148,0.04138275459418565977,0.04710981387559739358,0.05351709807819778758
0.04545009137484733869,0.04180240579962860720,0.03828880198807886603,0.03490409010623953673,0.03165659533322653929,0.02860623062172032785,0.02586953450865224838,0.02351485815596306844
0.04121799557212273840,0.02957685333011617415,0.01750820987079312885,0.00495817320640108174,-0.00809521943109240381,-0.02154950835179105309,-0.03517073051044192905,-0.04881484829797168301
0.02050167980635735770,0.00243874749158701091,-0.01652138593479380788,-0.03646827347902408673,-0.05744626772381292851,-0.07932243944336568597,-0.10177844311315220605,-0.12461388395822177444
-0.00249484935505552051,-0.02312852725158500572,-0.04487472655745836092,-0.06783887631472865221,-0.09207667451352033461,-0.11744842019577841907,-0.14361060923356763763,-0.17034526490098256257
-0.04469443009649304993,-0.06498702338217743346,-0.08642288246406489016,-0.10911253268114023962,-0.13311764367658476815,-0.15830805644751155814,-0.18435346181133838162,-0.21104489939669909826
-0.11506949312615837033,-0.13324235147114799060,-0.15250913780376831874,-0.17297596366903822407,-0.19470388106085492752,-0.21757669948766938939,-0.24129409445325414318,-0.26566687031620395132
-0.21302280576691809411,-0.22879341882772419314,-0.24564819934641554666,-0.26367754706305884804,-0.28293154550510452028,-0.30329975829089428352,-0.32450833895384528782,-0.34638187207744475238
-0.33470560006389521446,-0.35049208513523771868,-0.36753876173101623914,-0.38592381775144340983,-0.40568519233521044276,-0.42669734615346915918,-0.44867353918878005725,-0.47142327870443806459
-0.42474421028149172974,-0.44269266055281220051,-0.46216830956306131917,-0.48324964178841278706,-0.50596960302981963675,-0.53017409909680224267,-0.55552788947437425904,-0.58180379787303981853
-0.43291540285389773501,-0.45233975133876253016,-0.47340209383327108705,-0.49618734142297271639,-0.52072975379466379664,-0.54685577977544541639,-0.57419039771434421393,-0.60248084677454905034
-0.37926992472834447634,-0.39807327773317563446,-0.41838799903073908837,-0.44030433845750394095,-0.46386067412647979946,-0.48888425960238446333,-0.51499526729541889036,-0.54194309926218509066
-0.32478681323105645928,-0.34099328124367456194,-0.35844115071602705713,-0.37721698962038058278,-0.39735936064274313129,-0.41871290375642089554,-0.44092996628929126413,-0.46378651756687422347
-0.31984618175927514994,-0.33170347158725121961,-0.34449588586028367931,-0.35828767376642889353,-0.37310464099044565733,-0.38881680703960774803,-0.40514061582458482658,-0.42189459910906440543
-0.34734328835103950306,-0.35315616748621719845,-0.35958527942740625694,-0.36664864220612636281,-0.37434063935503425480,-0.38255634324411541547,-0.39109854566155216604,-0.39983647845221143013
-0.34277476968629005949,-0.33965584769912166019,-0.33667619390552244729,-0.33377924994711477558,-0.33090674341596953978,-0.32798416548559905515,-0.32493571467196991076,-0.32170014645332034586
-0.29459207007155790992,-0.27887806288023531121,-0.26251876133654811207,-0.24536249077044988698,-0.22728577117198661695,-0.20826430135690443546,-0.18839559153771850974,-0.16772309544300129103
-0.27152435127133561776,-0.24469656704827275062,-0.21641792031804166219,-0.18646785464062687332,-0.15467930008292885002,-0.12108462295841361522,-0.08594082975799152702,-0.04939456841707134949
-0.33818332806141071512,-0.30954325298475465766,-0.27917226131911732079,-0.24685842100337754279,-0.21244643698540260912,-0.17599669365549205913,-0.13780523820440174210,-0.09805237170708248906
-0.45763776608429196369,-0.43739470038261807350,-0.41580463727612027025,-0.39273505257216800857,-0.36809023014499697712,-0.34191704803656736145,-0.31441474115836287595,-0.28571264619764424886
-0.50445403297486712813,-0.49674674933536844268,-0.48840254954296857814,-0.47938480237417441243,-0.46966522126838206042,-0.45924962154720799790,-0.44817821864818729871,-0.43648600041808821581
-0.39658545849734821998,-0.39855875496678050407,-0.40049606923453734408,-0.40241995250951423380,-0.40433984000901657119,-0.40621538848642563257,-0.40795258683414414858,-0.40950125024925204675
-0.18080163530705087305,-0.18551214889577688494,-0.19040655932383379612,-0.19550675745992174281,-0.20081617949760505182,-0.20626528284811210256,-0.21170987668175311747,-0.21706221248379961586
0.02648337799589969843,0.02539296362613350025,0.02426752232589013403,0.02313182733443349542,0.02201953519295073852,0.02100312000235376661,0.02018916864965949326,0.01964995949854849572
0.13912176497646100426,0.14384861016940267420,0.14882963204005830726,0.15414532518679574524,0.15986989737338513917,0.16605965800098154705,0.17274184866820835316,0.17994589740904531894
0.14453433226583128901,0.15265669870800335772,0.16120411587913952012,0.17028658746674982249,0.17999750042698747787,0.19037282012984790835,0.20137691061755388922,0.21300346124998695285
0.09924168068443439683,0.10601121139399745374,0.11310692285956060188,0.12063097205014221280,0.12866889098117342827,0.13724836443386087548,0.14632584962970884845,0.15589163518890247762
0.08347452530815399618,0.08540249230501704980,0.08732662484218625676,0.08931964136081954608,0.09144599624418781048,0.09374485576669662479,0.09621866205837428798,0.09888849485279924134
0.14019017192735977462,0.13761243908175024853,0.13468145619561655568,0.13144768684057706043,0.12796255355035707213,0.12428949558206293935,0.12049248583739317897,0.11663477227764629252
0.24008767803768771287,0.23693081276491459453,0.23328560189427957616,0.22920904873525829726,0.22476137365021778280,0.22002614084979593700,0.21509541821935126982,0.21005454715179605607
0.29089612661427682871,0.29057051896243707434,0.28985342701781902086,0.28882236572406672082,0.28755412546266079232,0.28613523441411325976,0.28464343791760893243,0.28315655653698978966
0.22267777785020351211,0.22282748744398672702,0.22260583662424199280,0.22207713686319716095,0.22130726498759800691,0.22037985402500007148,0.21937912887450577992,0.21838185725101277868
0.07171618434428971012,0.06547525424342358347,0.05853711263628258443,0.05089519374488327835,0.04256207095403812674,0.03363317660098103651,0.02427783424077718452,0.01461596409540805511
-0.05973031870814232702,-0.07621306790372563145,-0.09388379402356783476,-0.11284351784390539430,-0.13314957544775987697,-0.15468525682343120531,-0.17715717433044300688,-0.20037851202578135790
-0.11017336284912906952,-0.13279526442428515876,-0.15680975838590097138,-0.18236857804813194628,-0.20956749545981634419,-0.23828393014296891939,-0.26816605030243090280,-0.29899652742945942441
-0.11758264341301921663,-0.13676264482547825785,-0.15699897086256178746,-0.17840797972182984021,-0.20106245142870729503,-0.22486593113172562153,-0.24954218071347419872,-0.27491900538955671429
-0.17984066073047749734,-0.18928984066360829419,-0.19917657079795184072,-0.20953078989180945468,-0.22036565045668962681,-0.23162801905432822691,-0.24319485927076162080,-0.25498269237230131168
-0.34682600749015374264,-0.34860535302809148028,-0.35043819783337776252,-0.35229111597645568210,-0.35413241060684247374,-0.35593395140539890731,-0.35767480497930354000,-0.35932957195163106601
-0.55897494800710323393,-0.55791635267591932479,-0.55687682754374734362,-0.55580600951647607388,-0.55465850418083284534,-0.55340305411755918996,-0.55203063928792572845,-0.55052167764982240517
-0.69631780236893359159,-0.69356784731600162885,-0.69082066395760211019,-0.68802365658104758239,-0.68512801649194654541,-0.68209344641201763437,-0.67889841939673356563,-0.67551748615408002685
-0.69588011169858710048,-0.69062794929848103642,-0.68520704849109959067,-0.67955197773610964695,-0.67360310429665914977,-0.66731699799681543084,-0.66067774325969941263,-0.65366580791916795157
-0.60791989912376787064,-0.60384173213177250172,-0.59959573882761096897,-0.59511423016476794334,-0.59033186305073681588,-0.58518567019826261966,-0.57962601360092691483,-0.57361147577766657957
-0.52558363465219615218,-0.53172337853306006483,-0.53828063821329463767,-0.54523784699352750849,-0.55255746569370878252,-0.56011640304652665634,-0.56771335574960790638,-0.57520849047303856949
-0.49921566325313954104,-0.52241355476008266567,-0.54709860253420661280,-0.57335721490797719735,-0.60121735960251876385,-0.63047082748714677880,-0.66067356577215952118,-0.69153165436367602936
-0.51462991738110397399,-0.55232462894967815359,-0.59246231428169959798,-0.63523359214164010211,-0.68073669826677796202,-0.72870173963828355213,-0.77848387397645002483,-0.82966519052211795682
-0.52165585878078490900,-0.56162671652367168740,-0.60424199505652043118,-0.64972737209301922867,-0.69821010536660188528,-0.74942715694328920772,-0.80271561604759222863,-0.85765050689428012909
-0.47271251690304672000,-0.50078156681279639706,-0.53078899954138780704,-0.56290033726850130513,-0.59721022324309636087,-0.63353187819428491423,-0.67139123074432160987,-0.71048513104434163346
-0.34514595475408788028,-0.35498618719951419154,-0.36564482904121220486,-0.37717202435917662751,-0.38958971010877474495,-0.40280505558449097858,-0.41661286632742178249,-0.43087847746263541193
-0.16708606903237929742,-0.16387086135717543467,-0.16068018655562513186,-0.15746701343418817443,-0.15418637049185598964,-0.15079496868234415485,-0.14726189673418371706,-0.14355784997831977368
-0.00765731647464074246,-0.00324274908190626526,0.00119239835712276615,0.00571991592740112367,0.01040768420826987568,0.01531709010457052260,0.02048851422826839658,0.02596194784882822557
0.07925702965700266722,0.07654062278275584885,0.07337355903895158293,0.06978812340753323684,0.06583073083930696123,0.06161303039612460453,0.05729890132687021076,0.05300745687305476184
0.08813167048505995971,0.07910072919421176629,0.06922269430002701840,0.05848018922906066813,0.04688549317352207896,0.03457594522419376454,0.02180493430383342174,0.00874509116200722185
0.05046856614154578147,0.04272136372626507417,0.03424081404771550652,0.02500513027157483595,0.01501761593376692468,0.00438671587824052307,-0.00668075535642573704,-0.01804484503328053838
0.00306934300952807363,0.00425780017625798819,0.00532103478855047805,0.00629495996904403093,0.00721483880311476426,0.00811901657781135232,0.00903997537564912336,0.01000901415214708670
-0.03243876661745025841,-0.02423829530248532496,-0.01569965101964679657,-0.00672760141936092852,0.00275037955807080296,0.01272388800512727104,0.02308694253245099914,0.03378907546917186283
-0.05523921857361819426,-0.05288265102557212355,-0.05058254945312248840,-0.04826698263923499127,-0.04587510368367812841,-0.04338209272962289392,-0.04081148333699672476,-0.03815710121296649743
-0.06414521171666913435,-0.07938892348789497455,-0.09586061037239208826,-0.11359975430315143174,-0.13261202538308519694,-0.15276196114517695546,-0.17377975025256364727,-0.19547466581414374431
-0.04655038433473211029,-0.07791970821626290067,-0.11157959510087461785,-0.14768337269206696649,-0.18630558858627310759,-0.22720299258888232430,-0.26981501485876907553,-0.31377258274392050286
-0.01919693308512775837,-0.05159525218405829061,-0.08633247387589586264,-0.12357860390805301687,-0.16341702905883909169,-0.20558286111910303862,-0.24946218264193681380,-0.29465720962108588044
-0.02037883951559999948,-0.03786591128403849621,-0.05667309468990237853,-0.07687381468252409145,-0.09848977870336665663,-0.12133162143689879553,-0.14500326004730079710,-0.16924505291963895526
-0.05681159629673185330,-0.05549477589926570670,-0.05420961514290199151,-0.05289454867164113810,-0.05148521297762322785,-0.04989797210975582126,-0.04804167052772254087,-0.04584487954494389367
-0.09971276619684475706,-0.08770840391039227968,-0.07497591981177678666,-0.06136290437051047930,-0.04674568519394504962,-0.03110444455636927549,-0.01454002825045014151,0.00290458532248781022
-0.11589859645274729061,-0.10405071417256249455,-0.09142893844187861829,-0.07786291115106509786,-0.06321483787097312290,-0.04746517298501396614,-0.03073028907210765062,-0.01305781543324729260
-0.10833205164085218941,-0.10066604365664585941,-0.09245715439561866256,-0.08355408786811688304,-0.07382863989740329203,-0.06323348076114827798,-0.05181844669579799972,-0.03958800393744826146
-0.13104243435615667290,-0.12386547670323398707,-0.11618172141924157370,-0.10784494388469173520,-0.09872901909154806199,-0.08877686107856481990,-0.07801664982923765812,-0.06644025667822336945
-0.23821576799626789644,-0.22713747197447650694,-0.21537845886570461396,-0.20277259565432997901,-0.18918153648971017255,-0.17456554700995480234,-0.15900232868061056624,-0.14251507277387603922
-0.39583753192177006941,-0.37935720431829100807,-0.36198458253337606472,-0.34352178666744392910,-0.32381157153993478381,-0.30284446382095581152,-0.28078196308615460675,-0.25769774691818714274
-0.48991912320986880092,-0.46980278714023421260,-0.44869878201439133969,-0.42638580810288495559,-0.40269284897631529851,-0.37763310189310328457,-0.35143115210985226282,-0.32419697803828462224
-0.44092880436017012347,-0.42135730628356315997,-0.40091119768159844128,-0.37937224741950242857,-0.35657189120839738461,-0.33252259326796762551,-0.30744624249006763383,-0.28144910073679663132
-0.26222259859861363207,-0.24670907188615512351,-0.23058052934520228971,-0.21364488919742860573,-0.19574974778446235790,-0.17688460641039668864,-0.15720763898244000112,-0.13678523608427223257
-0.05603536462707670723,-0.04767819264678016533,-0.03913278945405501696,-0.03025259908358756550,-0.02091233360517576190,-0.01105660733872465031,-0.00072347230581293375,0.01009508233027661510
0.06294862068047626935,0.06317858726818066650,0.06307968119784627958,0.06274803682228891066,0.06227964273073299112,0.06178377203468463086,0.06136225566369075263,0.06111072855824762479
0.06961520182223823738,0.06602269846166528011,0.06181716635460809961,0.05707434553704004987,0.05187990930854702309,0.04637339057684798649,0.04072746030041073800,0.03508382219212789754
-0.00183163071837017508,-0.00543444146057409962,-0.00969571912427831355,-0.01453679597669422889,-0.01986929752404072852,-0.02555102672556301344,-0.03140795526224255535,-0.03729571231931860104
-0.09266477531672934198,-0.09651772761979525439,-0.10103954948107829459,-0.10615747408116475714,-0.11178917450417519275,-0.11779966503913708031,-0.12402232289022549483,-0.13031841243371092287
-0.13546681410589037076,-0.14109860700042264892,-0.14744749971031287372,-0.15446254140884851935,-0.16207974203281275138,-0.17017079196088205628,-0.17856041585111218084,-0.18710828838532361784
-0.12050399619483313784,-0.12950505627306835299,-0.13937165471349646784,-0.15008377369711298210,-0.16160151119031559985,-0.17379584611561663121,-0.18646171250108645179,-0.19944352945705659530
-0.06570548610915330490,-0.07632349233949725642,-0.08791853494858102580,-0.10048219948699887993,-0.11398420340868108125,-0.12829783358558408124,-0.14321197213895711653,-0.15856675113941795519
0.01207975260081836644,0.00445448811839822822,-0.00406735195145046993,-0.01345118666402510439,-0.02364931334102483157,-0.03455020261299986128,-0.04599461803443036928,-0.05785053618021050031
0.07535872460051556976,0.07235951993347573830,0.06860168398317609273,0.06415639626006441887,0.05909699210381843398,0.05352023890442914739,0.04752422658151303492,0.04120775131992926443
0.10457177794606699328,0.10355908920504749982,0.10181376475010349425,0.09942124447038419577,0.09646586681643853911,0.09304430675954342145,0.08924018087089131968,0.08514526377457035111
0.09317307534799337820,0.08880849017138765789,0.08352687606832683020,0.07738963873388764181,0.07046580077712544243,0.06287048983379468770,0.05474171863343566674,0.04620386436251078949
0.03757294684510501664,0.02554867439095686449,0.01227421249712945354,-0.00224303143997685436,-0.01797140866539378642,-0.03477060362177441383,-0.05240766545348027328,-0.07070269494967465485
-0.03321448510123374553,-0.05232427094117935579,-0.07293279376262283564,-0.09508403056418299193,-0.11878419936409284619,-0.14388150858166845469,-0.17007381369492960421,-0.19714257635080953412
-0.08519045275956332874,-0.10645457770476852988,-0.12920537740288318140,-0.15350484390047369754,-0.17937523584787468112,-0.20667586778227520217,-0.23510576202708222127,-0.26445035700882152385
-0.11154211379947050198,-0.12890712927377132035,-0.14747676592941466600,-0.16728798748495457560,-0.18834856815495776283,-0.21054528666993549413,-0.23364730379292764084,-0.25748437056818967994
-0.13843908055297116100,-0.14950871121321995805,-0.16146305701569166335,-0.17429593620417566102,-0.18798570615374443626,-0.20244202615694090186,-0.21751406362184982912,-0.23307973601015613552
-0.20827893920283271911,-0.21623191886196291289,-0.22502528629373289015,-0.23463109083306957214,-0.24501059391831500611,-0.25607215705395219851,-0.26768451198624726439,-0.27973499178396787901
-0.33018150428750897563,-0.34111594270083650526,-0.35324677212020560990,-0.36656475295059542940,-0.38104092561247682180,-0.39655614246246323473,-0.41291672844627735905,-0.42996778568315202618
-0.45347558833013079660,-0.47089690759728058955,-0.49002355584168050262,-0.51088551372487678304,-0.53347857334972526022,-0.55765052529870018372,-0.58311615126860316671,-0.60966010603696441095
-0.50333924038199728823,-0.52261778724617902192,-0.54366794892129366445,-0.56652421074206094076,-0.59118619870885680267,-0.61750345978439946659,-0.64518905895187472765,-0.67402453015230101574
-0.46100692498616069326,-0.47256089147889873692,-0.48518932637170836264,-0.49886525751323690381,-0.51354998282579744640,-0.52914730502808138279,-0.54551721879432168993,-0.56253321903619335487
-0.38092956943862943398,-0.37900399872330747808,-0.37702755297191092865,-0.37487576302712133369,-0.37244751449897728346,-0.36972405731501167825,-0.36678417514503741659,-0.36364054974162307587
-0.32137744913885685216,-0.30871496458584019029,-0.29513385014487664160,-0.28043507969442327266,-0.26446808654160530727,-0.24726440539197047652,-0.22905465192525584217,-0.20994942272171471243
-0.30268267819302013821,-0.29042702946842974265,-0.27728880430428531900,-0.26306960541290985711,-0.24761541532556641254,-0.23093743678676653674,-0.21322997066049220738,-0.19458112732248325494
-0.28839361518508160875,-0.28874793801819781391,-0.28920493304840255711,-0.28964759884074087193,-0.28996919631417394925,-0.29009180652421845403,-0.28998319371457642601,-0.28958688602327398165
-0.20205598111903189107,-0.21798882053760393340,-0.23522127270815801348,-0.25374035167158615067,-0.27350238839276919123,-0.29432954745710981914,-0.31592431339123472345,-0.33806167958451444067
-0.02863676692824897868,-0.05337121312665021183,-0.08004707850944324521,-0.10871395410026056527,-0.13936722682264596207,-0.17177520725550401992,-0.20549112318762732809,-0.24019699531431587536
0.15997470421258630502,0.13570691185524713651,0.10961374806882806521,0.08164131944386524009,0.05179002230848473581,0.02028619267137362139,-0.01242756865800684687,-0.04604004394003252676
0.29634650524027628116,0.27892087117650932182,0.26029468442750458568,0.24044849033359982915,0.21940153706140300138,0.19733501678992068640,0.17458446207044997500,0.15138715637590002827
0.36813465984822224542,0.35881859785592834511,0.34899685058413265626,0.33868965158322655862,0.32793772197429954529,0.31686931662422007649,0.30569431201963542799,0.29456374996904621799
0.41193284381300698804,0.40784243855240709387,0.40367210625867006035,0.39945943330077082756,0.39525213740558234887,0.39114256666357311021,0.38726340323618158035,0.38371037616137432247
0.46455310129339488778,0.46193714616049313948,0.45933566615320375881,0.45677915897069609752,0.45430705985384611800,0.45199745959245474225,0.44996420331100106527,0.44828614179420017694
0.52662581008259679027,0.52321553245235952190,0.51971995740823284660,0.51615563992988389153,0.51255075754563150792,0.50898247242071781304,0.50557455206622703425,0.50241057854978510289
0.59194167525915475370,0.58709065609434740729,0.58202531669882873189,0.57675664796039327609,0.57130937637395151629,0.56576612201725862139,0.56026458728239969531,0.55489928300170898723
0.63223234621407331524,0.62548549849275292267,0.61839753551220333350,0.61098169961990200783,0.60326651213819160180,0.59534552975412236009,0.58737362586118047059,0.57946092297723494902
0.58703694997570943226,0.57784298107570009062,0.56814232936931974294,0.55795007679412689239,0.54729861545421476521,0.53629458928687800956,0.52511412997408823955,0.51388670027716176758
0.43836807131949240279,0.42705709234151656428,0.41505905547882931961,0.40238663539233043842,0.38907164219149409368,0.37522832028803154714,0.36104754825136209373,0.34667298141541336154
0.23435280580163364572,0.22193439557218572200,0.20867510969047473046,0.19458082659828418448,0.17967764699042251819,0.16407894552206261918,0.14797867942263237540,0.13152482874397494750
0.05188211305159722703,0.03877023751375423266,0.02467641484739744803,0.00959475233669627482,-0.00645854662670652599,-0.02337239031953548471,-0.04094802757258762110,-0.05903434561238601191
-0.04539791994000751812,-0.06044642225910344668,-0.07667785910207795819,-0.09411820461778792890,-0.11276538046779328861,-0.13249880532609464856,-0.15308644207207780519,-0.17435704384123490440
-0.05594762305761982052,-0.07459478065964358917,-0.09469595789443067957,-0.11630265712392445776,-0.13942840809818740633,-0.16392889033927884879,-0.18950819549693112553,-0.21595517810159522987
-0.03859222762358488490,-0.05970244674056594814,-0.08242830184878709165,-0.10683227880831960843,-0.13293249998484510388,-0.16056348474362847067,-0.18938229912202783622,-0.21914712084349446952
-0.06978836465761820151,-0.08822360965153276668,-0.10808146337239074586,-0.12939621854472257989,-0.15216460497845465949,-0.17622549985478430656,-0.20126830086658187291,-0.22706897002594136903
-0.18618572511961756222,-0.19600904086675449700,-0.20667485757340586794,-0.21814973033061571539,-0.23038399597591102674,-0.24325292152708477555,-0.25656972121369758799,-0.27018522476442052849
-0.33732850545700876488,-0.33615875250129878538,-0.33510184098160344934,-0.33404512705258682104,-0.33288611453615846170,-0.33155000922105037908,-0.33000795684686329290,-0.32820821291335500192
-0.44003396662608812440,-0.43011891837583415832,-0.41973486906962148568,-0.40870985462542980260,-0.39690223812538311110,-0.38427703820379860433,-0.37092789014711657902,-0.35687982024872155762
-0.45422381111607168513,-0.44175388620896993697,-0.42862667453939695683,-0.41465338628629500040,-0.39968151420685477104,-0.38368884609877901282,-0.36680606133889964715,-0.34908190427421648128
-0.38042098489698628061,-0.37288841487044249723,-0.36497072845353467629,-0.35650869602768953115,-0.34736899159569811779,-0.33750850544828553401,-0.32699411567262681722,-0.31583443450881248937
-0.26119497010445974494,-0.26125462257002945998,-0.26134433221557645810,-0.26135065050335809511,-0.26116993385413345141,-0.26072655672226441315,-0.25998826527951190979,-0.25890152498308777185
-0.15927575166124258166,-0.16125405772166673257,-0.16330778418623495551,-0.16533699948383009937,-0.16724778126832276492,-0.16896048867562610263,-0.17042251156889667851,-0.17156925231183950409
-0.09509379170272534709,-0.08897694801548074184,-0.08237690451855768370,-0.07514481678179563140,-0.06715613406877864178,-0.05837277059781005584,-0.04885813034754039885,-0.03862245226022294892
-0.05472384138098046469,-0.03571657721586531109,-0.01542274873291443402,0.00639116553742507913,0.02990518853643897232,0.05509926797174048013,0.08173197569436066456,0.10968175624176405847
-0.02640276422826888861,-0.00211952003416263166,0.02373636566031009018,0.05143862286201147244,0.08119536941920749151,0.11296859680110593604,0.14644867972942296475,0.18147383519556306575
-0.00598389277812792601,0.00875700051691768316,0.02444024350831649692,0.04128178605089244391,0.05945327827597190334,0.07896406678639078525,0.09963898567817566776,0.12140246474678109689
-0.00586742830117821263,-0.01068770811438753826,-0.01577908646881303473,-0.02105817524356908693,-0.02644219495661504979,-0.03184129860116056282,-0.03717043936615416905,-0.04234346814260148834
-0.03850834831427903115,-0.06230950000001289624,-0.08753615471756388822,-0.11424658954083395657,-0.14245695164197602622,-0.17201225617672716295,-0.20258591006029025294,-0.23394568760424810927
-0.07800125051296817602,-0.10987435102359459360,-0.14367245262233074854,-0.17953019563121505597,-0.21752117796923653437,-0.25747673013247501794,-0.29897811250121608673,-0.34174183649496098214
-0.07976897950366071410,-0.10542051579612424228,-0.13266048847569725244,-0.16160028269627077502,-0.19230336565641567570,-0.22464313736499810781,-0.25829672644487378097,-0.29304438091731493943
-0.03698606373953862436,-0.05011509011177923967,-0.06414592853540650175,-0.07911238079263270551,-0.09502824640682976109,-0.11182522627087380929,-0.12935402301009721326,-0.14750275868850432071
0.02450362816752465686,0.01981926618499822018,0.01466981355415342483,0.00908494310286905166,0.00309441656246183146,-0.00326566505956913571,-0.00996084239258183263,-0.01694678649412030558
0.08235879259269540675,0.07727470064712667341,0.07166850560876464327,0.06558017626964697533,0.05904944547631814367,0.05212264171262138979,0.04484259996619259503,0.03726332805813478005
0.12744783974169060503,0.11533024492739124556,0.10229917765579875366,0.08835627811759855232,0.07351910046966185497,0.05787502964719519472,0.04157431691930011525,0.02473910807156986039
0.17629381431279436687,0.15987338736210710000,0.14237246035778444719,0.12376566600477033331,0.10405539202305696955,0.08335940976094757815,0.06190737890860101983,0.03986859368932334918
0.24215622797320404680,0.23187713772433821147,0.22101192341750131032,0.20957360572999508830,0.19759214505061978295,0.18517005088340982022,0.17247776045488033558,0.15964365513793080109
0.27571943523789532726,0.28015362495815038235,0.28500518392795198830,0.29037899271247469279,0.29636614504306107998,0.30300985461684903921,0.31029555964283844771,0.31823203638590813469
0.20474056516745464673,0.22371236074436601227,0.24404934821325680039,0.26594400330167716762,0.28954258696049317567,0.31481611966492151211,0.34154528763403141367,0.36960771910189660350
0.02360422953204763599,0.04706945307042904869,0.07217540120295082295,0.09913455280198257835,0.12810177380307372075,0.15901108038336095318,0.19155990653978599569,0.22557182227478239644
-0.19446369142311123457,-0.18015677703106344754,-0.16481768355084555622,-0.14830062902746282694,-0.13049755905755683338,-0.11144441845183530870,-0.09133202357177266917,-0.07026754733954271304
-0.34271521105479690883,-0.34426172983160330254,-0.34580871891772874127,-0.34731119988051861736,-0.34872514897484235830,-0.35000646645474686736,-0.35111564215647644849,-0.35201426283299402931
-0.36342870481526889925,-0.37719204018185631400,-0.39175602023494487947,-0.40713822692459800123,-0.42332755564582791319,-0.44019473383060042648,-0.45749476797314575505,-0.47505592405456292804
-0.31604161262535401811,-0.33528900449010012874,-0.35573338272213744782,-0.37740014690655060425,-0.40027226269119531299,-0.42415705019577160106,-0.44869143422408869215,-0.47362173345221508791
-0.30048460430434154045,-0.32074839459525789076,-0.34236077988155055873,-0.36532871971422631319,-0.38961461438803263180,-0.41499321852952697487,-0.44106178825975622670,-0.46753333875504032857
-0.33115868658707953154,-0.34793250131471703535,-0.36594212291291527972,-0.38516045582840047201,-0.40552523167672838156,-0.42682095503328643105,-0.44869414835084348026,-0.47088301754908845620
-0.35411982031839500662,-0.36303116413611863367,-0.37277649587697514466,-0.38327881666968788288,-0.39444562434068386469,-0.40610732149772610367,-0.41803738815570085086,-0.43005139160939193088
-0.32961665533227413327,-0.33072169416579516588,-0.33223590211792919380,-0.33403748797373650214,-0.33600732549051831599,-0.33802002532772890131,-0.33996804741269409655,-0.34174156562089719191
-0.26469151782914157600,-0.26303341489233905692,-0.26165536905381087118,-0.26042042535294485095,-0.25919915953130140407,-0.25787437077784142181,-0.25636718955667336939,-0.25458600168568668032
-0.20467409030937105952,-0.20732051766201095577,-0.21054089322196761769,-0.21422552699520081010,-0.21826071094500837377,-0.22249922631831708930,-0.22678534069296507614,-0.23097912492274691454
-0.18427652982216527477,-0.19656897693393907134,-0.21005417364588566120,-0.22468799100257244583,-0.24039963478284531728,-0.25699651083024310783,-0.27418470184019994029,-0.29173831721919440962
-0.19513410238645342853,-0.21658975948620665108,-0.23982692554862058976,-0.26487259722664402428,-0.29170712016847860637,-0.32011239404827374067,-0.34968648241282140887,-0.38013818243908359396
-0.20901510521410165966,-0.23386770672211218414,-0.26073503449134910470,-0.28968419909792142430,-0.32072981579468534674,-0.35366740502058324758,-0.38808379299798484441,-0.42368434939488103241
-0.19557002420084018679,-0.21747395258362833825,-0.24125260519512795043,-0.26696789501680262546,-0.29463772161185891596,-0.32409537453716519284,-0.35499977930893933387,-0.38710357476443596481
-0.13490003092869476409,-0.14935999087210477532,-0.16529006742655397155,-0.18270208448920011168,-0.20158231861451633704,-0.22180391358517209666,-0.24314175898233436612,-0.26541891180279991724
-0.03330170808096823837,-0.03989945155169643404,-0.04751453894777452752,-0.05608997011783811715,-0.06556265805763634991,-0.07583025210000832184,-0.08677277538689398551,-0.09827322475052051309
0.08562212206001651449,0.08251782956524605916,0.07863438726244308119,0.07407125326562634393,0.06892486987800068576,0.06329711406733559698,0.05726970714349351177,0.05094074996360976881
0.17617422016955275321,0.17114943645615307566,0.16531672965829474764,0.15876744725228800204,0.15159398565489390354,0.14390939110173328608,0.13582385346840350482,0.12745258105843249030
0.18459477909658414396,0.17443498759525610797,0.16326409432220170825,0.15112408126768270278,0.13807006713686853505,0.12422195654913871510,0.10974791384139348516,0.09479266399905678098
0.11132762982763177995,0.09798032130706318954,0.08350732865292451179,0.06790455535137904231,0.05118863468131654854,0.03346696054270177634,0.01492797611050156355,-0.00427939444426377220
0.02407197260893307461,0.01465577280379536801,0.00440134973642585751,-0.00668812726161078369,-0.01859823054671745635,-0.03126322105086178776,-0.04457400862393133545,-0.05843686362868404094
0.02158833235818157989,0.02292898006557655965,0.02413029112677654575,0.02526281666458349631,0.02638296631263324643,0.02749874036153431359,0.02855776296250359461,0.02955165430194612447
0.17425480620121247544,0.18925118549944611179,0.20501957164789580412,0.22172824181280983979,0.23950023232400960427,0.25828932285875627617,0.27786143888360886889,0.29809543137585020611
0.44810262004216372400,0.47551729665052172580,0.50459851442607250860,0.53560684290238202987,0.56873076221676954756,0.60388511542615341821,0.64068698097486553866,0.67892193490899577224
0.71351069069355865793,0.75066136230969193743,0.79024037789778212026,0.83258054511178414270,0.87792247989316252177,0.92615453418763549198,0.97678534211506129470,1.02953088242100565530
0.81321533686318847600,0.85719734080834619760,0.90414897913885594605,0.95445070059451431188,1.00837696087825290370,1.06579563740479343892,1.12613876270017732040,1.18907212742157386565
0.63396432424366522262,0.67625467581381515370,0.72138376924575908777,0.76971765410252013240,0.82152187687483402279,0.87667707598692257154,0.93465021674453108158,0.99512810561349218652
0.21465884634212695214,0.24135212033640224272,0.26968988019924583499,0.29993159070993957727,0.33227366182145151585,0.36667582121323455402,0.40283584892586421500,0.44058792382577632862
-0.23849596190003322094,-0.23680183925799636047,-0.23536597140856030386,-0.23409105500310198322,-0.23288390860831195694,-0.23165413549956459516,-0.23033463187961861207,-0.22885304563954397827
-0.50106011859203591907,-0.52280668743518632358,-0.54656795127765034348,-0.57239027461108593631,-0.60026910766562757704,-0.62998369480515425956,-0.66111378054492575540,-0.69335774330785671093
-0.49353656764889275443,-0.52801240187304321339,-0.56539552011003713083,-0.60580417578467060657,-0.64927549465876865931,-0.69551016340779847624,-0.74388685036388568772,-0.79397343797490615991
-0.32130501918949799789,-0.35515732613407863250,-0.39175381065826408999,-0.43120691028519636534,-0.47354805794034970923,-0.51847365896938613083,-0.56535790512899075644,-0.61376850838663810084
-0.15083269441048524628,-0.17308077104808486379,-0.19709488520972212600,-0.22292364894752283999,-0.25055973077701387819,-0.27976221832460651529,-0.31006854461569566261,-0.34115759887881458301
-0.07328119692524073803,-0.07898741417262361564,-0.08518111109968065642,-0.09182364288131115992,-0.09885697918836838793,-0.10613664195377768562,-0.11344390240477918164,-0.12062131636762499221
-0.08245795826336950463,-0.07657946120300861137,-0.07033257285929780944,-0.06362184266343558214,-0.05635787631820236843,-0.04846722768537243403,-0.03990494704859390979,-0.03063041516179711848
-0.10888499309236879253,-0.10303489292967475677,-0.09683290092268785620,-0.09018534875167680265,-0.08300476992475876170,-0.07522025496536388633,-0.06678999776115271403,-0.05767537889828223963
-0.09472009837050014702,-0.09800249255629008005,-0.10162412544530469161,-0.10552736522590074053,-0.10964308625916063811,-0.11384654882879093052,-0.11797083718109083184,-0.12188929869912165649
-0.04299336330911048693,-0.05546892768128294793,-0.06899097428213313288,-0.08352179688899573351,-0.09899788774586393281,-0.11523997995461734978,-0.13196936126852962246,-0.14897400088305459698
0.01783836549547936773,0.00455828948075918863,-0.00986793366466059280,-0.02537234152443621285,-0.04186785848640030283,-0.05917511835718042984,-0.07704299486810625708,-0.09526371965154423194
0.06851111758390761308,0.06342550561693723055,0.05777856852480104527,0.05169917479484060358,0.04531047025887760538,0.03872982541555013841,0.03204588356091456897,0.02536702095195659395
0.10143931789061540194,0.10537417736041677918,0.10945759930007649408,0.11384734588910704056,0.11867514169869376739,0.12398296258257961167,0.12970301233062880852,0.13583471616933381898
0.12207568193970776138,0.12571698080888785154,0.12960249583247671068,0.13383680317809382165,0.13850582801637037478,0.14362910861633237936,0.14914842640400025053,0.15505128353888916748
0.14977186356772234643,0.14164064893377806276,0.13303377687019593556,0.12393788515390094518,0.11435646346005674812,0.10436211987048868433,0.09409554270757855554,0.08365496911263528568
0.20073596371903490443,0.17718265330762647536,0.15214326080086465476,0.12549502272004894876,0.09717192042304802213,0.06733303372169389955,0.03636831735014127431,0.00452927553138640204
0.29074023646110963570,0.25861561807004540547,0.22444363759385854706,0.18806619292827236878,0.14939984706927392222,0.10865824910428499572,0.06635874147800424616,0.02283899727498572840
0.43528424860703096577,0.40727898881956409172,0.37751496081203800292,0.34588945630330236725,0.31235951404073736271,0.27712273636225265294,0.24061936976562786628,0.20314732175372632317
0.60551858524611112955,0.59186226973808431229,0.57738655331554600281,0.56209834667574221090,0.54602646371141172477,0.52929308066010538614,0.51210843194577526649,0.49463129753587448123
0.73795401276390748535,0.74200498714282348001,0.74632783128299873265,0.75104303847711939568,0.75625048559398355685,0.76197735782117348435,0.76816483222653630936,0.77480374884389091594
0.76985530447570615920,0.78788460189046349846,0.80696610979183636125,0.82729771054152867471,0.84902568443633519291,0.87210272326647408914,0.89626804516699853931,0.92138418456786919108
0.67436230631199456376,0.69681994831361071530,0.72048053554828939138,0.74555262290493129473,0.77218586973120539874,0.80030800178192507133,0.82960254659176013714,0.85989425555773746357
0.50105585773513106052,0.51849484403754353412,0.53673421482862837539,0.55593484477726240467,0.57621313636399662528,0.59751973438686389883,0.61961956829646036571,0.64238543520025925826
0.30972444458031539449,0.31723041147404995588,0.32489430354918674704,0.33280638537489809492,0.34103635349197408688,0.34958107815339617419,0.35834956580836047069,0.36730337628295733898
0.13459099208165656303,0.13285792910295718405,0.13072096714931971673,0.12821409605562517076,0.12537077490961714976,0.12222964721745505079,0.11882379960382853656,0.11519351158807096536
0.01037891092296367238,0.00585494946729144591,0.00075751747866183194,-0.00488674091093785172,-0.01104761897035592445,-0.01767321148304003622,-0.02470040443781380129,-0.03206667222208592349
-0.06679156940934068143,-0.06704370205540426120,-0.06763251958836520583,-0.06849221644159947386,-0.06956496650685019267,-0.07081508290764684799,-0.07224343410778841235,-0.07382338880513378276
-0.11136174832303777360,-0.10469230981414907877,-0.09798456930699492307,-0.09112190372611717049,-0.08401115343380731459,-0.07664033966046042423,-0.06909835649209004893,-0.06141106309209724834
-0.12907853235701455263,-0.11884412272018712864,-0.10840888396774085722,-0.09763601674843729039,-0.08641698087194668587,-0.07474208797734789578,-0.06272321106426878567,-0.05040115907268071654
-0.14850446668254924099,-0.14179933007133455058,-0.13514571292041915873,-0.12844328431834262094,-0.12160600067460997087,-0.11459211732004674633,-0.10742496132768250550,-0.10009460314283975813
-0.16766991402187544913,-0.16651679558896689826,-0.16573976423585937146,-0.16529205370181182522,-0.16512244236752032789,-0.16515185574600921292,-0.16528965169626810838,-0.16546147717777640040
-0.17586423268290635180,-0.17482006517726858541,-0.17409231081946693886,-0.17364283056338841726,-0.17342591985332053706,-0.17335690136087900104,-0.17332643950640849728,-0.17325287927047597347
-0.19121946865527003623,-0.18603711417017265717,-0.18085821868911891586,-0.17560776274050612922,-0.17021431347066906525,-0.16461078255574176921,-0.15875079104858058621,-0.15259015481318849439
-0.19459736471615896036,-0.18736714701006423889,-0.18002429836337743851,-0.17245517622322523166,-0.16455856363217519212,-0.15626997502466272172,-0.14758217846330073941,-0.13846735190473494215
-0.15706399908509391383,-0.15401066696857929061,-0.15117453680056869292,-0.14844435929554133935,-0.14571459044886056478,-0.14288728903960334904,-0.13989514847954415133,-0.13666390767602296097
-0.08003738685536997133,-0.08693070282496083434,-0.09472307303297089476,-0.10336178163557335763,-0.11277597383919880925,-0.12280782694043190784,-0.13323320559642426453,-0.14387709219744670985
0.04000838320814685545,0.02222875182087745774,0.00288682126466113798,-0.01805083588761095120,-0.04057010799875201967,-0.06445619467477628484,-0.08930740958730029599,-0.11484333867208683377
0.19962965448886821340,0.17505785465117579269,0.14862519573098453840,0.12022949155595626103,0.08983617895593642988,0.05768656492370097949,0.02429241922022186417,-0.01000745696636823334
0.38142397677413419910,0.35626802163948734226,0.32941151180775790630,0.30073292136802620700,0.27018067955098512556,0.23798451397162592724,0.20465622930585336547,0.17052605583016730573
0.55463198352678211300,0.53535187020742980302,0.51490064364091836513,0.49319929587892191725,0.47022150389827704897,0.44615280771313475805,0.42139184803756640774,0.39619683555772500227
0.66493911030664742956,0.65507833575692686612,0.64464493158917324234,0.63363992920647660423,0.62208871729485470947,0.61011868140749703215,0.59795470339158718343,0.58575301183746031342
0.66969400382528787574,0.66716724901740065423,0.66433468124890149298,0.66126382021299123792,0.65802391936922233207,0.65470103169141580235,0.65138467901056007481,0.64815719487676792809
0.56139130438732476325,0.56060363082471853513,0.55929571753414208946,0.55755319479584952713,0.55545714485919184256,0.55308483294487598148,0.55048873636012896071,0.54773745039621346553
0.38111241450455973778,0.37568285732650102959,0.36913438542034227030,0.36151681640562538522,0.35288675826882304198,0.34334416538211737224,0.33300827352838696660,0.32199444072197525024
0.21912453906204476528,0.20408602908228959394,0.18715768316018921436,0.16831658940847307737,0.14757061811968150145,0.12506568884923233154,0.10106405510647235857,0.07577100937876385389
0.14469958238233870951,0.11862121277724982371,0.08994695862067282610,0.05857520816728761098,0.02446201203589951773,-0.01219400781316356056,-0.05096778802213995652,-0.09155403968790577773
0.15500340590509864569,0.11966751638443628991,0.08120185617094292929,0.03944788197849342926,-0.00567420328409295408,-0.05391963551034672369,-0.10473047349671571471,-0.15771829187707436803
0.18238476629322569744,0.14198221605113886534,0.09813930479840522747,0.05067834441661700495,-0.00048993363378964806,-0.05509155311586808046,-0.11249985291013722688,-0.17227929867824143262
0.13967650653785171344,0.09899141447496166701,0.05479019759337011575,0.00691119978739811094,-0.04472096497255573927,-0.09982489819497267214,-0.15777606678697961295,-0.21813347612328554126
0.01458652293596857281,-0.02367132019918881392,-0.06537201583893902102,-0.11064725367270221434,-0.15954967995017810267,-0.21180135869731547826,-0.26681183861789653511,-0.32415555534158041473
-0.10711700390290843088,-0.14237729671133053655,-0.18091326030769724897,-0.22283307035513935657,-0.26817119936779343359,-0.31665144224467112188,-0.36770764338699246654,-0.42092845832746972334
-0.13087515732515267453,-0.16348379451728253797,-0.19911322845175863372,-0.23785998069962371870,-0.27974853974923047373,-0.32449991934291722018,-0.37155189970878499395,-0.42050038166732384148
-0.03557333621178113137,-0.06391591262653638361,-0.09482115713573924243,-0.12836586881915076908,-0.16456011306120327253,-0.20313317029933963820,-0.24355173138630420437,-0.28543744233301227009
0.10989958835007779259,0.09185924329751402051,0.07214824750511110441,0.05075294240161713072,0.02770419823078658708,0.00322428050248752852,-0.02229107394763984659,-0.04855645444161382079
0.19580423718645459386,0.19277697588670514306,0.18923431786976827040,0.18526206786536578153,0.18095390715079046062,0.17644938688766437229,0.17191331409166374367,0.16748301604877177673
0.15140394177902474770,0.15883325804728173902,0.16649097770492213288,0.17453363628793139295,0.18309852956826444537,0.19226174406492529956,0.20201458134655120302,0.21238549776684381709
0.01016373165066547513,0.01685106869078943290,0.02366574153128882599,0.03075608195836825737,0.03825239829833624455,0.04622862063621533540,0.05467861305405270073,0.06363289536932167922
-0.11579388539175436423,-0.11719467286244589221,-0.11910513903173136629,-0.12144291134117039810,-0.12412119892782653985,-0.12702133523727462960,-0.13001397094742084271,-0.13298563205765048800
-0.15932843895784368216,-0.16520970704669102336,-0.17199520620269345694,-0.17965320663779404953,-0.18813071061223668456,-0.19727686036669409009,-0.20686230300594513065,-0.21671616850853497871
-0.14578341057818605675,-0.14628651961765642975,-0.14740136534427428217,-0.14908329961544394826,-0.15127307766170070003,-0.15384028379114447760,-0.15660386846738869049,-0.15942980920989241467
-0.12990961867454042800,-0.12085340254771538560,-0.11180714117122482476,-0.10267633117154978395,-0.09337149917861219117,-0.08380933890691259769,-0.07393626392282784399,-0.06370209211312849451
-0.13979741728755776253,-0.12666996372837024953,-0.11330072525548255669,-0.09956480785505553155,-0.08535346782913900976,-0.07060732070378201997,-0.05534210933146684053,-0.03954942136770144001
-0.15175457767912481355,-0.14426553769356501022,-0.13692150333218522373,-0.12961669061190045360,-0.12225333949201262762,-0.11475003867048816364,-0.10706722185085261467,-0.09915501127153171501
-0.12615158432778933451,-0.13147956103893054802,-0.13781435776720726838,-0.14511122679224086607,-0.15330956541029974738,-0.16227007261425530071,-0.17179768774404466369,-0.18173630452239214472
-0.07215774354958741366,-0.09096459291185907126,-0.11169042094328938963,-0.13436001762663724035,-0.15895579296567519112,-0.18527623682024108032,-0.21295575149612963606,-0.24172383959998686165
-0.04244286187051431181,-0.07073964079960104456,-0.10160966370783455770,-0.13512911129819099587,-0.17131286124938135962,-0.20991690971107201946,-0.25045593547175576399,-0.29257956974656601501
-0.07155147470642635177,-0.10419613216737859396,-0.13972136543469670933,-0.17822668861328846979,-0.21974257649112727275,-0.26401001238393118076,-0.31049701434215160045,-0.35882123204070925926
-0.12503524000480586986,-0.15692292637314628201,-0.19162852598738017162,-0.22924488927933256432,-0.26980021677876764308,-0.31305088385079121727,-0.35849778084523625798,-0.40577816917652820283
-0.12654733855149477573,-0.15472568360252897390,-0.18541422835442178396,-0.21868420761498361116,-0.25455348385768639119,-0.29281378138514285725,-0.33304640099755039584,-0.37494035009658488455
-0.03770231460735487539,-0.06250688102884735531,-0.08950627850085862702,-0.11875756062262540769,-0.15027358027305812160,-0.18387913830479526989,-0.21922483739919565449,-0.25604688331580160998
0.10749357868946564365,0.08405661389022560381,0.05858730558966598195,0.03102876449496659930,0.00136603424223862620,-0.03023826262192177636,-0.06345580166268370570,-0.09804018616554609211
0.21503080249558520487,0.19019220165271299994,0.16323053260901237982,0.13407826891231705568,0.10271551314974988744,0.06932256256457428045,0.03426838379396784234,-0.00217630166555336747
0.20408684120890391300,0.17399040088388056935,0.14133673650828371127,0.10603292131903559181,0.06804874355473219949,0.02761580101965812814,-0.01478547690356912282,-0.05881099157087580492
0.10218082396410546608,0.06328733444700040955,0.02112023191038674488,-0.02445667493990267768,-0.07349343620269388477,-0.12568289905312896027,-0.18037546156387856966,-0.23711493094404936799
0.02145477873461211146,-0.02488998407345621375,-0.07508941571337433840,-0.12932106472992674351,-0.18765603038982778261,-0.24972634627664072604,-0.31474012316304000869,-0.38214877495660753981
0.05575459753848985289,0.01094436633231518977,-0.03758040992557767912,-0.08999563930124426792,-0.14637196957272402553,-0.20634661944990320692,-0.26913757335337851195,-0.33420628426930876209
0.19262433661771211080,0.15985384489633053251,0.12430578117533665206,0.08586599952640480704,0.04449838231581941528,0.00049020377583446951,-0.04556174107085399216,-0.09324326116624465088
0.30686511931504439898,0.28774066608841880610,0.26686151762123427877,0.24418899818214093167,0.21973045340041152951,0.19368830055963257020,0.16644516438999459873,0.13827425841669302442
0.29473583546801540578,0.28087133739025255119,0.26558853120438075113,0.24887764279043131377,0.23076343736407753382,0.21142045869344178177,0.19115652459690993248,0.17019628015849591618
0.17232327530344052069,0.15377502161390133040,0.13335211230504120938,0.11101900472417350341,0.08678775727202395207,0.06087400051748911162,0.03367832259531023525,0.00548745200719383611
0.03384858094202491952,0.00591696131255696131,-0.02467306497187047448,-0.05800879914587145358,-0.09410566788119097137,-0.13267705938883614381,-0.17315425726547323260,-0.21513949081992420065
-0.03974845312228041799,-0.07535262547696089386,-0.11417564313408892773,-0.15635018651570845027,-0.20191762392559836625,-0.25053970611730264073,-0.30151749148892009744,-0.35436934512434947742
-0.05422721778946943544,-0.09272321688905829640,-0.13456506266367013191,-0.17990659892493204852,-0.22880353111590959192,-0.28090614629926952128,-0.33547553491104070700,-0.39200686833074749327
-0.05754699730493631482,-0.09394987155057277217,-0.13347604672107912793,-0.17627383623202047547,-0.22239849703377584378,-0.27152163189510575281,-0.32294537169471748683,-0.37619456971611558993
-0.08278755930351251735,-0.11269998586917029382,-0.14530024761981258363,-0.18070662631080494642,-0.21895828978678660848,-0.25976654925481512670,-0.30252988329441471427,-0.34683757952583543771
-0.15345386275861058745,-0.17576017671399082887,-0.20033667368343840987,-0.22726590115864464536,-0.25656630955470921540,-0.28798737107837019122,-0.32102770778204076096,-0.35534241022186663361
-0.23374217407184405548,-0.25076573971238758087,-0.26980719086861781886,-0.29092892453082280779,-0.31413821396921620677,-0.33920837158605676720,-0.36569934370325685169,-0.39330763409867980362
-0.24896447861339968122,-0.26413416353455199115,-0.28120988984776851272,-0.30025349216954816400,-0.32127390788106702235,-0.34405559441257144160,-0.36817874834002611850,-0.39335609760917389366
-0.16774036246443971288,-0.18536678856229246715,-0.20495230237359102210,-0.22657905311364387457,-0.25027118958700156348,-0.27581018511818961025,-0.30275122438750567966,-0.33079449575045277721
-0.01196939246229801815,-0.03487089521813793030,-0.05990105881196035320,-0.08717405403670690223,-0.11673640299581886093,-0.14835634228859767569,-0.18153453146085676839,-0.21593909355194054744
0.13785957246924360198,0.11039216096530451994,0.08065534088349360364,0.04850967875151440678,0.01389063554580563867,-0.02296152704632939412,-0.06150758481208398049,-0.10139162542748088314
0.20138443656758922562,0.17193323403764224078,0.14016445584477507658,0.10592758089323381365,0.06914837926443710703,0.03006161721502439987,-0.01079207425337487536,-0.05305605976765865456
0.18274259286660821111,0.15506881874135888810,0.12518872113358092690,0.09296180455179094138,0.05831723419134504649,0.02146663687868731463,-0.01709915740412200347,-0.05705428211643091829
0.15553840926594708627,0.13328340206189628891,0.10911753610678373572,0.08293429958324811946,0.05468221881480164054,0.02453514911867387543,-0.00711375595362026200,-0.03999848196686175278
0.20989545465914558053,0.19364338259897015404,0.17581864921340434327,0.15635457356650955818,0.13522410974409704298,0.11256563899439578358,0.08867360603497317917,0.06375374581861785461
0.37503194587241434066,0.36198161450028254471,0.34755606906486741225,0.33171195031788541785,0.31443768770072588747,0.29585676550834633103,0.27621653120371331136,0.25569409660624453640
0.57951501681892836348,0.56487187199445876296,0.54878116851775693430,0.53119132900871812719,0.51208687963509103014,0.49160433096004690912,0.47002181040272356105,0.44753545805493716303
0.71114745444829641219,0.69000809062859758125,0.66705774966069719678,0.64220045939176095828,0.61539290751204656083,0.58680797457847644338,0.55682823164334460664,0.52571320799708376459
0.69261156385830002780,0.66311484703878176283,0.63132355937527040446,0.59708112566282300904,0.56030453999855378555,0.52120774010840609236,0.48030036433263645357,0.43791848924388465658
0.52873368456850045050,0.49281209598773395575,0.45421108676697052875,0.41272676876565561610,0.36824388463826834839,0.32100205787097196852,0.27159864527132027145,0.22042275069781955277
0.30764659762768509221,0.26951993147219543978,0.22856566139709688645,0.18456589866951828016,0.13739470399079808938,0.08729367052786753123,0.03487589687106717323,-0.01945878445488294708
0.15426234909135091988,0.12017460547299514684,0.08349275022007712765,0.04403185115630773444,0.00168676272500870787,-0.04332726167223101277,-0.09047328808069721173,-0.13939609767770547166
0.15061427551160516680,0.12634719096484536838,0.10011087690396071326,0.07178971215150006802,0.04132346023519296863,0.00887722607277048777,-0.02516209362734209837,-0.06053144785187224847
0.26365773368036482527,0.24913202553087804292,0.23329166440147405814,0.21608155870642034579,0.19748056947172948350,0.17760875045940874295,0.15672036668965852457,0.13499341315795079788
0.36641620519194967320,0.35350862663676568820,0.33940934284449419955,0.32406523359752792413,0.30745696533184102561,0.28970535776148215179,0.27106465870459856005,0.25170902560138963544
0.34673857008830860638,0.32488902307677663961,0.30122895354234946463,0.27564012263714565698,0.24806295530788680104,0.21867587809780344998,0.18789182058981002132,0.15598237869499187447
0.20757182784189792679,0.17314896805769816601,0.13599406201791447435,0.09590715077330914939,0.05277869031129132915,0.00686309655630627964,-0.04122205740977832183,-0.09107504173313328566
0.05187715613197090708,0.01012928538113632738,-0.03495209469093823323,-0.08360788153486373164,-0.13597113577974392906,-0.19174052689357468093,-0.25018160227215263669,-0.31081481905114588526
-0.03153796326087798807,-0.07217359207753537564,-0.11614214799517684484,-0.16367247172540244637,-0.21488837429174445504,-0.26948895427355906707,-0.32675238912131132629,-0.38620422675126170331
-0.03655139885651312315,-0.07018783655974433766,-0.10668664013934957280,-0.14623487226748974055,-0.18893019861780596669,-0.23450723232571221710,-0.28234348072960036014,-0.33202850233721387108
-0.01271950279249120866,-0.03867285088809462035,-0.06692051560423879775,-0.09760838187010298372,-0.13080949574075467767,-0.16630019422017780495,-0.20356683464343028334,-0.24227163895047532094
0.00005398388833431687,-0.02064853612163885382,-0.04324043031679986049,-0.06784181230656549655,-0.09451099212650306003,-0.12305423855686289936,-0.15303241602728046011,-0.18415854239180137752
0.00043563777746556475,-0.01831352382080693800,-0.03880359379687887272,-0.06114707281302320802,-0.08539863708510966878,-0.11137723054165671321,-0.13867243808115359283,-0.16701730706944178939
0.00230471195177206272,-0.01862421855616849808,-0.04145878576753316003,-0.06632530601763202138,-0.09328753550130232386,-0.12215473528405479398,-0.15248757963675235727,-0.18400022257883003052
0.00956087779064468575,-0.01671551370297000294,-0.04528938615471173740,-0.07631521289766568517,-0.10987407829085832356,-0.14574926571351101701,-0.18343149231179481373,-0.22258769236157260885
0.01745223480330825722,-0.01488748154687676711,-0.04994895717956990278,-0.08791402985875207410,-0.12888015478080774856,-0.17260291213650821862,-0.21850051920724475329,-0.26618947487129984708
0.02520996092293883648,-0.01194922969764019606,-0.05213602959318706237,-0.09555064435074771267,-0.14230130838276855432,-0.19212410630897802655,-0.24438657789122927855,-0.29866891055711158875
0.02443059702016390708,-0.01577239531498806843,-0.05916976356121864816,-0.10597459800718909972,-0.15630321201212599158,-0.20988107508424355685,-0.26604513872384244477,-0.32435444814103370215
0.00252523771852653390,-0.03966497389925940226,-0.08515336650642377214,-0.13416816665500549965,-0.18683629443260116321,-0.24287668771207687746,-0.30160096343852216272,-0.36255330579524991386
-0.02296338846614460680,-0.06552082766064264152,-0.11139599800606370117,-0.16082493068754821763,-0.21394085706557150472,-0.27046367476739524571,-0.32969969749947614091,-0.39119147853054436759
-0.01307191646029919573,-0.05340280858713546130,-0.09692001961527338394,-0.14384366299522613475,-0.19429714314395771235,-0.24801416735351458631,-0.30433972827854732790,-0.36283974739156404921
0.05739109881020868636,0.02070515642340577805,-0.01893023409987009548,-0.06170236642034122865,-0.10771300390088565935,-0.15671743079043964908,-0.20812779401304237759,-0.26154899315739760235
0.18161125974372266390,0.14843638774159192972,0.11258738901215881167,0.07390820299507068480,0.03231704238624619197,-0.01196566109236546840,-0.05842180149408175011,-0.10669794709723662285
0.31852524188021041907,0.28840348214825312079,0.25590492644260848243,0.22089185800889807321,0.18329159291667485032,0.14329578125181280379,0.10135714368723476586,0.05778620403971986008
0.41294552151216945557,0.38588533906456068401,0.35677475432044086778,0.32548026654267392388,0.29192594898332496767,0.25626778907565672672,0.21889401056311377780,0.18006791124885912492
0.42784760366682594857,0.40351862916786390700,0.37742092175398428422,0.34941776595135592975,0.31942458736580509049,0.28756421381017843730,0.25417100529918884577,0.21946642892402035141
0.35201601023085371533,0.32616460710894357167,0.29847347601304025089,0.26878554541025156954,0.23700032355884795288,0.20324087657810660512,0.16786049365897393049,0.13108895131439052273
0.18607560322209060200,0.14957236112579191945,0.11047222605213286029,0.06855796470000941056,0.02369387449393064657,-0.02393274389547456887,-0.07380315898796567520,-0.12557984037241923247
-0.03835877119285399650,-0.09238351007877892984,-0.15027931480825484911,-0.21235055080298284591,-0.27877996697313572882,-0.34926613293947056382,-0.42301422033387542365,-0.49950297225945083923
-0.25653965331963574092,-0.32455596953400456250,-0.39749211903613806962,-0.47571708002314955221,-0.55944599707617237438,-0.64827943579389568640,-0.74119490101525631331,-0.83751801909368717158
-0.40944002166741350068,-0.47779895306094066765,-0.55116987379498993960,-0.62992006490734797630,-0.71426029259197465482,-0.80377473117131437164,-0.89741461349060513975,-0.99448717570795108767
-0.46955704398296188584,-0.52459238867385848959,-0.58376772265562038022,-0.64738195919975882742,-0.71560435432126778821,-0.78808395065611425157,-0.86394669004614255137,-0.94261597528291340975
-0.46306686901364635389,-0.50243341125892349019,-0.54489407183665383716,-0.59066624559151048590,-0.63986969954577277431,-0.69223096829536301389,-0.74708423581672522840,-0.80399127071096754271
-0.42383522828181041664,-0.45406041585774375990,-0.48678496152519101781,-0.52216995065597282544,-0.56029742930053150207,-0.60092871569425665434,-0.64350909920487631144,-0.68767199981790161356
-0.34630893934005846369,-0.37262387675213648475,-0.40120180203060445967,-0.43216288327078872245,-0.46555662536122421891,-0.50114248088453416941,-0.53839894596417492423,-0.57697623155978827736
-0.24611207999461179319,-0.27127679815823463327,-0.29861073993411563210,-0.32821294254413285740,-0.36011371142506809484,-0.39405939286890007134,-0.42952374175581953253,-0.46615115466735113081
-0.18243784921084513218,-0.20788343545022650027,-0.23543369240434638967,-0.26519869056778921923,-0.29721687421259818107,-0.33123290340349670346,-0.36670636243136245369,-0.40327765282830885241
-0.21257287955950279756,-0.23774013181806788464,-0.26488829982413414355,-0.29415785557404222628,-0.32561601633636727549,-0.35903414251133719537,-0.39389017699355138857,-0.42984739369584884505
-0.33447012236979389854,-0.35998228283952410367,-0.38744671993930196452,-0.41703819171826883583,-0.44885810179238050388,-0.48271588421627525944,-0.51812543474688677048,-0.55478171566772316314
-0.45893494073035923098,-0.48802398002664171273,-0.51935892620752588389,-0.55314151456334548218,-0.58949669728347553477,-0.62824480121798675913,-0.66889618268488149067,-0.71114151163289751612
-0.48535313279506725470,-0.52170651978203985699,-0.56093422167777073906,-0.60325717367386255674,-0.64880899626852672757,-0.69737397885894925054,-0.74838469075793956353,-0.80147009412634528935
-0.38809379646571279254,-0.43287447543462642674,-0.48124619639101745561,-0.53344757409642651336,-0.58961393427875485873,-0.64946356063290777705,-0.71229988929590049018,-0.77765621903599579934
-0.22675321498620823468,-0.27549452721523515208,-0.32817587507985951367,-0.38504290273494728991,-0.44622816100994422417,-0.51140559240723193479,-0.57979574016507662293,-0.65087318365796220654
-0.08536685994298735813,-0.12854680523406697423,-0.17526953582357501782,-0.22575934592302718262,-0.28013737513528597090,-0.33810642093996823299,-0.39895613875735463916,-0.46221020368840870507
-0.00760093835302792786,-0.03651262378917195101,-0.06791174553491653720,-0.10196730280953049397,-0.13877658569864259608,-0.17814671136998438961,-0.21959804823906567406,-0.26281240343218581490
0.01391893536267633028,-0.00035670426607915248,-0.01604698517168945057,-0.03325829127883803832,-0.05206157083999073121,-0.07238486043226771693,-0.09401518781608092512,-0.11681232403664379427
0.03510823262255918786,0.02678273359848543436,0.01746148963422513092,0.00706992540605204736,-0.00445032545247089472,-0.01709213938191127269,-0.03078461390832119837,-0.04547749075034366456
0.11345048106561791967,0.10047098165690045157,0.08611758609752963312,0.07030565448443470977,0.05297229740584450536,0.03414376209318155386,0.01393219782921182627,-0.00757753995735183962
0.25119284863017904419,0.22763643677726058678,0.20189789586184284098,0.17385137589404386915,0.14341545138482697519,0.11069048511125599565,0.07595372873409060588,0.03940425587772209554
0.41211483914068575141,0.38111211896900798468,0.34737358134213663918,0.31073755667131780500,0.27110621513206778488,0.22864201935307965075,0.18376230696601536518,0.13675829521438390146
0.55194425284642267826,0.52412421359884930894,0.49380945939575704440,0.46085133132615163642,0.42516115966301015749,0.38689496960256136715,0.34644788045566077272,0.30409319033732168380
0.62742658462248290796,0.61156470118750594356,0.59410853205364910767,0.57497071198410543147,0.55409775702156349730,0.53157589478378641790,0.50762501213341193473,0.48240069048409300878
0.60604444158083781158,0.60327436553027913302,0.59989511369898884663,0.59589760403331781813,0.59127438752605943062,0.58602895935880316980,0.58016823487832769324,0.57370978061060662334
0.48533030293218953899,0.48929944851833839792,0.49315326889886790251,0.49693626059793993832,0.50067544574968481097,0.50433379936143674094,0.50780022034874505721,0.51102051541865378681
0.29320249948535276330,0.29305566300010510439,0.29247249503461919540,0.29148806820244549387,0.29012821334167121501,0.28838914633377077390,0.28622579870030517846,0.28363158658600384765
0.08271221389077564046,0.07103555419694204676,0.05804933227229787385,0.04372837581950904384,0.02806719691278299067,0.01114727082508906904,-0.00687482930898237511,-0.02587311082752780447
-0.05889268092246523201,-0.07974545403113474096,-0.10261251004287472166,-0.12757097927267646575,-0.15465288595805437577,-0.18370095467857508464,-0.21438068163889240081,-0.24645123534513566077
-0.06002138265760207508,-0.07933107077993376000,-0.10056229711335770705,-0.12377994652150366151,-0.14900413505008214266,-0.17606598694350558687,-0.20462143484128603177,-0.23442403272322817620
0.06917298425363353764,0.06232729425762777858,0.05448681982757314080,0.04566889056389457358,0.03590715238292011696,0.02531191870896336293,0.01405318530157102438,0.00226547575309351884
0.22944576605637903577,0.23551239928522849087,0.24160972927915849717,0.24784127102967667966,0.25429552254751464080,0.26101304156277965740,0.26796762261146733763,0.27516735390909496939
0.28083209529361485846,0.28892052032177556464,0.29733149636252920178,0.30618474605450129999,0.31557912750334193852,0.32554106318145764609,0.33600773499001751476,0.34696192010553833507
0.14618294596429903809,0.14451916023177313608,0.14259612124083195783,0.14047409257807247362,0.13821507140937328018,0.13589690108062607576,0.13360093368919404022,0.13140057415355482773
-0.13820710297021790436,-0.15550038314736025491,-0.17415267918389340518,-0.19419946651972544438,-0.21563740710368808906,-0.23830052632469950202,-0.26186871220932678161,-0.28611527535907366193
-0.44354298904943423310,-0.47528041710136709197,-0.50949255678537419545,-0.54630158755020163941,-0.58575601806947297234,-0.62760236553642689827,-0.67129239684251196252,-0.71645067354363323187
-0.60601826054159479984,-0.64358615752651637809,-0.68418605610395255567,-0.72797239715486927736,-0.77501052357492683509,-0.82500047902924411591,-0.87728646635621587713,-0.93142072976063572387
-0.55875790778478751086,-0.59239752463633088553,-0.62890179475672114418,-0.66839936425626778060,-0.71093651364249144109,-0.75621907138382349345,-0.80362568921092536467,-0.85272916285194644281
-0.36752709322832827210,-0.39422001046928617507,-0.42328224495671107341,-0.45480555875745137806,-0.48881287519481703141,-0.52504042731346700634,-0.56295233570513103505,-0.60217915465818627752
-0.15052615150389025978,-0.17353196503712578491,-0.19852714557464537504,-0.22559362478886629821,-0.25475154965338586699,-0.28576475555508845661,-0.31815235743355607667,-0.35158668814911614442
-0.02103032076399109426,-0.04558235585160804598,-0.07208054880833476841,-0.10062776719671108483,-0.13126312949155519161,-0.16376488651217030457,-0.19765667690877478102,-0.23261899582759684724
0.00777110076374346037,-0.02120536188303071001,-0.05236327997715713861,-0.08583333789651911849,-0.12167702515648480543,-0.15967516334838136038,-0.19933053917309970227,-0.24030972184467616626
0.00357179903717779650,-0.02915155262062329652,-0.06437536296638624034,-0.10224391920742008366,-0.14282918636941932533,-0.18590940033727282321,-0.23097213616543840753,-0.27766806161575502410
-0.00074437635508303041,-0.03518585563830747137,-0.07239789948294682309,-0.11253025144591254081,-0.15565984723335699047,-0.20156635681202997312,-0.24973778150507960905,-0.29981895773225580859
0.04185061493983839587,0.01086594423227488053,-0.02281398990079830380,-0.05932803549610827371,-0.09875033137262681504,-0.14088906408092408129,-0.18529466016688150853,-0.23165096542577123806
0.19616656122926409700,0.17808374168307705698,0.15808469059374299914,0.13608930758332726807,0.11205449022367253153,0.08609305461907650059,0.05846233415088648161,0.02935156585937258311
0.45708154695926878075,0.45971292058536583625,0.46183591098415416321,0.46348130467621689865,0.46467085505882110841,0.46539928915285960764,0.46561863730124447569,0.46531787404934155106
0.75240067715380154478,0.77411755675161275647,0.79671856277459673912,0.82034954934491155498,0.84510351988775966880,0.87087244079017056553,0.89732784378570618067,0.92427643508469448097
0.94740102843501949881,0.97456552912601956962,1.00313066080748480857,1.03328637529795908101,1.06515607487055019575,1.09860744790828146478,1.13323287308417897101,1.16878834283138455241
0.93903210684898175131,0.95524247132548933958,0.97223907152720734359,0.99015946020589395982,1.00909813627213695852,1.02898637676215520820,1.04957665269347133474,1.07072909934462967563
0.78198783884039690939,0.78087851973638133796,0.77945314814406285731,0.77775203002272219610,0.77581123032567000930,0.77365657156729505939,0.77129367354782685240,0.76874589390264735922
0.61886873876313741594,0.60718172089079136544,0.59449679129693255852,0.58078596322545228414,0.56604188453895354360,0.55034434365080586726,0.53385466903747313960,0.51669409285942669019
0.57959518376619978408,0.57331188788482778662,0.56643449804999912445,0.55895649755270682135,0.55088115907025447804,0.54225474988807442767,0.53316140453927141074,0.52366854976097354513
0.70455205025176481648,0.71800702102657643078,0.73226385642343316817,0.74742585297207697614,0.76356272030781757731,0.78061470673203914306,0.79838374840082759754,0.81675165339161825973
0.87461263351295459589,0.90642623830402113683,0.94035917014915171297,0.97662009932947047020,1.01534448808632982164,1.05638106911321427717,1.09927928287262322016,1.14375473752332723620
0.92641177960624276899,0.96091828234351750471,0.99779205151865490997,1.03725527667270855936,1.07945369021275472399,1.12423299350176697509,1.17112660253360734153,1.21983639925043396701
0.79468369527785009954,0.81661401549671519540,0.84009090595401292312,0.86525771124231232179,0.89221275024634694173,0.92087813811157293031,0.95099181722431880281,0.98238441152061162231
0.51212264203214852287,0.51647849535323242520,0.52117421871077529438,0.52624258659409395289,0.53171267077877359952,0.53760028520788560868,0.54390539973800333673,0.55062567526486394520
0.19741774594389394082,0.19034980104803170264,0.18279331406579790720,0.17470747876137002197,0.16607325562630151361,0.15695885936769776725,0.14752033214916512871,0.13785593823350261733
-0.00051034957597365690,-0.00777475187929091427,-0.01560725180828028899,-0.02405411017540700150,-0.03313985740284530052,-0.04280168724630894345,-0.05288939015536833071,-0.06330783671262073253
-0.02522747687968151381,-0.02439573446680242882,-0.02364851086189144469,-0.02298423584367734196,-0.02239695870815886294,-0.02186101658183552468,-0.02133471122644033449,-0.02079201700971137698
0.04943833348324244703,0.05861754883626932311,0.06820181212134752979,0.07824720301014187473,0.08879760513309820080,0.09985292721510109770,0.11136038276225333765,0.12328676539648843191
0.08158117114692520211,0.09006873055231320868,0.09881985056323129568,0.10789313394399549506,0.11733894535370083256,0.12718144422925556358,0.13740680972384486380,0.14800941579959522865
-0.04054587374253265653,-0.04599763288214585299,-0.05221736063088870672,-0.05922455482642709906,-0.06701489400959817488,-0.07548217223980009660,-0.08442851331294347339,-0.09372030407858404633
-0.28282308782255682900,-0.30987982181481316113,-0.33920245296610057606,-0.37093789662301890342,-0.40516220120010537631,-0.44166364436809535388,-0.47994714529616083754,-0.51968561761898424134
-0.46869101737432761201,-0.51237419448909515829,-0.55940864418962077398,-0.61003932689421291879,-0.66440573922172063703,-0.72222389687740873310,-0.78278468224149722055,-0.84562224633709792698
-0.45935690658097894090,-0.50612817242083540936,-0.55635260184132706573,-0.61028980047631242734,-0.66808978104741312265,-0.72946399614364854092,-0.79368073258114624213,-0.86025960092164754922
-0.26634953717480397417,-0.30529664276973583759,-0.34703358272927786743,-0.39176837383884066668,-0.43961925607483737233,-0.49034536114860322042,-0.54334215958054077333,-0.59821187243870865835
-0.01715534066215619602,-0.04591400318365641831,-0.07667675122299044688,-0.10958503858803145259,-0.14471595953580651539,-0.18188860816023300071,-0.22066107807506080141,-0.26073989048346568609
0.13053454027948097060,0.10504032877251238964,0.07779183154423928437,0.04867010281429221680,0.01760975496478432017,-0.01523981035844930963,-0.04951160542098857753,-0.08495865220280467145
0.12082161863437489158,0.08753889668605385754,0.05196108340003008363,0.01391812031033744061,-0.02669261385963453068,-0.06970524743405306922,-0.11467918477247436571,-0.16131903398951882855
0.02675236655952742404,-0.01985939416978356811,-0.06968003013623418063,-0.12297120005954455257,-0.17989953695837870851,-0.24025605808292960219,-0.30344394510635436246,-0.36906856369254364969
-0.04061518664580757165,-0.09716274184880732689,-0.15758144882962216160,-0.22220705259931872178,-0.29125772570935049011,-0.36448891281609624437,-0.44117578860504419458,-0.52084505135216319083
0.00870283310192387395,-0.04715781588471768676,-0.10684463228200097307,-0.17069571378776768333,-0.23893072010992180698,-0.31130356170467887722,-0.38708457174711807802,-0.46580000604113258600
0.18125929628351358791,0.13777028765801058174,0.09124534292762957743,0.04142776321391537092,-0.01184564406994458897,-0.06836888459957077280,-0.12755519135023324351,-0.18902151656180377071
0.39314504777103204125,0.36535736101999133352,0.33552305794476766643,0.30349133960355351158,0.26917196338640403397,0.23271645954682904089,0.19452137982043565811,0.15485050003507874750
0.56688313831191217140,0.54909279512755237995,0.52989048522555737275,0.50918932958461238236,0.48694239939184902344,0.46326456174764785167,0.43843095009507271342,0.41262807088046266069
0.67832953672883355978,0.66145411389630104360,0.64328126863775714206,0.62371909553890692024,0.60271592195380541135,0.58038169360501068450,0.55698829037085784144,0.53271533060204190324
0.72544121905065794831,0.70184132374907437502,0.67664254163649573126,0.64969100274818936125,0.62089163835079019815,0.59038072507432526326,0.55853374900371355327,0.52558690102740079908
0.72642968142749730909,0.69605053923169446506,0.66378689855991934721,0.62942543974655618122,0.59283049802510157100,0.55416870412795671275,0.51392434546635612502,0.47239371914741773439
0.71818359068009196555,0.68948455129506502903,0.65910252494980026139,0.62683011873544114412,0.59253614990076386437,0.55638500629854037438,0.51885337170303713616,0.48022863403541710126
0.70509972149749478021,0.68665798356569240912,0.66719205852517360356,0.64656543920228681799,0.62469518796634293523,0.60170621788425171506,0.57794276204302585942,0.55360969035226692547
0.65877661968784551050,0.65306989189745823232,0.64710691882645998696,0.64083995450246233894,0.63424450712453583900,0.62738660817222746680,0.62042708995348350154,0.61345847973024159039
0.54839227004258483955,0.55237088975088433074,0.55669706465320611954,0.56138692460883776736,0.56645399115108618915,0.57190090305074503529,0.57771967303050741904,0.58389855008104907252
0.36408294991228024040,0.37056536426858988076,0.37759242031736561795,0.38519271982955433087,0.39338115427970987703,0.40211643163155624814,0.41130251856613198047,0.42087238652006986328
0.15272806152842408056,0.15312206554280499704,0.15371126836712548092,0.15448071491720088977,0.15541186576877677461,0.15646781334517637085,0.15759949129286565661,0.15876881255090674605
-0.03416594375258567157,-0.04593866724353880965,-0.05831089365204167319,-0.07137951437218904849,-0.08521647476013560762,-0.09980070741413246682,-0.11500658684186150504,-0.13076300823795516948
-0.16817860165151213292,-0.19346991968672910822,-0.22031459686570584178,-0.24889974785297916404,-0.27935161095932448116,-0.31156132700350130937,-0.34516976137967098071,-0.37995943006096499772
-0.20806171401685177869,-0.24169639445784957266,-0.27753774206906389743,-0.31582821565136948161,-0.35672429952082079785,-0.40004686654076115904,-0.44526561597132474635,-0.49205524399344385822
-0.14726320871033762860,-0.17865185866089208777,-0.21218536136221446964,-0.24809019224202794041,-0.28650951832096022143,-0.32725966865252381632,-0.36981782452070138811,-0.41386211702974534665
-0.02537106367946781807,-0.04469233373388094982,-0.06538446424180335836,-0.08759142739891465079,-0.11140469842177314064,-0.13670943528342799356,-0.16317744558329860816,-0.19060710356097615437
0.09218652522619388834,0.08776623006633577084,0.08300069374031560088,0.07784961611031393502,0.07228384005957259884,0.06631746959092908733,0.06001010491570276523,0.05339721958146687736
0.12849278932006530374,0.13289615992334236072,0.13758818218076002138,0.14259982092580367197,0.14794455379152171570,0.15356628327634996856,0.15933857047376337457,0.16518492103057177967
0.08380751252631198078,0.08546320614447167063,0.08724030208830144129,0.08917337579766733413,0.09127944617762884238,0.09350658730642325001,0.09573256592056562930,0.09789104362255807157
0.04461010462858608361,0.03306724569716196910,0.02076639339803249690,0.00767347486529461244,-0.00623427167859517527,-0.02093385826616141546,-0.03635505811322207320,-0.05243761602017546486
0.09457430737847270785,0.06598719802734950846,0.03552625169315176690,0.00304884160700565109,-0.03153382835040970805,-0.06809752001690690115,-0.10629745537224365159,-0.14590088443522977735
0.24952153139511656921,0.20910551722397627272,0.16607652179743792598,0.12020104214906440765,0.07133177179408553559,0.01966019481470151695,-0.03426929368651265850,-0.09010425682204183107
0.44303364028532099539,0.40235509297373345250,0.35909349896445896810,0.31298979001223548035,0.26387546478198486977,0.21193553348607044318,0.15772647234703865426,0.10159988311327511346
0.58977843266375107323,0.55892266903383613919,0.52612969940156328885,0.49118405810297882663,0.45393904997262657375,0.41451412277707250231,0.37331169766137073385,0.33058072797205378945
0.64676004840617451475,0.62833946519190708724,0.60872461417377410342,0.58777277005731520809,0.56538038726356620867,0.54159399088411852574,0.51662192537954065852,0.49059059335359384013
0.62942781282285920064,0.61821209162619483735,0.60616336266771209118,0.59318935007238393631,0.57921965483173010192,0.56426770924431179921,0.54843704926573444425,0.53179155322406312933
0.58821200278377483439,0.57508453817606564051,0.56091577326577635176,0.54561187063489458016,0.52910520556631190914,0.51143101298307336311,0.49273124761264303073,0.47309859722946401295
0.54548241975354894162,0.52300577664279013224,0.49886143732345977764,0.47290364743818219528,0.44503447410920127236,0.41534449881564988738,0.38411890508604651373,0.35154322542176663635
0.50225423136775260158,0.46859235589178988013,0.43256478705353690328,0.39395408106724938424,0.35261630218805101178,0.30869623297080922564,0.26263856171902821846,0.21472893483222457722
0.46828506717188195241,0.42866608247276338783,0.38631249599117845062,0.34096280603552359123,0.29244298934107837429,0.24092164572546140300,0.18692476656958972869,0.13078735264483257184
0.43993593845793033115,0.40280306909593577291,0.36306472605543305132,0.32046560137501128862,0.27483420709900241441,0.22632707855606770675,0.17544295683080568526,0.12249709993292531851
0.41408807120195578744,0.38471789274995754626,0.35317290107089416296,0.31923745219408578011,0.28276628667358266744,0.24389017047323532927,0.20302616462894540472,0.16043534927174762927
0.38235443418753062295,0.36059654214471453804,0.33708117996162145769,0.31163522076977157038,0.28414370569331653948,0.25472108382570329832,0.22371683719023499615,0.19134749833174494182
0.30494480471996171511,0.28590813458084896048,0.26524023651961997627,0.24278193716262555513,0.21843030902119098258,0.19230532558725851877,0.16475310936091555614,0.13598668031656171995
0.16614980680405691538,0.14530918404248632791,0.12270086376208735879,0.09815158643051055676,0.07155077350262774305,0.04303631920623686435,0.01299814212470063249,-0.01832415045581786001
0.00687920968135482310,-0.01400433433353258719,-0.03666022305380250979,-0.06126390790591171309,-0.08792794774277380709,-0.11651575535900787761,-0.14663780418646316095,-0.17805522396688194808
-0.11593518167424958498,-0.13174240581353546808,-0.14898714069306970287,-0.16781395920797875787,-0.18831707555807339349,-0.21039100335597907265,-0.23372832080045527481,-0.25814221633872952433
-0.17054723751831918355,-0.17972729944025878090,-0.18990124498164023814,-0.20117022859816316438,-0.21360053032402481765,-0.22711941211576486266,-0.24151541423299374700,-0.25666227238859140591
-0.17464025758220891316,-0.18120142289099172572,-0.18855402370928336930,-0.19677840792552789284,-0.20592496365847384743,-0.21592399899574243882,-0.22658727819489529742,-0.23780328251197418998
-0.18348411951629212124,-0.19401339975291351236,-0.20552521807076726268,-0.21812193057621986902,-0.23186511093797670946,-0.24665394745868282622,-0.26222470090327237857,-0.27841936457209726097
-0.23982501977297640550,-0.25912004615072770086,-0.27987252330973866332,-0.30223822347748291461,-0.32631172024968913004,-0.35194603480958608355,-0.37874715839703326781,-0.40647625124132141794
-0.31027274462914028463,-0.33759476161943741124,-0.36680157207577340772,-0.39809430196325756857,-0.43159703597684789811,-0.46713124096498459537,-0.50420561178537848246,-0.54251938432794166722
-0.29001282760448804376,-0.31824219557320715390,-0.34834045540278973929,-0.38050223137972644105,-0.41484781315928126455,-0.45120592022366751150,-0.48910264692227006789,-0.52824493319201437647
-0.11336315452878979737,-0.13401621502100147243,-0.15599890428134344234,-0.17944153632174061896,-0.20442202592586225518,-0.23081224178357492849,-0.25827059792546758210,-0.28658293940002277367
0.16555285600275682079,0.15504001619441473703,0.14386595085687309270,0.13197629224063156528,0.11934375020839863013,0.10604875261536908515,0.09228166916052338298,0.07816447668018092210
0.41490167372231145926,0.40860721440801023308,0.40189604263529005168,0.39474216913966397868,0.38713749187303053700,0.37914636710120314111,0.37090523189022117645,0.36250278627704540790
0.53575517597048838425,0.52415483352549352425,0.51173255856841770584,0.49842269237132147408,0.48419072018053954665,0.46912687456930030061,0.45344735259480278833,0.43729068265167081453
0.53836773498690015938,0.51599579258609373777,0.49201886316073101257,0.46629847409508001777,0.43875144594350462546,0.40951434478215120727,0.37894811717320364686,0.34728374623586505399
0.52272387796343466881,0.49276136551694205146,0.46060131463600673118,0.42606376392750816562,0.38903838079982405729,0.34969195415042442221,0.30847371516185934093,0.26567549986226257630
0.58589524172478468778,0.55919789767299810102,0.53040762202413105353,0.49938196621909575201,0.46603618988160827596,0.43051806091458899584,0.39320816814639197867,0.35436316135396117577
0.72428779653959263207,0.70980612838084511385,0.69392803781571033017,0.67660303704410329484,0.65780702590716544353,0.63762763114763210126,0.61625629669291870361,0.59383699843249171391
0.83024119424524966959,0.82518561769612797097,0.81928601372843401496,0.81254903890351803941,0.80498624406188845626,0.79663702124858004616,0.78755617775609743081,0.77780181330159758879
0.79233153371786413377,0.78420923435726341832,0.77502198893342566510,0.76473357214291537431,0.75332334494872310593,0.74083873275304257255,0.72738637942950112869,0.71305034782282517014
0.60505298885525748975,0.58168726635225165289,0.55625280990324565966,0.52858359476159344492,0.49856952857382436095,0.46632419323806434397,0.43218566783051148850,0.39637434071905430777
0.40144399280532599983,0.36114287092456182071,0.31763669748643075241,0.27062612661048818241,0.21991160775447371467,0.16568763180056989004,0.10855245811047965765,0.04888343438649587341
0.33410256321118486644,0.28780440121932909792,0.23784019275022397211,0.18386811505984149151,0.12566244768495785089,0.06345619040598948768,-0.00204803412986163079,-0.07040739508650352418
0.40467638656996229862,0.36567354844326310781,0.32339957607888009106,0.27757377857496257079,0.22801431526734591837,0.17493287678170901800,0.11893906953733048015,0.06042251928801101180
0.47004917307886423528,0.44333707921474119207,0.41412055495023136764,0.38221214774842937612,0.34749299182915582840,0.31012081111583406079,0.27052694802193411050,0.22899356145431989940
0.41594522537403882945,0.39790877600069674003,0.37797470036965219453,0.35601130052510276958,0.33193404825176686668,0.30585041244555261075,0.27805445979801440837,0.24874131721319003852
0.26148572754583160327,0.24555871081116065202,0.22797310789304198186,0.20859750840601920530,0.18734332659622884854,0.16429450590687369460,0.13970509318288065748,0.11373920111802278410
0.09662595066622681195,0.07832661462404517938,0.05832070006801497869,0.03645161721422511547,0.01261263889846568620,-0.01310480903752691932,-0.04040938861742638527,-0.06911884281861768731
-0.00580314485383979454,-0.02591638589259273595,-0.04780788932669614855,-0.07163417674615900343,-0.09749742759260046632,-0.12528330117725638981,-0.15465933578842111507,-0.18541544418783417747
-0.03697653792087163271,-0.05431539081890909143,-0.07327487993863290860,-0.09396348718271357869,-0.11644331875526413300,-0.14058794029923615820,-0.16608650231359378679,-0.19273380436695011775
-0.06826250770858176276,-0.08021094196508839202,-0.09346666303306307155,-0.10808200099158320195,-0.12407671962735283833,-0.14133367969310309253,-0.15960877465694955912,-0.17873214130739908945
-0.16120387709549685584,-0.17045151307583450428,-0.18082038565639310668,-0.19235671237006402023,-0.20507874648950416563,-0.21888694103936431890,-0.23357341128916853101,-0.24899482478271262043
-0.27342610822426277606,-0.28342669420611282805,-0.29451516636460439713,-0.30677949150612421336,-0.32027327442267505830,-0.33491132783606469836,-0.35047265723651804814,-0.36681851686730343465
-0.30891347610512975841,-0.31894592381944397719,-0.32993764319663237972,-0.34201005041854681821,-0.35524550382848507635,-0.36957334525267343528,-0.38476630579880943817,-0.40069463703947055810
-0.21619284294366525323,-0.22217168499776307478,-0.22872270861282950616,-0.23594738796520975388,-0.24391604837831892816,-0.25257868457525400885,-0.26175999645917374936,-0.27136776925262950932
-0.02436625012690874989,-0.02418214114224786007,-0.02411044971604521525,-0.02418860327705175603,-0.02443968434951051399,-0.02483069511942451874,-0.02527208012196022202,-0.02571984265752336879
0.19690993356766975375,0.19937323574497153866,0.20184368701555915893,0.20433620081350850617,0.20687061438926984680,0.20948960871245400628,0.21225291699568074599,0.21519743945544003716
0.38749533170914535196,0.38643376651049732295,0.38505262140295393181,0.38337194594644674606,0.38142230042908920051,0.37928262525389283555,0.37707035733607513484,0.37486890281390650159
0.51406767199431835369,0.50908880281332513640,0.50340833724541222960,0.49702645321301125447,0.48996275283990819993,0.48232215132301914373,0.47428334707200248133,0.46597253248882214427
0.58952729215222321457,0.58642897225603984879,0.58264344049008165438,0.57816782831118140873,0.57301525766813088403,0.56727051095744585041,0.56107770545282054098,0.55453934915676561523
0.65347232787954145916,0.65781695031904696691,0.66190838493015258237,0.66577064842723421290,0.66942635991213994551,0.67289997625442909968,0.67620461364062001142,0.67935593730712828808
0.73186924523435636925,0.74156286811487293065,0.75135430005171588430,0.76129110946744360522,0.77140507502064648016,0.78167182752171249227,0.79199755266939497744,0.80232836617017866399
0.81985294224998228607,0.82612911359458984784,0.83229341183396399195,0.83837421284126656396,0.84438936979471024280,0.85032083397786073498,0.85610307197101187526,0.86170143478677918569
0.87532412921533553352,0.87216941598125197199,0.86825787362922335344,0.86356433408740551627,0.85807309421418587192,0.85181160083845142150,0.84484136211525595606,0.83721101711004486390
0.86236922156852180432,0.85105884266486098166,0.83835804120436152598,0.82418908096451926060,0.80850243385900888438,0.79136628907577810654,0.77295879690281277252,0.75340440347442261260
0.77649578047119438562,0.76120237362762388500,0.74412036204630327418,0.72513413181015184961,0.70416696868990735769,0.68130228770744105660,0.65677632169287747388,0.63074948716451495478
0.64147126330681125683,0.62499685487610345813,0.60656210161276891135,0.58602534808748041328,0.56328822984995730039,0.53842903298321043160,0.51169644418756932147,0.48325548272543794592
0.52298107899317769487,0.50600475993864446611,0.48704267756572239279,0.46593726358139159194,0.44257602175392801724,0.41702859746162485033,0.38954265236167162634,0.36027895888355410126
0.46876194913203617087,0.45129064835021959201,0.43191144692288951923,0.41045948195246506618,0.38681597437661652261,0.36104638825785562162,0.33339929537118162539,0.30403268711183423223
0.47206278756485281489,0.45627612859332350448,0.43884853206815416238,0.41962437719088141463,0.39849037080936555721,0.37550077948365984115,0.35087887996591904383,0.32476286956811828421
0.50360425179188739175,0.49285693977293154600,0.48091443034284470093,0.46765492675163772285,0.45298768996562482902,0.43694437954380987987,0.41968045759543926021,0.40128902101840885353
0.51026562513280293576,0.50512133142753101733,0.49917344683096809277,0.49234793789217617954,0.48458794924218218103,0.47590559673058879797,0.46638004969765917140,0.45605900518699077351
0.46558158948828159973,0.46401464572727685320,0.46185021591590613710,0.45905998222159422051,0.45562143688554035403,0.45153878290731164213,0.44683626767036060956,0.44153441295723283577
0.39284201420316433584,0.39257816229220671156,0.39181799944288248083,0.39056060548150944856,0.38880431686765282162,0.38654969398717559104,0.38379050588432594981,0.38053382273311731065
0.30796534559175631207,0.30848302539777960884,0.30867658189860663898,0.30854766457861726447,0.30809395121118932082,0.30730069567205792191,0.30613439283246568490,0.30458219373129347129
0.22869698290645285033,0.23172953206241003743,0.23478970394401657562,0.23787315537720363223,0.24096728378912410373,0.24402596281593447181,0.24696883325400906251,0.24974324818731963305
0.16014569263973463253,0.16635574765313512757,0.17295184447730979627,0.17992878872067913365,0.18726870963392089342,0.19489946955089643144,0.20269819942613545583,0.21057568782571955968
0.07563848569647521614,0.08297282213922947680,0.09080076023806313290,0.09912257206873828497,0.10792492739823889014,0.11713642030077481282,0.12663125052179308172,0.13631655571593470633
-0.02249034950476321015,-0.01794727489730145800,-0.01317198923884803537,-0.00816435101045151143,-0.00293174012129065976,0.00248703113429131614,0.00802240975450949079,0.01362340226380754499
-0.08624236423039949306,-0.08741327478337540535,-0.08884044968447456225,-0.09053893019363111472,-0.09251903803566659257,-0.09477110482016302961,-0.09726773591874353364,-0.09999041124336294217
-0.04279975517724978612,-0.04555916128167975671,-0.04874673476870431538,-0.05237692786908676457,-0.05645605573828851170,-0.06095517686756996012,-0.06581458757987214414,-0.07099106512709667249
0.13048698035765471381,0.13551274612248495610,0.14062965711888439357,0.14586806436111157681,0.15124924072651130258,0.15676175104231307444,0.16235468645767070495,0.16799958762571762239
0.34835520193073760131,0.36666015410379632078,0.38597996996591638075,0.40641302373625337596,0.42801901151954657720,0.45070673257974419590,0.47422545985103181643,0.49841456092469971217
0.51163907506443595530,0.53955138486832410205,0.56915100716831956706,0.60058050506599702789,0.63392208567043795142,0.66901993289279593213,0.70547109109185013320,0.74301319010853028590
0.56126342512424998166,0.58583125845304695467,0.61187598331864090362,0.63951165041412927348,0.66879932908403194602,0.69959011111430624563,0.73151857144167176106,0.76434420194281593730
0.49745654163833208372,0.50519013944948887307,0.51329421843816924742,0.52177875258735750830,0.53063831912850623063,0.53980502081966907912,0.54914816563402513161,0.55857711926798214730
0.42077903680972744693,0.40942014019856137752,0.39720947931467648351,0.38403938257907466181,0.36982931416008935077,0.35460277450332317040,0.33849463639605970044,0.32158326848474649839
0.42678279941435937062,0.40611955995105708528,0.38408100612286755204,0.36049555169612063077,0.33523891920550086265,0.30836815292635116892,0.28013516741020383360,0.25068986206521537419
0.52966453732236551399,0.51344719137461658498,0.49628559179561826387,0.47802330898161149442,0.45853968034980524537,0.43784680569163531016,0.41610627584568010695,0.39340499883116608615
0.69891350846937483343,0.69557746033720280199,0.69230523440394076129,0.68900863664290634691,0.68560466453248503083,0.68201967610110691975,0.67820651228110762077,0.67411330131224034279
0.86189821828919066515,0.86972759639281105315,0.87847857057471834263,0.88813055022374554071,0.89864221594171278529,0.90987817001643556125,0.92162472644175497116,0.93372109963350480299
0.95513374176826182360,0.96575508788138897387,0.97751339485961374898,0.99041728838430165283,1.00444854912503456212,1.01947186456076654970,1.03524841313130289144,1.05160357024879758114
0.97394130180504545624,0.97980970114558418871,0.98644258099707760046,0.99383706064574706129,1.00197502550171635427,1.01076964608176456117,1.02007672698539386680,1.02978732853175802830
0.94994986186642715875,0.94966128368692270811,0.94963939815400644218,0.94985863805578119035,0.95029233118717160167,0.95090329930023043126,0.95165334235858611844,0.95250682751647486324
0.93525427020003759626,0.93441832884250664026,0.93376397053555981742,0.93327428446886440128,0.93293021262073982935,0.93269948879354680482,0.93254403095164128956,0.93243328737566122388
0.94210944751382341700,0.94879067047718046446,0.95617884249527618223,0.96431521843769174573,0.97321643724142914422,0.98279756931808115450,0.99287668709206367001,1.00333606161439647941
0.91534823337258564013,0.93303155106376423067,0.95223461578653301185,0.97307688329738617483,0.99562155892150294711,1.01970490235704724924,1.04493829659014081379,1.07107567796349889555
0.82689808361135919146,0.85092310091001843730,0.87697283902665046362,0.90520845597969612495,0.93571704629773577722,0.96828748290008381794,1.00241216260070142852,1.03776934454779157235
0.71260045161301366345,0.73247081902347199733,0.75412316259514633465,0.77768533442974241421,0.80322374837795074143,0.83055564791193836616,0.85925346107648781224,0.88904256624079081028
0.60752099748605503660,0.61412585256797891375,0.62159634301725419370,0.62996481334219456283,0.63924089409420981056,0.64933776409321219969,0.66008082467778439462,0.67135067269503068133
0.50539988599638563382,0.49755431199440269818,0.48952323099949407448,0.48123649065497048349,0.47264302049504886005,0.46376076406355176696,0.45468888971034326918,0.44547761745577196812
0.37081027624683954302,0.35590689169443723294,0.34022579313390616251,0.32364710891601877751,0.30608993832066028196,0.28762190350630284508,0.26847162305038552166,0.24877145337750039555
0.19561427495130731535,0.18475358547135953269,0.17324090036845757323,0.16098612391940181343,0.14792629009101021520,0.13410196995711870516,0.11966537950240041521,0.10470550240083585647
0.02506546149572777202,0.02422841095314405904,0.02325682031983409767,0.02213451617190883430,0.02084454069855266184,0.01936577183970028537,0.01767386849937088375,0.01575345735446722142
-0.09535815172287638586,-0.08953650813954106003,-0.08351252704732245458,-0.07725126190500679335,-0.07073593861312846287,-0.06402039252574011352,-0.05723353829662155418,-0.05045181593143682058
-0.15079553002190135280,-0.14630636063990828943,-0.14171558667733782921,-0.13699884915071108837,-0.13214350658945678285,-0.12718161857127205372,-0.12219449058414839915,-0.11722996606029693900
-0.15536872263755791002,-0.15962965499279108128,-0.16429629523656633094,-0.16941695321238728345,-0.17502378722944353373,-0.18108554598593223917,-0.18750638549747497552,-0.19423066891253937261
-0.14924929763210284528,-0.16422966924236129249,-0.18024321677519661300,-0.19742952099138960653,-0.21587991126254685303,-0.23549848312413459994,-0.25599329023290007257,-0.27719482120594446384
-0.14626246790614960691,-0.16553520204204849597,-0.18611925664692596794,-0.20819578751480713463,-0.23188529825197415346,-0.25707361302840608941,-0.28339970315821921831,-0.31065495103878038030
-0.12233426904175924432,-0.13673047927839598881,-0.15220576634915183867,-0.16890869326818694351,-0.18694146738258146656,-0.20622706744556520975,-0.22650030744762850166,-0.24760979715207054319
-0.06085772003732591723,-0.06605458412504304488,-0.07184695170490285054,-0.07831290143057693942,-0.08551096037613985235,-0.09342380593204732686,-0.10195593010936052081,-0.11105563322156006278
0.05349147875016594528,0.05526905138213742547,0.05685202913807294728,0.05821629873847933290,0.05933718222207631787,0.06018806862391831020,0.06073827870050286376,0.06096479634949465015
0.21409380430094535064,0.21743615067563132337,0.22076040734350174666,0.22404921477968450794,0.22728054654053858608,0.23041322177493658852,0.23338613826734644352,0.23615480258270826752
0.36539329157376509993,0.36581081974632506659,0.36620465057592110902,0.36652464275135876459,0.36672380880410471171,0.36676327253534957151,0.36661811772344676807,0.36625876172026128330
0.45208316615034216390,0.44683197425186638174,0.44137879566437815404,0.43562471237018834946,0.42948622694806548594,0.42293228414624306488,0.41599808592772452576,0.40868504817583395372
0.45323878540549045191,0.44079205539098553768,0.42775155770055128812,0.41397229750725406117,0.39933727266383606258,0.38382945436519877447,0.36755073511034963563,0.35054448968098916861
0.41241015029631300504,0.39341087738130292584,0.37332278719014250212,0.35197225568756668190,0.32922338357365454886,0.30507952812924071795,0.27970259351381199231,0.25318069814454097211
0.41515297548924723348,0.39471792649257037011,0.37296700255295706095,0.34973455070825432145,0.32489244537144984504,0.29845379468171412407,0.27058833292627287870,0.24139764530719540203
0.47159916009442975904,0.45832918080494672308,0.44411802235983155462,0.42885650242328066106,0.41245566256975413344,0.39490212560070858672,0.37626740936428698658,0.35659601300614229835
0.51066648477283060892,0.50966927180494092653,0.50853556271602373684,0.50723468910301205970,0.50572822857403898489,0.50394379132145772360,0.50177947239899023391,0.49916997916483790698
0.47568877641977330706,0.48394781579329132493,0.49275325989230511770,0.50212639739632769498,0.51205937517652044821,0.52242485744613931242,0.53297942131414721700,0.54356483030631463915
0.36169419840260752519,0.36957560084444257553,0.37805853940224726228,0.38715829335875567851,0.39686086087748539963,0.40703062991776156609,0.41741620678461810456,0.42785207449769735444
0.21797214137011119983,0.21527867144059101290,0.21252796074998583920,0.20967248229254772940,0.20665911879377474314,0.20340588475183990491,0.19981199112287109654,0.19580791110338149896
0.12104064574327945414,0.10673641142564097017,0.09161516122025697983,0.07556027775735715823,0.05847813353786077140,0.04035905203849934203,0.02129084735710959700,0.00132386750721493482
0.12596466095250447026,0.11033197287690976740,0.09379796086027092361,0.07623644330896647836,0.05755189776313263117,0.03776349900374657842,0.01701853220955050136,-0.00459710546586005256
0.23528945569428155737,0.23015717695919307717,0.22482684313432921286,0.21923363298740766725,0.21332542781297486600,0.20709480765833138127,0.20058833631663025576,0.19382407658845879350
0.37231037634208230536,0.38032750760498956755,0.38901474868391511253,0.39838771554164836841,0.40845035730612266889,0.41915645690586161853,0.43041332667634540909,0.44214767291443424213
0.41563995703868272802,0.42769706031640408739,0.44066622540438782352,0.45459181245117696868,0.46950080173053876376,0.48534882644130333818,0.50202075115336330935,0.51942896293602336399
0.31310398626755375773,0.31789115864004147127,0.32307720615954077514,0.32866455707962466404,0.33465580547250917132,0.34105195273248467558,0.34785430899503749780,0.35505055307360616768
0.13958712510742285473,0.13598100897088880035,0.13220555850545095966,0.12820762684696265787,0.12395243934205892045,0.11947470520943670458,0.11488395468390558141,0.11023664670442698266
0.03767333170971026018,0.03587416378275494477,0.03403725895476514968,0.03210675150221925511,0.03003996041764076322,0.02784145076554325055,0.02557022087187676637,0.02324726384623328548
0.09603814598195771490,0.10916552761691099283,0.12326888197902695354,0.13836159567802147619,0.15443694462139229140,0.17140196797434767428,0.18908315764610381104,0.20734665708040300736
0.26152860450020926075,0.29546340593090686388,0.33176963113529178706,0.37056574673092435024,0.41190504480913658902,0.45557519426955328523,0.50109998391330767831,0.54814526950445696674
0.38921756284346287202,0.43715642027579598716,0.48838027716113563415,0.54308037991682689416,0.60135320671149949945,0.66291243594873416889,0.72708709184471154163,0.79341469204599324172
0.36442018105335877154,0.41071267705714514795,0.46013089033118520499,0.51285907512879924663,0.56899086364083428791,0.62825441536838144696,0.69000961482970490923,0.75381535942599020572
0.18774349302931278571,0.21769803044464436370,0.24963248468618948195,0.28364895214637775300,0.31979365064215198311,0.35788623659833573853,0.39751918388658424863,0.43840683506868910468
-0.00530766438098974683,0.00330631579224241901,0.01246609268195747293,0.02216141336813668566,0.03237104296920754326,0.04302538800894707693,0.05401076852988320742,0.06523583326020755691
-0.05198551168533353112,-0.05783716464285451608,-0.06401871789227354947,-0.07062514288523949468,-0.07773207405678721205,-0.08534514937579956717,-0.09338927748803954598,-0.10183488507740956486
0.10407778827312660908,0.09642357068417756194,0.08850013728001321356,0.08019057659636542879,0.07140048764622997091,0.06211467521055726027,0.05241375199501899229,0.04232466328024538094
0.38739309381262854171,0.38668238743478189345,0.38636840164480129589,0.38636120940233142917,0.38657800464895553105,0.38695083081298270455,0.38744698732861404533,0.38801257787340476257
0.62608234634662796037,0.63283909228253243384,0.64063133603261079863,0.64940551757755715645,0.65909839988352181273,0.66959299096141644547,0.68074051339284091799,0.69240740912955722752
0.64497945115863430932,0.65314092898477482674,0.66245555926703703076,0.67287865900604648672,0.68435041451214262409,0.69673517055797951070,0.70984377593221203995,0.72351739626565925168
0.39301553441365527641,0.39234781205418195471,0.39217175760431549625,0.39239305425832654572,0.39291708564279553828,0.39363208941791444362,0.39443338806445982225,0.39522115865975881999
0.01195851999263993111,-0.00485788515899562064,-0.02235550570894044922,-0.04072245332358825215,-0.06011746156941108477,-0.08059931028027601807,-0.10209846523701528176,-0.12459687157215437736
-0.25336090333323540991,-0.28341626168842354305,-0.31508588315567404026,-0.34863560405683485799,-0.38427777649653827030,-0.42203014564245805440,-0.46168338504574496506,-0.50312545488310733699
-0.26121733965997712135,-0.29408742398688236808,-0.32872810767202653714,-0.36542627331370736155,-0.40441082528190058776,-0.44569954498351266325,-0.48906414503486739243,-0.53438121488025602801
-0.04276513404933458828,-0.06601577719037532432,-0.09030840297228204250,-0.11588017536873265745,-0.14292988286755267668,-0.17152396053768989570,-0.20156213657905214243,-0.23300801681510288632
0.26129403092952946386,0.25759779756142481277,0.25422873399240447645,0.25106400705121895145,0.24797856369725168602,0.24481928649362585948,0.24143414426293191566,0.23769369692004724270
0.48040727178306086298,0.49740295290562797081,0.51608756083880225063,0.53647233939131178104,0.55852150310026882352,0.58199625448230241087,0.60647515626191061955,0.63165763476724845482
0.52989814970755244605,0.55973595011344889905,0.59203305427514074655,0.62690001513923399035,0.66437032306769339129,0.70415932202583531030,0.74567572865816111882,0.78851760507180412851
0.44079110538826210552,0.47307151217589477055,0.50790145161165733967,0.54542856879773438106,0.58571557542531837992,0.62847885063270481076,0.67309490902774360421,0.71914922998561525702
0.30670245239832638617,0.33335551468259955188,0.36219878391732257539,0.39335807677018236328,0.42688560675871661809,0.46253273336827677165,0.49975703961695366884,0.53819927210098783554
0.22586237006684722894,0.24338434562439420494,0.26260281297104065557,0.28358731324910219085,0.30635555920183604739,0.33070889583423052072,0.35624453402990269302,0.38268953344322453880
0.21268878526179585409,0.22103849944327391697,0.23063383616717697544,0.24147469787819500486,0.25353403224530685067,0.26666370679275475108,0.28061416342422412784,0.29520195079408273475
0.19022489928305175155,0.18925172955042920964,0.18903468058896324977,0.18949363944311506391,0.19054843138656549217,0.19210064780376412408,0.19406129529494850483,0.19633865434275049600
0.07980010468407269797,0.06930944434538488519,0.05899151234085370926,0.04868294289280952064,0.03824718356929912577,0.02763285278448136817,0.01690826656217684146,0.00607279306969767552
-0.11650027045258500025,-0.13373030033620167401,-0.15128714659853334523,-0.16938979682567004148,-0.18821204208485706189,-0.20777059244474702093,-0.22788772650637487138,-0.24849788837757008642
-0.31609971645938816920,-0.33365155576078026067,-0.35169684504616238740,-0.37044643049387343536,-0.39006547764894256014,-0.41055745547543709417,-0.43173093909382403988,-0.45350590021722336775
-0.45492261220125024268,-0.46582490081773780810,-0.47697409107597310562,-0.48850628312815275178,-0.50053047948078377427,-0.51306181483515600483,-0.52599876691020475139,-0.53930471096982990353
-0.54252804188728198653,-0.54488423337525704326,-0.54709428079872834960,-0.54920522905036806005,-0.55126116096284205614,-0.55330216401641441060,-0.55535235317950604195,-0.55744058324342382615
-0.62068808484352722132,-0.62052550138739559493,-0.62014950804710133880,-0.61957926831753928898,-0.61883945610737789433,-0.61798216310305043031,-0.61707902337929632086,-0.61618284955920021861
-0.69583151455720326783,-0.70219223273480257941,-0.70878673706542505428,-0.71569445002041454096,-0.72298399155437220731,-0.73068908922752129342,-0.73879602242457620420,-0.74730836999906202767
-0.73781787899159612110,-0.75468066176904280429,-0.77244545166096301170,-0.79128863506579583120,-0.81134747281866326230,-0.83261604596275207157,-0.85492457172947067257,-0.87818745586702906536
-0.75152770150696679430,-0.77557337985963936688,-0.80098880644048919830,-0.82801221290483517645,-0.85682268114817505822,-0.88737872451034882637,-0.91939304119363929324,-0.95271111578975153922
-0.76576922313005024723,-0.79083206850274434530,-0.81735282541415221758,-0.84557322154138581105,-0.87567269086675858514,-0.90759700923177644150,-0.94103366887546535668,-0.97581129509613084849
-0.77306549461779039412,-0.79492543523957004403,-0.81804579850778158523,-0.84263595272834646011,-0.86885214025383938896,-0.89665171176577940226,-0.92577142533075296171,-0.95606712299729401661
-0.72065213528106164542,-0.73780603434938096807,-0.75588086323410430545,-0.77504576149881576619,-0.79543059681764449742,-0.81702036113631293368,-0.83963565879455503982,-0.86318233603330862813
-0.55342971207865521155,-0.56447287884419850013,-0.57594877080809936398,-0.58798562385139407915,-0.60068866596890646559,-0.61408307579780663232,-0.62809504424273598922,-0.64269780377926200021
-0.30837811680229643141,-0.31204276796392899085,-0.31555423229595880308,-0.31900062205593621156,-0.32246438167393765006,-0.32601774205041877952,-0.32970360015015798272,-0.33357286365061084021
-0.09902218307314289425,-0.09810907378821100144,-0.09668893673903451724,-0.09483644034652355392,-0.09262946315758872895,-0.09017241336546991115,-0.08757584401306030275,-0.08493924603353281144
0.02006831318551359836,0.02016859739016194086,0.02070212888233288751,0.02156853229178592318,0.02266888701862496830,0.02389456997938708624,0.02515006267048353755,0.02633958192201066306
0.09551893996079255378,0.09314505493777357203,0.09095943608103092271,0.08883474043703663836,0.08665232343473451559,0.08431224024196974642,0.08175677262841174464,0.07891242343670885895
0.20663946988284684347,0.20503916746379796665,0.20358649558142100089,0.20216528402820399535,0.20066565558388976820,0.19898860957541203431,0.19706667220278939467,0.19482394946655995360
0.38163150167057885431,0.38572080251134077677,0.39030538914845608334,0.39532178238969845063,0.40069838541920349551,0.40631984536689291776,0.41204282022675736696,0.41774859133956254720
0.56561697183563597324,0.57833813577587689370,0.59218673911445041114,0.60717071687985968431,0.62326946472314714853,0.64033952565899088238,0.65812596918891586029,0.67644237865704492929
0.66234752092455817518,0.68155525815553386071,0.70243071684942259836,0.72503498279239753099,0.74938597302237253128,0.77532144258013269145,0.80250827601875041051,0.83071096864480908906
0.60971073051637747486,0.62802121782927478044,0.64804238924477031158,0.66983641331212617764,0.69342451679391614583,0.71865608102339284535,0.74521922501122328519,0.77289135312034673575
0.45071402026374857153,0.46058786524395467499,0.47167771097844668482,0.48399352991071881158,0.49752303413282239486,0.51215465897585088495,0.52769246322361662571,0.54398665333940554589
0.31173392799660831765,0.31315057248376082510,0.31526583558431631182,0.31802985550519635716,0.32138892157778320424,0.32526095939381793887,0.32955550326208810086,0.33418762020809689162
0.28666681210516847811,0.28814667343804750699,0.29038410393866082027,0.29331585604072757389,0.29687451560427718933,0.30096095553497159703,0.30546740443047321056,0.31029337814895341374
0.37479219973998012527,0.38632212604756555052,0.39933370237641147016,0.41381337663667788762,0.42972141975349004150,0.44689808357981486431,0.46508593127459801897,0.48408429720073958835
0.47825448433517969704,0.50372050685086389166,0.53160691796402559373,0.56198219373454760817,0.59485841637845049412,0.63000856495315571415,0.66698457201167793418,0.70546215764904840473
0.45801987794113957486,0.49148704170552254267,0.52784514433133467026,0.56721457707669153958,0.60964269197200371408,0.65487351634957735591,0.70236119421021192544,0.75172027681551989442
0.27560881808525605763,0.30436881841520480041,0.33558182141015568956,0.36934177426642839093,0.40568220142594607625,0.44438487547623978235,0.48499173292171010585,0.52717589428398459184
0.03547399461051136543,0.04940122733708860597,0.06464743443136294898,0.08121430339623585126,0.09908002385657960209,0.11811829901116371877,0.13811204270307855801,0.15888988359927458394
-0.12231983375192354013,-0.12130641070835504469,-0.11997296103934688982,-0.11839357812939300951,-0.11663318559308684386,-0.11473019667554383572,-0.11268226374093889830,-0.11051807470019184287
-0.15174341845735117573,-0.15117360329431542287,-0.15044287783766033262,-0.14960885395924725105,-0.14871832925208511300,-0.14778146934375246957,-0.14676286919512729345,-0.14566285970223263879
-0.14875825063534831028,-0.13944451139376348725,-0.12950441196146350586,-0.11891430275262006300,-0.10766210430626459160,-0.09578329275716428171,-0.08336078591740042620,-0.07046017442787327889
-0.22468948003821620496,-0.20907542740727058650,-0.19250778267661550203,-0.17490703499433493673,-0.15622319770366552283,-0.13652221851871060299,-0.11599163913607443699,-0.09475613804542092067
-0.36235368358978026215,-0.34948616799326859272,-0.33590276149705050601,-0.32154285450485159403,-0.30637149897580751023,-0.29045452198895699292,-0.27396356580664210645,-0.25701142204510896150
-0.44331470181402571340,-0.43963953307773112611,-0.43586855252734463262,-0.43201026972267270176,-0.42807792238157732490,-0.42410443917872703290,-0.42014265694235491955,-0.41623237691621656209
-0.39388419501083099528,-0.39913467850768369338,-0.40484757118171893486,-0.41109352423037814894,-0.41792596946346499687,-0.42533257433545967885,-0.43323096748339617879,-0.44157782102067838492
-0.28288804583126503367,-0.29410361864589956715,-0.30612434376609753972,-0.31905325345380181057,-0.33296094176176532775,-0.34779222857640185174,-0.36335974664335768392,-0.37955389990561899660
-0.23834533343187000454,-0.25444734096902288378,-0.27164890536657609887,-0.29007364781369726625,-0.30980109829594598692,-0.33073844089816006875,-0.35261332904494185891,-0.37526042821170596531
-0.31748394671382124121,-0.33998688630712936565,-0.36402426043053670579,-0.38975569579742147530,-0.41728301892257185779,-0.44648152952810193916,-0.47699113159112521698,-0.50858902309047704371
-0.46352537488748890571,-0.49429506883828866481,-0.52717802557686099796,-0.56239298379335178613,-0.60008390093015018252,-0.64010234815727384827,-0.68199480897142750191,-0.72547940388145082391
-0.53596364146404096296,-0.57295445151782775639,-0.61248748560385646300,-0.65483551936556116946,-0.70018390373991434839,-0.74837767333210580833,-0.79890440429400932931,-0.85144747711366786103
-0.43149020764888312840,-0.46903407073269548500,-0.50912695793772055897,-0.55206293534518113830,-0.59804670698645068239,-0.64693715290041153843,-0.69822691395952851678,-0.75160795254702628121
-0.17135570455298887449,-0.20398162274088812995,-0.23875895230488922150,-0.27596576251267657121,-0.31579877697277652926,-0.35814215162740264953,-0.40254587676714120859,-0.44874496542417019462
0.12544022959609926748,0.10139433289764637758,0.07583221164249494273,0.04852468952488660919,0.01930781587129519472,-0.01173370870491318579,-0.04424668819799540409,-0.07803181796480854193
0.32163465614338082599,0.30624680792259689754,0.28994161538217672058,0.27254871857204643337,0.25394438607439245859,0.23418093176229612395,0.21350301897030191101,0.19204100174774332843
0.36683506451694403161,0.35600660107718506975,0.34456481395161331349,0.33237244448739794445,0.31932704820368074117,0.30545601200294109079,0.29093084543265579356,0.27583702030823237239
0.33003069582285604611,0.31966539051894460322,0.30874280200196468904,0.29712481057433648424,0.28470468244471169861,0.27149087851955394646,0.25762267754763390482,0.24316454097850515037
0.31612816304989604932,0.30596944785269697409,0.29533128018925075553,0.28406566781252490239,0.27205388291792498290,0.25928179360601844028,0.24585861728427096939,0.23182621119315466318
0.37447248932872401195,0.36741240479033598909,0.36015311030716085083,0.35255370899770077653,0.34449553200193372415,0.33593469539323578266,0.32692299399542323890,0.31746105355174325524
0.47318444650467267332,0.47255656534315043649,0.47219119846153967401,0.47198160598538324573,0.47182991988675865302,0.47165979727165036062,0.47143632797601947582,0.47110212247468491453
0.52536099979446215791,0.53186593926864556003,0.53906907964155537094,0.54691203087473738709,0.55533032803373405528,0.56422341086088845241,0.57347043963053501159,0.58296049566731789060
0.45941073215008321196,0.47022905609602644317,0.48193997429855001124,0.49451994894452505624,0.50793022768321682836,0.52206208343459625798,0.53674801036720265479,0.55185101430778860099
0.29802466289856810455,0.30923667623678280370,0.32125699870108720413,0.33407102711664066197,0.34764841134812379808,0.36188874271041499009,0.37662944820909743937,0.39174050377009478341
0.12739716280296470297,0.13573988865264646764,0.14459244661444689561,0.15392698792212949899,0.16370742127001852717,0.17385898827591478311,0.18427421867674989575,0.19486126511037274445
-0.01421775215466607525,-0.01141518647942140093,-0.00856319968969834235,-0.00572355429646979191,-0.00295142989937989672,-0.00028088625166044194,0.00228075846424611456,0.00470669290151755348
-0.16223031063731416235,-0.16757024419075297605,-0.17348071003715281879,-0.18007861748265152624,-0.18745292265418092570,-0.19558655443920627826,-0.20434931839599865255,-0.21368096666718119914
-0.34229321520636396547,-0.35580444135094307923,-0.37049696915886876081,-0.38654431222707880123,-0.40407144161025704276,-0.42301590969030067324,-0.44311870124508240254,-0.46423824500695404227
-0.50864524779079844929,-0.52381000323097193228,-0.54029667561831618006,-0.55829085761382946096,-0.57792631337802058411,-0.59913644140578148356,-0.62164477667071127431,-0.64529820010539495900
-0.59081899151389705160,-0.59783232612646308723,-0.60558311951733023726,-0.61420045763511377235,-0.62378380738343996992,-0.63432007227238107472,-0.64567630960737687484,-0.65778884670885628960
-0.56807143302725882084,-0.56090559784605953375,-0.55341135463710999787,-0.54561625041134287351,-0.53755652930740160933,-0.52930745114667110407,-0.52097945721439931077,-0.51266085955497520121
-0.49643060548623285655,-0.47701970578756508479,-0.45630868132020241390,-0.43423230439578347495,-0.41076835934112015947,-0.38606957181932644030,-0.36046228849913236614,-0.33416904879966674580
-0.45668959232817785132,-0.43545553933380409806,-0.41268703668298312159,-0.38829511218482321011,-0.36224198602247714707,-0.33469754805138601794,-0.30603757709231999007,-0.27651379319599750373
-0.44732717743680316946,-0.43581180631721655461,-0.42337603231215692468,-0.40998804314794118353,-0.39564502972494686173,-0.38046457718697063166,-0.36467935080033792028,-0.34844972154834763511
-0.39616627548345462184,-0.39759217147835046458,-0.39895916818218912780,-0.40032135260927009801,-0.40172937722120749537,-0.40322680142178624063,-0.40484001210481468380,-0.40660042415266817173
-0.26460697007971323291,-0.27271150396675236660,-0.28115695369726956265,-0.29004860271112287151,-0.29947034335415995132,-0.30942942651437516099,-0.31984227161756623170,-0.33067468028856145112
-0.08244774928474593589,-0.08746135478545932762,-0.09248955699868821601,-0.09762427632934578270,-0.10294332404416443871,-0.10847850097115765977,-0.11419924973187625672,-0.12010912823026355378
0.07441622238652043086,0.07793145167212879587,0.08215058858683829679,0.08703763862604697865,0.09254793070526562415,0.09859129406402863949,0.10504853753889796530,0.11181949629773103860
0.16016825910147164391,0.17047422476173421102,0.18203294466132660667,0.19485916590623683642,0.20893968726567360705,0.22413925178507240754,0.24021597355457180445,0.25699307421179701239
0.20668011459005633523,0.21791630498709460562,0.23046508420654102101,0.24435250940841937717,0.25957364829229362391,0.27599003776861419368,0.29334409804419275813,0.31145084322256744169
0.26063453863863700333,0.26749529001021438157,0.27529418634812546918,0.28402655509474111772,0.29366945903147773089,0.30411747617572454372,0.31519703918033953327,0.32677648961627864255
0.33101589312899498685,0.33302388210737976504,0.33553042219253043088,0.33849230089206289174,0.34186262505699577252,0.34557032660257225309,0.34953452373805909970,0.35368161162816474929
0.38534189429037607466,0.38626695809728250897,0.38752216172445819176,0.38905206362228972328,0.39080084786789637263,0.39270209609138118090,0.39469232678178678420,0.39670939245044800625
0.37677793734234504841,0.38159721451379446933,0.38696546874879367284,0.39285194979162313400,0.39921341713955349473,0.40594827918431858338,0.41290853558031731518,0.41998050412388021613
0.30647092069895343069,0.31997569815104331958,0.33462342380223453198,0.35044170455466644443,0.36741984578191538846,0.38538652822017477328,0.40401951224203935809,0.42309728998601475736
0.24017445500003190006,0.26498749772915503042,0.29173734151464009168,0.32052241995291030907,0.35137232699756743015,0.38403471247082920925,0.41798265053781102907,0.45286536538515070882
0.26948928664329274696,0.30637887562152937848,0.34602390358455575869,0.38858810891371486917,0.43413930013896756543,0.48235569571085701313,0.53253071978048160950,0.58419610591059245586
0.44140334914991508075,0.49020689113362508893,0.54250173966501435974,0.59850794985357969047,0.65832896946591512588,0.72159726485576025645,0.78747524702216809001,0.85540518236840845656
0.66446232393241833059,0.72146096040514151593,0.78236643318902532318,0.84743334627299116146,0.91679036598726337814,0.99005989437501940031,1.06635427315271402726,1.14507860081585999268
0.73863766192779400921,0.79525676651355337032,0.85560192663319156736,0.91991962085282652506,0.98833807829229614050,1.06051186969871524823,1.13561479629368311528,1.21309016721476181644
0.54104249566051720866,0.58617238722209641377,0.63413994845103405229,0.68512667606951527244,0.73922330502230748639,0.79615729879411656356,0.85528616318803385443,0.91617406177706428583
0.14468106975349825927,0.16964199209569263971,0.19604028751030969091,0.22394423379756911441,0.25337439886578705384,0.28415873691464227369,0.31593058945028973383,0.34843552652185755258
-0.23486810041173059038,-0.22987327993448883334,-0.22476824157592206754,-0.21959780239452364459,-0.21441298545692855093,-0.20929386376178765738,-0.20434541313968707099,-0.19965078313823447775
-0.40039324838121981287,-0.40356953955444635485,-0.40714850646645733834,-0.41121856291762015623,-0.41585859630516158747,-0.42111481946787138186,-0.42699368139730381477,-0.43351315037141840980
-0.32355012751616862854,-0.31716178098003100505,-0.31049619340683642932,-0.30357908175507530846,-0.29644993595841173661,-0.28920756708243877675,-0.28200571865517959358,-0.27495578842362328187
-0.14175222607306414702,-0.11430934416181300073,-0.08513188699105092572,-0.05411437822994483171,-0.02121368876476148815,0.01336237859567524465,0.04915326098648499509,0.08585100653823352079
-0.02419906283606388861,0.01919914822864990725,0.06547901384309751105,0.11484147755547532976,0.16738962474089036370,0.22283487388918252203,0.28049159656031608101,0.33990518789600449034
-0.03433680816774591776,0.00592814690531567531,0.04900464603770867539,0.09506454566678507190,0.14419204772775806589,0.19611782488836437821,0.25021824537630327212,0.30607158311488608105
-0.09240898980239165006,-0.07206456713723916052,-0.05005115822271247183,-0.02632949550865846394,-0.00089892089797081543,0.02607820402349932468,0.05428682972276996366,0.08349436965709869374
-0.07482969255010636644,-0.07427000119684258606,-0.07317077649863566735,-0.07161101001072474326,-0.06966263016379058148,-0.06738248590389461778,-0.06479228838592616946,-0.06194065532123219087
0.06159429738591811615,0.05901242333004683149,0.05691272597083513879,0.05521990877669061271,0.05386805676677507843,0.05281540923109140362,0.05206593221485554535,0.05159192197795873375
0.24721877555226337564,0.25985878808081663838,0.27410280094513694849,0.29000222221365851150,0.30757414090945012219,0.32668864188453067277,0.34708412154621898216,0.36857293498653770358
0.37955568520849075620,0.41235958695791347095,0.44820804954815551824,0.48730213292955459892,0.52975356491353220445,0.57531068650357697347,0.62336674611397335788,0.67352172498377771426
0.41293888464834710428,0.45470327881056782360,0.50021998690729241321,0.54975347580889144528,0.60345304702331226121,0.66100164435703911980,0.72162305748741284450,0.78481100894912803057
0.36067482951682261483,0.39134039659655150967,0.42511878399926950056,0.46219770255280701043,0.50267469669585196357,0.54627718327729879455,0.59237666197696803305,0.64055713408110670493
0.27570838055566115887,0.28043474064654899669,0.28658223714924763170,0.29416101286894852374,0.30315411088747928892,0.31342087476244850919,0.32472257153859013235,0.33688531927168047231
0.22352725698405626065,0.20576192249758448738,0.18786459629841836816,0.16968884319248178638,0.15111770789062151099,0.13213267799052522133,0.11284756325353181849,0.09330812148650122206
0.23855071029387855952,0.21879391929053695898,0.19866177810135060566,0.17798260003397259332,0.15662209544232605363,0.13457597002452847956,0.11200362434616807639,0.08897765697634051063
0.30637941571924143247,0.30811501996255191704,0.31080682129040437811,0.31441031550973408404,0.31886858148766478172,0.32405915277875940728,0.32981939108823088436,0.33601740385815037637
0.37175854354901993748,0.40384508763229337580,0.43885891237008767263,0.47694311337468553447,0.51815480477046649277,0.56219606572616098727,0.60842873134094010990,0.65642029030027448933
0.39006268748533823310,0.44074785250128534209,0.49557887490836888267,0.55481349501651411327,0.61857670341587778218,0.68645398328984064129,0.75750018388915973944,0.83108904404051131554
0.34459440287755332966,0.39345690041183478680,0.44629278029368696368,0.50334465750131152095,0.56472493617206864780,0.63001636894609536199,0.69828143969548095438,0.76889960304901638910
0.22282520415940362812,0.25461994360373663149,0.28912237685925762376,0.32646242713624235021,0.36668004899339906588,0.40944464531150887021,0.45406863878498704423,0.50009147616695770466
0.04361687727750439975,0.05570140258276585349,0.06898581343601882521,0.08347010144407415733,0.09911221057799685097,0.11568972013551438727,0.13281706464027973058,0.15022741617724152952
-0.14574331817914296106,-0.14488279635640299858,-0.14376042855941709164,-0.14245310179731712763,-0.14105094376848031912,-0.13970936213846976703,-0.13863113637450033555,-0.13796553568743033513
-0.29380826005534199652,-0.29534453207559735466,-0.29689567905629327127,-0.29856116425168305328,-0.30044479111258209914,-0.30267959214316003669,-0.30541085738129863936,-0.30875202905240295426
-0.37665995812485825178,-0.37865834391038499795,-0.38074919986895167101,-0.38304061738402284121,-0.38563978155244482693,-0.38866179207864332001,-0.39221338118005677487,-0.39638560212277801353
-0.44551546440645006797,-0.45134420773625827383,-0.45756307514337674069,-0.46430258852869438213,-0.47167938287346627968,-0.47976553145421174662,-0.48857276347437272879,-0.49813209529028090738
-0.53772396551272128029,-0.54884427113248124286,-0.56080417042384933524,-0.57375643199078130152,-0.58782471726737206552,-0.60302545236237492521,-0.61925424818227625678,-0.63646468735001149319
-0.60847009213594038801,-0.61982440678918415689,-0.63216877542831095838,-0.64564334092050679192,-0.66035664657401482724,-0.67629681174127764809,-0.69332292558226060741,-0.71135972945984937699
-0.62500102557331183029,-0.63033235731766423804,-0.63633519466574273160,-0.64310437868173064846,-0.65071578355799020166,-0.65917255718928302599,-0.66840157643358766304,-0.67836756460378622169
-0.59463814849239715610,-0.59155580303030330658,-0.58852935690602659058,-0.58560095654141230970,-0.58281345933379991031,-0.58021501363664307327,-0.57785734321450776818,-0.57578567837450644884
-0.53144780155751669692,-0.52160609719392325712,-0.51116054729345861141,-0.50011230435646625292,-0.48848145650182350774,-0.47636794781420532807,-0.46394749171033383695,-0.45134796365969448440
-0.45046109264047662357,-0.43829591483710828026,-0.42507895094868974883,-0.41079491129318967957,-0.39545687823165914798,-0.37919862207158716583,-0.36226518192134982144,-0.34483270336619137320
-0.35203745221395182918,-0.34051884039424723527,-0.32773196987746328057,-0.31366030357219626401,-0.29831789170174527470,-0.28185109242978406696,-0.26452400522256724891,-0.24652764747565350523
-0.23588846412224490079,-0.22492421247895841296,-0.21258825763821689869,-0.19886045265240415159,-0.18375195688841994279,-0.16741015022482580443,-0.15010183976409047224,-0.13202020579588991112
-0.09407254405751508397,-0.08219175265101391625,-0.06887040528350221735,-0.05407115927071382694,-0.03779028856672420750,-0.02016819425425918008,-0.00147444503146220590,0.01809878189299695198
0.08527429435816721859,0.09885098032437815430,0.11391975568550742615,0.13054583006068784523,0.14875760046967420602,0.16842949593599074176,0.18929246829654272632,0.21115998846890335350
0.23591935608710629113,0.24771262717210529303,0.26084319511973874661,0.27537991850758486434,0.29135935548968583397,0.30868392792821175430,0.32713007625638501619,0.34654451118071416538
0.25359720297099141995,0.25807656516165422556,0.26344222541355305500,0.26971965120142415984,0.27691761844158840900,0.28497173829588767768,0.29375575756308752728,0.30317864024547014346
0.13157424922344612694,0.12813344062612289087,0.12513513322170419229,0.12254381107551035046,0.12032241632356739658,0.11841749909796860096,0.11677718692119018473,0.11535441966941520353
-0.03339976833414794871,-0.03778716300299093250,-0.04173284611659606319,-0.04529539798578452459,-0.04853639656975645977,-0.05154280693071389141,-0.05440425185457368334,-0.05719591294885324750
-0.11328107331466097385,-0.10717025418287261240,-0.09993185852792425827,-0.09157223458319237175,-0.08212728653898315745,-0.07176449935799787683,-0.06076170174437160731,-0.04931592725066424182
-0.04124598787711483000,-0.01643733295430195585,0.01065834087627376761,0.04014595652257003933,0.07205768239745886927,0.10612457046937606719,0.14179045967642736614,0.17868166145837449665
0.13366750258461690404,0.17635882557417123517,0.22240796978815954854,0.27203320144433246197,0.32534019833312921577,0.38197865941138675616,0.44114715433161921787,0.50231828907184072897
0.28482643177672206658,0.33498961308302027673,0.38889766242727602519,0.44681830546730577636,0.50889100271325005131,0.57473939685785602194,0.64347072145509442986,0.71450187504210782574
0.27114782511210600013,0.31273102111888922972,0.35740530048672475294,0.40538279068113408643,0.45676773655270141994,0.51122946984071460097,0.56800340298370566305,0.62658905216346894029
0.05843335488468465178,0.07938995619521478642,0.10200560446577087992,0.12635632120092629704,0.15245732248753207649,0.18007371785851822299,0.20872873271614050816,0.23810473649015775899
-0.23322524780823228330,-0.23471826831105752076,-0.23607383070277693227,-0.23736813668590339699,-0.23868608392334325630,-0.24015880607874620645,-0.24194642789889139745,-0.24416757527280649742
-0.46204745487411974514,-0.47842059908721351613,-0.49565306974321343692,-0.51392538484238048380,-0.53339014238115667332,-0.55410301313482102081,-0.57599917302750758274,-0.59905771523797457512
-0.54986328821011432044,-0.56799528908911467440,-0.58712965187493260100,-0.60745817333290541562,-0.62913758086022752991,-0.65219876107596730375,-0.67652361712824771178,-0.70205812794937227928
-0.50597330391105221903,-0.51519206659137251059,-0.52488374543688909313,-0.53517010916867657766,-0.54615608131238624345,-0.55788968815079387209,-0.57034581943965456663,-0.58352565856514460041
-0.41065112577711387898,-0.40722744278389666484,-0.40351421420266153639,-0.39953177687879709579,-0.39531226248353945607,-0.39094006379556989206,-0.38654495175357617143,-0.38221961448293373387
-0.32046621504734473795,-0.30584863125790767713,-0.29023343389435912743,-0.27355442164932236571,-0.25578354230308830708,-0.23704645873767982156,-0.21762264502231157270,-0.19769492107649144774
-0.26539212145145818500,-0.24484551157798079002,-0.22286515153697331049,-0.19934696430394951983,-0.17423858211452650235,-0.14769497585946800289,-0.12007996940713151768,-0.09163080120352594393
-0.27375838164541821396,-0.25337560911154566323,-0.23149664527817082060,-0.20802604202218666352,-0.18291898801286252119,-0.15633527851775605444,-0.12863836814817977694,-0.10006901905177362222
-0.32342861948417939155,-0.30653599191335118013,-0.28834643454688552167,-0.26878967761791122681,-0.24783744183572356534,-0.22563266287184188807,-0.20248630606380343955,-0.17860752601036600229
-0.35692205811048272057,-0.34335364784177802022,-0.32873038334880344546,-0.31299848665025803429,-0.29613823043312526018,-0.27826913130294950172,-0.25964669150684022148,-0.24044336938223090372
-0.34483790308231410116,-0.33265524306831911749,-0.31953700666358514360,-0.30542989719520335923,-0.29031210696793585679,-0.27428993664831347044,-0.25759566208440298762,-0.24038408142495509834
-0.28737653168510424173,-0.27624518006165393880,-0.26421319953868860342,-0.25122975229564886712,-0.23727436922327213575,-0.22245049475478378964,-0.20698266489689881587,-0.19101994175950626209
-0.18201143306071285166,-0.17409491398989448974,-0.16537014248816422901,-0.15581195925106786082,-0.14541863788216566333,-0.13428717418806734862,-0.12260606927261311072,-0.11050525772441735506
-0.04552916408434180828,-0.04284609962277298456,-0.03955022512816987884,-0.03566296860492437076,-0.03121594187678931182,-0.02629038411464841227,-0.02100333355919836026,-0.01544647399679585989
0.05868723316875486956,0.05738858221882636723,0.05652512905140340271,0.05603296600261647997,0.05584905296519850765,0.05590167170371192207,0.05612957209501071021,0.05646954160596413114
0.06919233907536360972,0.06721807384247652228,0.06558653972687870926,0.06421571799645377221,0.06302676981877687601,0.06194049737186806820,0.06089770209003268764,0.05983372593804758832
-0.01203556650648418547,-0.01413668227605926510,-0.01607130404156084658,-0.01792479551786290565,-0.01978009397436928177,-0.02172200706695786437,-0.02381949102971684523,-0.02614001283670315881
-0.09891606995342713815,-0.10257537464016991402,-0.10635489033015585458,-0.11034106888590899942,-0.11461605990943814215,-0.11925384016110097962,-0.12430644027004077168,-0.12982376016863358958
-0.07729317656620313115,-0.08185679255510025509,-0.08666349243049142892,-0.09179571912994263783,-0.09733010126742853985,-0.10332752988008292450,-0.10982159491419175856,-0.11684647085501920216
0.08531363463640573297,0.08308916714406913706,0.08090292766825836479,0.07868529167204785235,0.07636826499458830575,0.07388175079398018319,0.07116676634427607229,0.06816932977683209938
0.29313095295851904210,0.29701685092758756124,0.30158912976840596132,0.30680135227328159120,0.31259598323916182316,0.31885928145510344933,0.32543900710031919976,0.33221234249717868092
0.38741536057344605481,0.39757667598938600806,0.40903473263377315705,0.42176317334891311184,0.43570950071064762366,0.45070155971968534070,0.46646970829602357744,0.48280774375754742511
0.29135720544949800237,0.30363163900527567751,0.31737300695727727051,0.33255479066002785471,0.34911680063025984921,0.36684730312954821896,0.38540750003705459559,0.40454431531682477630
0.09463471489834697492,0.10662137517952165189,0.11994021989025457908,0.13456340387897780531,0.15042637127622254800,0.16730168563748565314,0.18482201168553066828,0.20272024859996184976
-0.02354147518681183951,-0.00750017646579384176,0.00999464274476309124,0.02895847436494476679,0.04935697449336235582,0.07094419534381313230,0.09327934046715066763,0.11605779168700695869
0.04464576115935504214,0.07268249228567805198,0.10289741498358415117,0.13541194986446541959,0.17026701132221955248,0.20717496226852794017,0.24552674975424310100,0.28492120723219116485
0.22735987451097897094,0.27045651098713296978,0.31676395035648180487,0.36653004192151955598,0.41988558333313680260,0.47649200932098784156,0.53553941904140389685,0.59650696160691052405
0.34301030216020722552,0.39486775900383741522,0.45060227700467170298,0.51053549395293185142,0.57485179749981951680,0.64318796303389302871,0.71462691415093437808,0.78858253782873755089
0.26491435676148528122,0.31299269662582440699,0.36475649976319007850,0.42049949859440910460,0.48038986088603252700,0.54409348505051957634,0.61077031482348964619,0.67987967156042961037
0.00255339670879397391,0.03561708531258794830,0.07136060547677335053,0.10995917871353992623,0.15150272481705687189,0.19573557559778553827,0.24206049997479087144,0.29008302446797784580
-0.30886712986178976870,-0.29349020919145218933,-0.27667409149001165325,-0.25838188212476093097,-0.23861552840878810788,-0.21754122212254628499,-0.19547738133340716860,-0.17264893193006966565
-0.50294238998140294861,-0.49739204191049857240,-0.49113376042765094498,-0.48420249407483534343,-0.47664692593408680699,-0.46858112286602143781,-0.46016949456528238871,-0.45154089864561020029
-0.50219973550465213386,-0.49282310828630865318,-0.48253837542469729671,-0.47134172241630395428,-0.45925422127140003159,-0.44640437574866759229,-0.43301722492553934574,-0.41925438338032205987
-0.35177827671638661755,-0.32764506225209544255,-0.30165451897368411593,-0.27368073818365529215,-0.24366202089389549235,-0.21179603229849922053,-0.17853811446354056480,-0.14418612311431097672
-0.18310598483684215054,-0.14384163935235891318,-0.10174994190556642393,-0.05658547253413789141,-0.00820626782539043975,0.04311831665245463574,0.09670042447151748488,0.15210302769191050287
-0.12771537885483955077,-0.08628896997573563821,-0.04195079076828172465,0.00556335443091360207,0.05640888237031541769,0.11031012364914957735,0.16655052405658238301,0.22467752132977092394
-0.19607951588924757425,-0.16940443786839551321,-0.14086958128562723780,-0.11031939447875337146,-0.07766864054984248811,-0.04311218254006654593,-0.00712938670997061326,0.02997371429412115304
-0.26401355567871193086,-0.25700726023868880610,-0.24950199058898947513,-0.24149291440384759722,-0.23299321445291981680,-0.22409176159591798205,-0.21494884539536238122,-0.20567610584255732742
-0.19852600670278128248,-0.20081607728918740574,-0.20324968570521403932,-0.20590203560483422152,-0.20883940616794927081,-0.21209893984700917136,-0.21567938771194683500,-0.21959680680820226062
0.03020122785833244741,0.03484826776794183040,0.03980836769489778243,0.04504362588775976534,0.05051097174472281987,0.05614088033120759325,0.06184462583371224537,0.06754670381731925355
0.32582153137775571317,0.34779755545424817509,0.37124013339939487821,0.39622753050047054835,0.42279156056486055792,0.45077595953098947845,0.47983666142542596988,0.50973815817605139245
0.54211127582604012876,0.57849461589815542872,0.61730272965032650934,0.65871787064052500504,0.70284000381762734566,0.74944119857082924785,0.79795928500004842387,0.84802451525094779683
0.58496491968479424894,0.62231849932628391375,0.66218759761021472876,0.70476768303775649827,0.75016828261497381369,0.79815687915843724909,0.84815194835873231050,0.89977322720952546131
0.44520872183823123613,0.46895067229540221554,0.49437641533509102398,0.52158942062666446837,0.55063889192821191543,0.58135495525308822362,0.61334886396620635907,0.64635960284303439760
0.20217359920277036545,0.20636392882980211794,0.21101937522200037156,0.21610801849071148428,0.22158904029911891120,0.22737857145688264437,0.23336022825547753090,0.23944115306388424891
-0.01242737684646892486,-0.02174188308504382272,-0.03145615915469948676,-0.04169585718661312362,-0.05256515781062490872,-0.06409344355098890722,-0.07621786049600628998,-0.08891993121524688348
-0.08785714540795917793,-0.09874970160636996341,-0.11018793675729558756,-0.12230590821147585556,-0.13521436281496518328,-0.14894173632445115163,-0.16341682986272582090,-0.17861387047083218671
0.00483637147296421977,0.00226462910631938926,-0.00038533640967402096,-0.00318132114438337632,-0.00618938157013783352,-0.00947597342800235963,-0.01309686548877594080,-0.01710070032500928677
0.18650461937071705076,0.19519837198307668502,0.20452004441618659714,0.21448853740555359759,0.22509678485801920544,0.23623036573441461017,0.24767172421878180799,0.25927495926269655824
0.33505916083736264621,0.35150441941175847305,0.36916368754275813435,0.38811122670387698808,0.40837730888936912832,0.42981395592018434293,0.45209681163252490865,0.47501227857181665959
0.36501405297669398120,0.38330196293270485386,0.40310564089671441224,0.42450622680666555420,0.44753813732672559356,0.47204454546028301598,0.49768247662761289085,0.52422085559550202216
0.25766470892618464905,0.27277533367357670313,0.28939349405363834489,0.30756804814342991738,0.32731124817871182220,0.34848070288024601826,0.37079083652933952919,0.39403849503863375148
0.05948330095996522127,0.07052252720119403517,0.08289409007717807309,0.09661241685687403657,0.11166726084070677238,0.12793897165567069685,0.14521409394299908402,0.16333003357035374981
-0.17099876567819941031,-0.16019622022007520834,-0.14816022349099106092,-0.13487350115913809834,-0.12034246085654891345,-0.10467761126630732715,-0.08808019721744636543,-0.07070235595292073683
-0.38128944747291271256,-0.36537513015401973382,-0.34809412019623953150,-0.32938080027256383397,-0.30920719993022510730,-0.28770070253615798173,-0.26513847246080535225,-0.24171152993577812995
-0.52050236819304995795,-0.49698407173446684792,-0.47178941259852930079,-0.44478846861298848570,-0.41590995627326232675,-0.38531709625486465498,-0.35341032224433210907,-0.32044927652158750053
-0.56260576102594017645,-0.53436967538127144728,-0.50421466036122619681,-0.47198030578132726953,-0.43757764651726022143,-0.40120199982868920419,-0.36333849239788623686,-0.32429808512281821375
-0.50275847962463904306,-0.47552044005662941206,-0.44636811250289798458,-0.41516716928554975308,-0.38185077082906421220,-0.34662333452359928021,-0.30996190269197354539,-0.27217924127793535760
-0.37634250703970423269,-0.35568064983469005469,-0.33343303068221907814,-0.30953637544595657971,-0.28397493337739759811,-0.25692932723400080386,-0.22876999272507755889,-0.19975363128190487538
-0.25862530488378299154,-0.24927596929473733178,-0.23902955350209753593,-0.22791830651241803962,-0.21599033872624806563,-0.20336809166208028032,-0.19023396117005722528,-0.17673483535462816696
-0.19003875261022301624,-0.19194361809842308553,-0.19371714097894446316,-0.19547156261081646833,-0.19730559218433782465,-0.19927698839769247829,-0.20138378837315115688,-0.20365901495374738595
-0.14985861439082204249,-0.15605717184861192526,-0.16248494554564493764,-0.16927581326213483881,-0.17654021763691482572,-0.18430732159921325852,-0.19250695064338704809,-0.20112581711211352520
-0.10302095376776798652,-0.10579037093628636257,-0.10864355630235435213,-0.11168006282157462439,-0.11498624045300555319,-0.11860543175220877865,-0.12252418897499596506,-0.12675938273103165566
-0.03741585093418273861,-0.03356410835830220263,-0.02940012609194661217,-0.02496945418167156525,-0.02032242730385421317,-0.01553563013920189473,-0.01070265891110470761,-0.00590329100523407507
0.02827948488065381780,0.03612333787424786696,0.04454817000695333873,0.05353901482180530025,0.06306551100994836623,0.07302972917465493097,0.08327349364059948023,0.09367783844184821018
0.06606840076294245856,0.07135909132820202061,0.07708348198515352356,0.08320660049126891999,0.08968453275457456686,0.09643061245484285671,0.10332455775813502441,0.11026978736850499840
0.09331275833465926817,0.09403523446542066955,0.09490189808202743882,0.09583789938021421151,0.09677158357391872634,0.09763517146359652898,0.09837714111193743283,0.09894087679124470569
0.15469574182586773303,0.15706289512311993883,0.15967816474397558690,0.16246534552981181654,0.16534868184754231146,0.16824450517689251705,0.17107445062200529740,0.17376161082741467534
0.24096909774679775573,0.25339364967050104216,0.26671108595151493681,0.28090458458531991637,0.29593356271917908851,0.31165407928620386668,0.32782876033831886975,0.34427958915803147377
0.30038450724282167448,0.32520147007702004949,0.35171160594152384160,0.37998167680474520536,0.41002324710807391828,0.44162136926759770761,0.47433933396306354746,0.50787550000835957054
0.26669492242250780745,0.29361985064838685977,0.32238486567379165404,0.35307820458518951456,0.38572549800527139441,0.42009709116531618323,0.45571144194164719954,0.49224135304953198222
0.10109693416018597500,0.11340705752687396668,0.12663557606181966020,0.14078327860779218939,0.15582098580729464299,0.17159216413657266131,0.18782205231603033013,0.20431536133388841781
-0.12767920989638625873,-0.13784307036522083778,-0.14850853236060670981,-0.15981551986301187340,-0.17188202261609347721,-0.18475024561529299061,-0.19836812968061451334,-0.21272469719636713514
-0.29470441051814411093,-0.31903647094129883310,-0.34473748350527239070,-0.37203488710593740629,-0.40110155182716045186,-0.43190703938071695056,-0.46419284743863759024,-0.49781796936251387908
-0.30597080926510850096,-0.32439872563428323593,-0.34374152685204029112,-0.36418124113448180346,-0.38586042701371925379,-0.40877773699904257354,-0.43276501714858667258,-0.45773734108476099580
-0.16808083068879614563,-0.16274972952620617161,-0.15671936590084345475,-0.15000603970624382111,-0.14264410969513122152,-0.13474917243944667389,-0.12650486165851487774,-0.11804541495599225887
-0.02702698429139842665,0.00604456786848535117,0.04165797547019253755,0.07999327591184286768,0.12114507485031432432,0.16486382386301934311,0.21055649876114485020,0.25783552198127079880
-0.02164443260617443521,0.02890493309746633432,0.08312367515249011185,0.14132286132165922110,0.20368503284740316350,0.26988144749546660872,0.33906325991444730139,0.41068742913752631640
-0.17297227231100725797,-0.12327468627402468626,-0.07000951193669163741,-0.01286319708048750711,0.04835153110345422750,0.11332091314491789247,0.18121955460211974787,0.25152213271690970764
-0.39927954393524189847,-0.36423967212538210791,-0.32662712183376113595,-0.28623404537925040136,-0.24294123164146430582,-0.19698314372313138754,-0.14895241312009943613,-0.09923090873993688221
-0.56175330406351198231,-0.54099567658942326887,-0.51859444477012450747,-0.49445952132807058366,-0.46855112675417076584,-0.44103485999028346765,-0.41227758755543120195,-0.38252727797205166027
-0.60247452708997861759,-0.58616340153037660432,-0.56846272856683721653,-0.54933371168075395552,-0.52877368284577208613,-0.50693195533535384545,-0.48410061125930275994,-0.46048839056254442514
-0.56018370207871670541,-0.53800652769834800271,-0.51402826488714736808,-0.48817257493772769905,-0.46041295927807934785,-0.43092901177134906865,-0.40009893732000678668,-0.36818644018142560048
-0.47897682522531803695,-0.44618012168249393534,-0.41090580536445509008,-0.37298547027305806179,-0.33232889349838545812,-0.28916095527329832571,-0.24402151998351284679,-0.19726853559563575780
-0.41097240799415624135,-0.37216199465360061405,-0.33053900590136603421,-0.28586988208318375726,-0.23801738563240004698,-0.18722775180089337721,-0.13413719885441494073,-0.07915496811388390841
-0.37915064019947369856,-0.34490548246169616675,-0.30820198187137859414,-0.26883079422127365010,-0.22666969400450853733,-0.18194297984151744374,-0.13522774758831962449,-0.08689290737848233415
-0.34737482400661506832,-0.32587721277371106687,-0.30276842765426237314,-0.27794505065578334335,-0.25135811840139382634,-0.22317908638947167588,-0.19379835554888233395,-0.16347392879326086423
-0.27150044741476758725,-0.26218097104762710936,-0.25200755021495008235,-0.24099394955379738192,-0.22917402185030086303,-0.21667085659396498332,-0.20368513780348621034,-0.19036808957429102174
-0.13411131561578920612,-0.12820739293686420068,-0.12161375792578180133,-0.11439369147257706649,-0.10661737046611904911,-0.09839508886279038635,-0.08986005379478743949,-0.08113111077560823670
0.02598199217737254263,0.03610869391392170641,0.04721998222432891718,0.05927971021185715617,0.07223643005456743815,0.08596581863199785623,0.10028629145941127254,0.11504754311204029582
0.13168919190361949578,0.14538111153707730661,0.16022286443588021343,0.17622494413289721549,0.19337140580184497551,0.21153268274184072739,0.23047549255295943227,0.25002543151980211045
0.15066398708238437631,0.16201033774603995630,0.17419829601605940628,0.18725358931763619319,0.20117597412299509374,0.21585752109608594140,0.23108690661818315215,0.24671644406968573637
0.11078038575883875083,0.11479976718980235140,0.11899958991064703284,0.12337477778699892927,0.12790762363811691849,0.13252805300521747212,0.13711558451142183412,0.14158927455780068172
0.04606105913690789616,0.04292422594902040728,0.03938022498100837016,0.03537044147758676427,0.03083970748985235058,0.02574379546336142202,0.02005312638596794955,0.01374499222965084103
0.00197695722280884657,-0.00212718741982221302,-0.00669683740971863638,-0.01181939583124189119,-0.01757476593269775150,-0.02401828017266981891,-0.03117350570747646696,-0.03906585617575029923
0.04004875449052813091,0.04320048147943175709,0.04647838786897488111,0.04982322115351672798,0.05316868113277827684,0.05641314718547741497,0.05942857076908083375,0.06211552940798748673
0.18258112902090328777,0.19872463662572353860,0.21598885111541737958,0.23439840832678154880,0.25394180314692910150,0.27445691971735081127,0.29563731940014831290,0.31726756593962607278
0.38781533366032061583,0.41801742941654929098,0.45035104398940167814,0.48494754177018689623,0.52186929023113803883,0.56090014037699531535,0.60154552826264739984,0.64347354204644391373
0.53284256534987306519,0.57146169632863474952,0.61277017267461408867,0.65696917888754591264,0.70417110997561271901,0.75413394780605425005,0.80625588970859851656,0.86014126182940453536
0.47861543911584392141,0.51557678277398255595,0.55505624399794351032,0.59724894913981663169,0.64226488307670837052,0.68987506998919601031,0.73950500193066570631,0.79077882761511764098
0.23269638034534187443,0.26224289200089184737,0.29373993852466567800,0.32733225494282131018,0.36309593242707199900,0.40083317591656114631,0.44006761331727289877,0.48048668529839261288
-0.05143350393043002317,-0.02684840506275347830,-0.00069363971489436367,0.02714449159015315180,0.05672159206737928394,0.08786121126264039016,0.12015108721648930235,0.15332091391703459027
-0.19539864484395286226,-0.16839600783529043437,-0.13967737925124734666,-0.10910372003178038514,-0.07659997031418602775,-0.04234498214307624853,-0.00677786504455744464,0.02981697025150344474
-0.10480239936380841836,-0.06677905770712606881,-0.02627819221093901508,0.01692153006874288004,0.06295352255713371203,0.11160469861627218824,0.16230353798960003853,0.21468348059629385749
0.11346123285525058777,0.16503896604696524641,0.22006393791302100715,0.27884897429330013363,0.34159062971218967508,0.40802810352765800372,0.47742631160558374193,0.54931362877338563155
0.23569254913559914422,0.29337552399982080864,0.35499881584514242361,0.42091314358305637056,0.49134067477120851875,0.56599726899449320783,0.64407479475968887339,0.72505246747323404133
0.14193310935616970658,0.19658469846288148530,0.25505254272855243380,0.31766614655132624501,0.38463211641633526794,0.45567151314091103309,0.53000533690906048712,0.60712966857181660529
-0.12600447288419502900,-0.07833151717349098875,-0.02725221996672138464,0.02751827784393659146,0.08615368080829348407,0.14838666627787319707,0.21349885964437126384,0.28102530118925972413
-0.40290883702586322013,-0.36222794745054021082,-0.31857152708496616622,-0.27169663387522141607,-0.22146053636256224362,-0.16811972963373325585,-0.11233611910125537725,-0.05453688172031124354
-0.50914991096977058049,-0.47366260292622663908,-0.43553496873153246804,-0.39455310595957715503,-0.35059397777867273849,-0.30389726061795813150,-0.25506951902623553607,-0.20450099945157623749
-0.38679692153652511788,-0.35416974326744565804,-0.31911672619418168795,-0.28143955857321900638,-0.24102252882464383910,-0.19807924758112949171,-0.15315695486506170075,-0.10660775195841255825
-0.10990553296366130376,-0.07835320294524027174,-0.04450571198592988276,-0.00816878988620126263,0.03077608109001725434,0.07214685902823239627,0.11545463125713999186,0.16038454161041476587
0.14056913032416518128,0.17094215171034884970,0.20345458225132287411,0.23829910329574993666,0.27559841567894066694,0.31519944940369232222,0.35666453169555661917,0.39971325080489911175
0.16861775164663259097,0.19539217718615331520,0.22400655457071269594,0.25463835331587775235,0.28740114738535282868,0.32215768830136198853,0.35851051832165997668,0.39620883474684781556
-0.04965275632187376303,-0.02953151725164959718,-0.00803189104509562449,0.01498717643100101575,0.03961085877349821566,0.06570435675163764644,0.09290610852205326287,0.12099287669852930305
-0.33069156260986271034,-0.31741159817092118312,-0.30319191336458295449,-0.28793529134551215654,-0.27159224609126719763,-0.25430301361298024432,-0.23640001488239290039,-0.21808541310617410303
-0.44837180838286849749,-0.43760424159741567740,-0.42602508083794482507,-0.41356291911315490317,-0.40019124722292220842,-0.38606425410526978848,-0.37151559814133411352,-0.35675035978163482930
-0.30954807574179854512,-0.29632597481754840985,-0.28208743635985322751,-0.26676213713593882604,-0.25032690674213886606,-0.23294975045071922293,-0.21498689532477663344,-0.19666416917490384120
0.00422962134141521232,0.02293778027691732030,0.04304818427701481709,0.06464884703383493025,0.08777541949046871461,0.11225125879534061935,0.13768990534058114794,0.16383864306825327017
0.32654750483005501316,0.35205782093801624155,0.37942264116414697872,0.40876107745185452647,0.44013116150288283945,0.47334443920614038825,0.50796642505014077962,0.54370812995247541632
0.52986154949261665692,0.56177824600704162616,0.59596329376883572237,0.63257377957970462035,0.67169409762029375077,0.71311703380055802004,0.75634144047709506165,0.80103435334243044963
0.58549063740354034824,0.62480731306343650910,0.66686744417432541887,0.71188114516747402760,0.75996702237218405340,0.81087875866223624310,0.86399918607138892490,0.91892428532389691664
0.54170346330527430201,0.59122846132564521593,0.64416466667666061330,0.70079485340709546382,0.76128162256800002705,0.82531017005086204641,0.89207821359094885416,0.96106849369642610714
0.48642559676810404046,0.54661364603118722805,0.61090965501458227571,0.67966782402393655094,0.75309312252106874741,0.83079877755515507687,0.91179235013039716673,0.99543887438986877747
0.48284654131511534070,0.54890277397403763882,0.61942856069495932925,0.69481341253052242291,0.77528378900404992802,0.86042023125852418186,0.94914107624612509273,1.04075497581872533637
0.51606823344619268124,0.57808918911782491978,0.64428015893419632310,0.71499889621036816223,0.79045378347539663189,0.87026150692675074971,0.95343172174198720370,1.03932842725517127214
0.52905870828433876341,0.57855820331479190788,0.63140281712365942113,0.68786340599095963100,0.74809663645230550788,0.81180588671169284787,0.87823054304510672630,0.94687587123049277160
0.47710453284117726458,0.51358773720367523197,0.55263412184502080926,0.59442485777012432635,0.63906127501563936288,0.68632538226718420304,0.73567576161139636159,0.78675149860996917983
0.36112406908650118709,0.39169946697196927898,0.42459024151291169247,0.45993476060052096432,0.49780565771981827305,0.53800954511064702501,0.58008856069089520524,0.62373017440352918062
0.22483886524576454646,0.26050009240600296989,0.29894096515356816113,0.34033184674891198140,0.38476314117510101998,0.43200152800870950109,0.48149259476053629658,0.53286074039089559307
0.12024453310481748869,0.16915602346438832204,0.22174260390798869458,0.27826594115131686458,0.33887430306547755565,0.40326108634622065408,0.47066235762515545860,0.54057218287420150116
0.06437022585156071397,0.12556393280054448103,0.19111859344394180327,0.26138704580385252463,0.33657998342324263463,0.41634320730397961219,0.49974627589099895886,0.58618387609100319757
-0.00450584494914035936,0.05814622896921257944,0.12503243712056552606,0.19652903535543730928,0.27286958766423913270,0.35372513257514970331,0.43818535932870866789,0.52566498016419249684
-0.15414194783486795393,-0.10457517767451252055,-0.05185037122118010128,0.00433386759257740981,0.06417102552505918323,0.12743256915321360401,0.19344785723142376987,0.26178836899869112331
-0.35581682247508095163,-0.32649196652479617331,-0.29542698747577811336,-0.26245326443320066145,-0.22745925827983068390,-0.19055490533349483950,-0.15208582857919000775,-0.11227544810439035738
-0.51938299339363391827,-0.50501087031963798335,-0.48977997870593370511,-0.47363351189390978657,-0.45653589600015354044,-0.43853521091792885267,-0.41976750246016297785,-0.40033038883453408996
-0.56095956954076409140,-0.54824445805084953687,-0.53454795614656314129,-0.51984389367396477422,-0.50412597351906551779,-0.48747147695556353186,-0.47003703036750144051,-0.45194238508872919269
-0.45638285176780951646,-0.43083827522886419814,-0.40323891497433478337,-0.37348996588707722433,-0.34155117796979284073,-0.30760681227076736022,-0.27205898961065416719,-0.23518918578717584733
-0.25896140742655032740,-0.21302696366408957473,-0.16357123714009028093,-0.11037222020480619289,-0.05331440929900993497,0.00728688753582516606,0.07068814096750083986,0.13639022248180646124
-0.05750074963939028061,0.00359516568644325683,0.06921384447660902661,0.13967940187444910505,0.21517207416285960564,0.29529485269801308833,0.37906998635055794145,0.46585227220421820959
0.06028248924938654774,0.12166185440411003693,0.18753458006272613612,0.25823404780351083554,0.33394930827108393334,0.41429179305347541007,0.49828963695935724054,0.58530420113617487310
0.06520689663387653490,0.11246441519839524281,0.16327497088777928602,0.21788310322436110766,0.27642298600959019916,0.33858487796634650913,0.40361419840111434354,0.47100987569141294919
0.00888727798976687335,0.03710207255278015481,0.06765953035141834826,0.10067582367472674432,0.13620177614720865855,0.17401979678417781039,0.21365189193819134061,0.25476900192322232686
-0.04118751929343519164,-0.02615364059968946359,-0.00960290272957796051,0.00848696060769589186,0.02810335455700766968,0.04908330366085943142,0.07112875305091324873,0.09402114391553675898
-0.05889888345523035251,-0.04670241972111720263,-0.03319522736453048295,-0.01837939433416634766,-0.00228615666639923713,0.01492463725384950667,0.03298162167465046313,0.05168229088974613666
-0.07219532235962748679,-0.05568831504353828621,-0.03768983486037103675,-0.01817083897078787535,0.00285689479742824671,0.02520837508144602168,0.04853864648763868417,0.07260241432830161212
-0.11274300998224616455,-0.09051576679553786919,-0.06656852758620632193,-0.04082130303423602696,-0.01325068845482708230,0.01593435831805688555,0.04629907494664212836,0.07754913375000216380
-0.15632834397783901270,-0.13065201897517939034,-0.10314266975744890154,-0.07367949676557426775,-0.04220910093402783364,-0.00895013536365867751,0.02560749742979166743,0.06114285917995201242
-0.14496922656672781016,-0.11928336249250329204,-0.09179133507419899585,-0.06235812851243836830,-0.03091810386630284777,0.00231605340430415807,0.03685187796899835194,0.07237171953331350549
-0.04989393989774766613,-0.02582511255654752411,-0.00000131197388171201,0.02770194264706032569,0.05734370226873733434,0.08871962215401812957,0.12136217657399307746,0.15496817237785068255
0.08561921704642355690,0.10939357363184702698,0.13498738370210042192,0.16250651908265703605,0.19199424232389677991,0.22323918849976917556,0.25577937170727088612,0.28930825669100335151
0.17181762911381845416,0.19773411375757862785,0.22563704284781760379,0.25562618751610177714,0.28773607388177591115,0.32173428963666161895,0.35712765264958451494,0.39358344843001674684
0.15222508559680611451,0.18143625408045035985,0.21276484641800419428,0.24632759838244552841,0.28216912932428406258,0.32004082251983950735,0.35940453386263743196,0.39989963268434053356
0.03845137833843385866,0.06764812025136392182,0.09879964261611778875,0.13204024854923196441,0.16743122596836518268,0.20474062682994564888,0.24344142623494499644,0.28318832532693088977
-0.11818715762687231896,-0.09565347861530307250,-0.07174253637991805099,-0.04633708771725399134,-0.01937837505326793844,0.00896024288352612920,0.03826771816135145915,0.06828190323029367792
-0.27849882882288184982,-0.26746734553207190954,-0.25585042979120437012,-0.24359209239314602580,-0.23066742604319878662,-0.21717430692520198199,-0.20333718855333526854,-0.18929662259725082984
-0.44069313278399313560,-0.44209039934630656177,-0.44365487685850896193,-0.44541890908370707081,-0.44741448448665505078,-0.44967428716811957967,-0.45222865017937041721,-0.45509998648032290447
-0.60300054708229133826,-0.61328034293926136922,-0.62422603272114784989,-0.63594577272686514391,-0.64852351668302743448,-0.66195282550744860561,-0.67612655637593988001,-0.69098805731335366520
-0.73491590684518681709,-0.74861943608397618632,-0.76317784758445461613,-0.77873050315273906197,-0.79538270096922303320,-0.81311177194549566494,-0.83175373283895259746,-0.85121984172792664047
-0.79456328864193281891,-0.80765850624138380009,-0.82159260776071041388,-0.83648811725684135698,-0.85243523681481125909,-0.86940146832158249346,-0.88722080458234720002,-0.90579930199991476325
-0.75919640499933593869,-0.76777070514267964363,-0.77693175139125358886,-0.78674534962990028131,-0.79725674153590897486,-0.80843132604924461404,-0.82015031945991645479,-0.83234114917460477745
-0.66286576954727305377,-0.66399033988166855647,-0.66522316902988865017,-0.66656174542032120556,-0.66800000933785952384,-0.66951636866226582612,-0.67107554040231320869,-0.67265237293408475239
-0.56990691582420027750,-0.56315612664765968276,-0.55594473311038261620,-0.54822238923886235096,-0.53995088687626080493,-0.53113833448830538586,-0.52184315093684963127,-0.51210214493022532256
-0.50630546396467523973,-0.49358641697883015587,-0.47990003106375067610,-0.46518109415653463579,-0.44938710307745904915,-0.43256648917625584172,-0.41485987253922640416,-0.39636562939069458489
-0.45512351760521457811,-0.44154737685475226039,-0.42678143773889642976,-0.41078138009643883066,-0.39352616743029034119,-0.37509238905119873797,-0.35564900548161920701,-0.33532309497455115022
-0.36868291671991293423,-0.35830485240607290454,-0.34676365426552058224,-0.33404422982959153243,-0.32014959886892130347,-0.30516354204579049236,-0.28923885154323908386,-0.27249771024503693928
-0.21234433543032615876,-0.20456564082344169675,-0.19564811658542802242,-0.18557667829480625765,-0.17435321454709268307,-0.16205663067533415678,-0.14882880569393616699,-0.13478213502439309601
-0.02352245431052127009,-0.01458786846750559883,-0.00437529612871191773,0.00716885876503334414,0.02007385889605123666,0.03426494118416970741,0.04957441080443886899,0.06588182016315981271
0.13408396264796307307,0.15092184928802374055,0.16952719545133790313,0.19002939637854218691,0.21251267678610791245,0.23687821571077630201,0.26284834780777011076,0.29024106504452740207
0.21819881564994381140,0.24850600712351444965,0.28137609277463959678,0.31702793338170465187,0.35560413489590092517,0.39694383543486466692,0.44057945385223307166,0.48621161010545804748
0.20751104665751288203,0.25047062764142774549,0.29672787437163211655,0.34656389978040502697,0.40015547932891054606,0.45726512168652411194,0.51723359019892545252,0.57963720392764439548
0.12508734753625463942,0.17455051383952022159,0.22767306771628567641,0.28475327594771820960,0.34596964454563394753,0.41102391889530792701,0.47913350832284085090,0.54979209284991359397
0.01958452672543804784,0.06676452745820829482,0.11742418651695385456,0.17183353032938344929,0.23014506876712931271,0.29204154705424550942,0.35673127446338648294,0.42370051416626702823
-0.08160981399393597846,-0.04408305287175839221,-0.00373023225316612087,0.03965622153878783918,0.08618417719843123048,0.13556075480246981835,0.18709198041369237697,0.24032785933686645619
-0.17272899284487694405,-0.14752369371220203087,-0.12035847967341968545,-0.09110083099874159707,-0.05969321929949142347,-0.02638173535036867148,0.00828740340548912539,0.04396124481522122734
-0.25140315238361016226,-0.23665949634313376837,-0.22077082697839409131,-0.20367154633260087238,-0.18534828861652241638,-0.16600096585099874402,-0.14603742212350864782,-0.12571981432286033487
-0.31991853164750616578,-0.31074050297573507784,-0.30095475407879984653,-0.29053968567267846046,-0.27951195314985111118,-0.26804546032895937291,-0.25646615332834954426,-0.24498324654598091499
-0.39474205376075133245,-0.38680637389454247677,-0.37848666557263282995,-0.36978491615639086376,-0.36073576435091431192,-0.35150867864664742113,-0.34240323131106464860,-0.33361389040295258424
-0.49148936524123254532,-0.48485233460062032718,-0.47796263625962409627,-0.47084720070420471583,-0.46355944414104860440,-0.45626410494133273765,-0.44923104904449639996,-0.44264037009298262682
-0.59823878758749227114,-0.59681747470262536126,-0.59543032543254581501,-0.59414550164603407989,-0.59304298046809200695,-0.59225754850623557601,-0.59196883469029726310,-0.59230403909010387320
-0.65921885137745239724,-0.66350957378315267299,-0.66811914558503548989,-0.67314059345979959659,-0.67866457330023055583,-0.68478054319205827749,-0.69156473186105527073,-0.69907830717727725833
-0.60750991089280359514,-0.60897555542887549240,-0.61051772394712988667,-0.61218154234862287577,-0.61401748762108288027,-0.61610276328104918164,-0.61853343675696192960,-0.62137644398555480496
-0.45477376310417205740,-0.44240187016203941228,-0.42919140169571007304,-0.41506713583183457716,-0.39999368285561626157,-0.38409462340913658185,-0.36765411715016788063,-0.35084919161544464439
-0.29939125447637321420,-0.26865707373400388169,-0.23590521467331163064,-0.20092692964232730657,-0.16359741086573112434,-0.12412194039287492708,-0.08304720204903467962,-0.04071097874521151933
-0.23156587928957089728,-0.18663050218510779388,-0.13877181454304848840,-0.08769880946252117671,-0.03323575038459809783,0.02433992819949168038,0.08428125493471441687,0.14612162548301940723
-0.26912912057029003687,-0.21927147044915462626,-0.16617595383544933596,-0.10954375180486987384,-0.04919807781488395176,0.01455665715217214010,0.08091901733311415712,0.14938040807881150518
-0.34085954409868562953,-0.29157271979563587072,-0.23908455694579031081,-0.18311607510433197676,-0.12350426674977607600,-0.06054438807008631629,0.00499594470620842290,0.07262361951659189463
-0.33979268106794929816,-0.28992732096074153025,-0.23681285361716128413,-0.18016131084093309211,-0.11980014664198790353,-0.05601208840720676985,0.01044959561210394988,0.07910128344786356014
-0.23115656063266545872,-0.17946171587346601561,-0.12437130835099696746,-0.06556226556554546614,-0.00283290542524006770,0.06354167127094560719,0.13279099091459795057,0.20442656416074869719
-0.07584209404995347070,-0.02485379268946559528,0.02951906142150639845,0.08762236392521070838,0.14967827736570474273,0.21542476337138069531,0.28409467052235881646,0.35520926913633199540
0.02321366265533175710,0.06797413559698362029,0.11573485198702976318,0.16681704249154574726,0.22142901418730481788,0.27933789180402873731,0.33985003779982536631,0.40253787426747028588
-0.00970075924813436352,0.02367094487767581329,0.05929251911685166215,0.09740655443997360552,0.13816783867099963201,0.18138760529908620756,0.22651940269615913892,0.27322777491424582452
-0.15243432387373898051,-0.13241991403118683057,-0.11105272829976822746,-0.08819781895848634312,-0.06377595268587646360,-0.03792760499195894225,-0.01101925288371642317,0.01672181477101546826
-0.30363498211193201692,-0.29549396697621860275,-0.28678770322358071443,-0.27748191695958035474,-0.26756844782350858170,-0.25714497296132055038,-0.24641360832700578976,-0.23550460392767266771
-0.37384947410229862896,-0.37140158973324810532,-0.36874175751479909557,-0.36588576585904059035,-0.36286146236844474267,-0.35974897472355155115,-0.35667486263503128674,-0.35372582754792941673
-0.33693479915474666697,-0.33113311703264147745,-0.32485786575724789893,-0.31810056129391778290,-0.31087427633458325493,-0.30328211319346826125,-0.29551193821403415329,-0.28768874007937722537
-0.24095687497000145560,-0.22644139886177699905,-0.21084673901189762701,-0.19409577335497479877,-0.17615665709106045900,-0.15718027663809167049,-0.13749893609829505481,-0.11732506759206243196
-0.18292492976287455519,-0.16235565018647557523,-0.14031607649964111806,-0.11667998716967697970,-0.09138399115482770396,-0.06461578815751310712,-0.03681617605115746622,-0.00826208800686372563
-0.23701709393569894702,-0.21926442020992598092,-0.20027390967339775418,-0.17993968004535079719,-0.15821412566430889668,-0.13528303197428087623,-0.11156668951364735742,-0.08732788782969846952
-0.40423868573015059313,-0.39669530756046672559,-0.38864047464111428631,-0.38005120957885552002,-0.37093904263721422243,-0.36145701270611302336,-0.35189533400661338058,-0.34243784811146366076
-0.62368998664588737313,-0.62607031915381339271,-0.62862400300851561941,-0.63141548498889243923,-0.63451984440682207556,-0.63806216225160827804,-0.64220661812317036965,-0.64706304739252162861
-0.80298592712589100806,-0.80831714744427363151,-0.81402232124413431702,-0.82019889080808006110,-0.82694828087084037982,-0.83439738026036991414,-0.84268450334739519736,-0.85190648744687735849
-0.85878855913498963748,-0.85931105337000635025,-0.85988299002523749248,-0.86056616951671083271,-0.86143873667305848052,-0.86265261273464077796,-0.86442162937521849209,-0.86688885969203366422
-0.78714287356807821627,-0.78073567568123225513,-0.77391159354902383516,-0.76666991230170222771,-0.75904287442022477794,-0.75119991831959675999,-0.74344084737019544562,-0.73595851531951950175
-0.67151098161655231600,-0.66154601099968746158,-0.65092656702341922248,-0.63961121896605988013,-0.62759865064193465223,-0.61505067851621797459,-0.60228957614264666542,-0.58951834989694029687
-0.58568032806054448614,-0.57468166667077869025,-0.56295046007401894350,-0.55043159157963683636,-0.53711014732634299040,-0.52313353849738875034,-0.50881051667913768100,-0.49433483695535568314
-0.54455097339146751878,-0.53216757342537313047,-0.51892520358476634801,-0.50476455144560838928,-0.48966704871645494457,-0.47377888103217408178,-0.45740968090387479350,-0.44075671176329023204
-0.52409146361444125528,-0.51052145500069079365,-0.49596062242973554257,-0.48034949983425939690,-0.46366967611944948091,-0.44606957965966198554,-0.42786196126000036744,-0.40925002013039396553
-0.46632481050213997475,-0.45251327624411241679,-0.43765040579311037527,-0.42167479946217673037,-0.40456440029026136118,-0.38645725600141239697,-0.36764872395861519783,-0.34833272434636919357
-0.33771666900247204746,-0.32324806826486751632,-0.30768056082756128911,-0.29093478123795757373,-0.27297043495497563814,-0.25390446400621152767,-0.23401079171074543051,-0.21346707094581274244
-0.19501624283478796729,-0.17956855076858319054,-0.16299144317982686148,-0.14517830746129464781,-0.12606318070005470555,-0.10574073541116540964,-0.08447028394401423501,-0.06241445986040498189
-0.13079006112431806885,-0.11511877376083878843,-0.09833158796860862194,-0.08030989386135860275,-0.06097609945187677100,-0.04041318983256892566,-0.01887095357774271759,0.00349722257935159353
-0.16927717954475299256,-0.15275918548817646325,-0.13505023724513809391,-0.11603862551500464251,-0.09565493014255768700,-0.07399668884649523992,-0.05133289122366470336,-0.02783286223000209711
-0.22913339629271964326,-0.20856797890564043874,-0.18647165371726329153,-0.16273878836244712320,-0.13731325041884825944,-0.11033799106400085654,-0.08215536303917082839,-0.05299158050180924340
-0.20936158234749085993,-0.18198202331364080053,-0.15253870950241327220,-0.12091606590579229152,-0.08706036401774494560,-0.05116929946722642564,-0.01368897526388038535,0.02507715004404157191
-0.11699180861534894116,-0.08589375564824658360,-0.05245407679100237003,-0.01654707789539118165,0.02188472427720167604,0.06262098300123605799,0.10516735149352811340,0.14918484112731758562
-0.05347626467277362405,-0.02898844851928139565,-0.00263231543677588985,0.02568802946924095970,0.05601441227491648495,0.08816777727954604182,0.12175220314231192942,0.15649538106759977585
-0.08704695563784232981,-0.07875280111920224257,-0.06973658438343757759,-0.05997776531497102381,-0.04947703618662520342,-0.03832421602188727794,-0.02669285054971777191,-0.01470395810037322670
-0.18068629566513014217,-0.18635753527536291774,-0.19229406431372364494,-0.19853882001436870541,-0.20512982578889377150,-0.21208936182574847362,-0.21941716777875006072,-0.22711398145230879408
-0.22688249608839233806,-0.23186580746219531690,-0.23708464513831456477,-0.24257045490507148089,-0.24835563509595853793,-0.25447969161037198305,-0.26098325260969912343,-0.26788917946924994951
-0.14483400588435080270,-0.13350498424990586699,-0.12130293432310344792,-0.10816875048468077569,-0.09408212511078790918,-0.07918008142193418142,-0.06375453912983078397,-0.04799152150750578966
0.04276363923062329042,0.07590449542174183828,0.11140725693640669836,0.14944538434492016243,0.19010663067970418050,0.23313491147593379260,0.27792842134726175596,0.32409625646508422037
0.21992978624293813006,0.26712692815085897768,0.31763701177687769794,0.37170154521520881730,0.42944794771571026537,0.49054667123222156500,0.55420686079172121197,0.61991037489031952656
0.25242653476720705585,0.29742183772989089219,0.34555404854116328339,0.39704576874776986717,0.45201142021637480406,0.51013156841790785467,0.57064939220385690888,0.63306742344170829906
0.08244616072394517214,0.11118798547812819288,0.14191172044356539783,0.17475047634347770642,0.20976291961198628711,0.24670783919547126239,0.28504381832145464504,0.32441660801252508728
-0.20940812590030749574,-0.19953119802784519132,-0.18902854140221259094,-0.17786082048945070500,-0.16602622099267042022,-0.15367518467633886625,-0.14110839783525419566,-0.12851602111740123568
-0.44634691560906741836,-0.44577551294338896293,-0.44527778671159445878,-0.44484746281003023638,-0.44449997164904125890,-0.44433824128914528595,-0.44455162158677324902,-0.44524912407024463956
-0.48847470117526087252,-0.48258798446514727942,-0.47642105077240320954,-0.46992264216521045794,-0.46307621914801100349,-0.45600271954000348718,-0.44896293983002061312,-0.44210812744999289370
-0.34558453718772136343,-0.32434373241343045224,-0.30169723211620835812,-0.27750229969866402335,-0.25168236037612834455,-0.22442279534181427958,-0.19617678109218159022,-0.16722297772181521358
-0.12533111695485452119,-0.08617068483220600983,-0.04423320748627024984,0.00072393089686000728,0.04884120730967494300,0.09985340918503896046,0.15308176304280399216,0.20809497336385907040
