F3,F4,FC5,FC6,P7,P8,T7,T8
0.67835669603252868320,0.65958594602568354492,0.63972238800505243361,0.61864400638627636830,0.59626833951487112628,0.57266535782547756117,0.54806847275502812433,0.52262324320651754039
0.65831234509844005487,0.63654545056228373223,0.61343784206113771695,0.58886443398694876539,0.56274769469598895366,0.53519641766459480348,0.50651432296742959771,0.47689620065753041134
0.62121621271754323690,0.60250839350357143775,0.58267459844073876685,0.56160078600547425065,0.53921477358084113352,0.51560762391399339588,0.49104231698328881794,0.46568490127175821147
0.59181464350448798051,0.57937573612720050242,0.56628333316608647774,0.55243074287713933579,0.53773907033598167260,0.52223346878721488284,0.50605529688349948358,0.48928392705766754478
0.62292427054503662909,0.61463867343629030593,0.60602058684519333198,0.59695105264439030091,0.58732792613593332032,0.57710507843750302737,0.56630986149365458715,0.55493920221858161757
0.71303162613917769885,0.70549936816341329848,0.69766007964479981318,0.68938079682173336593,0.68054115465786557682,0.67105801726676639340,0.66090543270320623037,0.65004330387548447945
0.79314371434042241216,0.78496592660906960859,0.77631214034043860561,0.76706539480893654037,0.75712098382024917154,0.74641326695942511460,0.73493081120346626101,0.72265121502420193167
0.79224890103430467558,0.78224190765869150432,0.77143622382054366504,0.75975684934018505867,0.74714534899264317680,0.73360728547286147005,0.71921622855182065770,0.70402144398062826980
0.71045160181376587616,0.69508727313375484602,0.67837072206155313303,0.66025106500386332442,0.64070761308371804166,0.61984590168173836489,0.59789102824617657017,0.57500673189283901809
0.62688945006462004628,0.60515233526088663130,0.58154960636706620747,0.55601489827720018688,0.52852718421584710118,0.49925494845420520518,0.46854634165691394498,0.43665120202126367355
0.60053272565425308560,0.57883809409215125630,0.55535924139400383304,0.53000272003787374242,0.50271886668809251386,0.47363741919295743177,0.44306346671525076442,0.41121154178755614517
0.62049584923778711154,0.60857270985990385981,0.59569741560118261159,0.58177921302054969033,0.56674629608980375828,0.55059996240661202016,0.53341968855007382277,0.51525893770463226939
0.63897262387012765394,0.64183165409992248840,0.64484516488078491570,0.64797159221535116647,0.65115329605786387290,0.65426187821849879356,0.65710700725714021875,0.65955743603708472111
0.61084596339659358311,0.62466974023131816018,0.63932645309711799708,0.65485121088234743425,0.67123902010996683298,0.68832130089977838772,0.70576845885924954782,0.72336323576213434894
0.54362499794893193172,0.55873312846414890931,0.57456340018346219178,0.59121772432866315228,0.60875680041826907285,0.62708215570845982079,0.64592547307664915923,0.66512658028581583824
0.49208071173002171372,0.49983379638580704984,0.50761846687218536989,0.51556376965905814647,0.52377431883931446777,0.53227155865978859062,0.54097103891797138076,0.54985219313186417534
0.50702085229235038799,0.50328308142023936433,0.49872213607089904697,0.49344321150442049806,0.48755024530050833365,0.48116070286913459331,0.47437867827219204475,0.46731883434410603773
0.57827069961038957135,0.56247313821666911071,0.54504519842274778973,0.52603111049325002035,0.50549713388586170471,0.48361544797592431744,0.46064009522124588214,0.43678670957216242376
0.61711146527484472823,0.59217760064558500055,0.56499461753903412742,0.53554822226851750422,0.50386474484626875281,0.47014908521001297359,0.43476431230787293547,0.39799633753143076609
0.54326432356018161673,0.51489330376515740628,0.48400546879912437204,0.45056391183095090280,0.41458147839674780455,0.37628596362114835605,0.33610010683526181374,0.29434785618144604369
0.36645961340018273766,0.33962085244714579346,0.31035140925461907058,0.27862475359488519944,0.24446434253873711162,0.20811035634128610683,0.16999804166703830210,0.13045829936990888109
0.19611664935635381157,0.17388290433678310620,0.14960662197523588723,0.12328221801247299383,0.09494700274910969351,0.06482591959645737922,0.03331036669297308961,0.00069818689487553495
0.16780923626514659963,0.15128995383468837876,0.13330212243752856405,0.11385170645481081098,0.09297557057860789120,0.07084648963982008441,0.04775706295489275111,0.02393159376183078349
0.31292614602018309355,0.29952117543786122011,0.28505997229979312957,0.26953703689955027523,0.25296954000901494819,0.23547245246327883073,0.21725008430946574078,0.19845887442974086134
0.53653228877680869680,0.52211300048769970772,0.50666887972509422333,0.49016803795060448490,0.47260226576552083477,0.45406169793879863628,0.43473181114267250846,0.41475048445659107310
0.68701360681164480582,0.67030022095762320511,0.65238299244201858329,0.63321594670430414453,0.61278265377543372772,0.59118856366020444693,0.56865814188813146313,0.54535446667381415331
0.65696889576453465498,0.63957055479528845954,0.62084812822960289136,0.60076628699711520643,0.57932383641949236619,0.55666246067329405722,0.53305989286844812636,0.50871719054447606112
0.48974633594319189056,0.47293095879468793896,0.45482227534127578350,0.43539695337430345257,0.41466838598342653510,0.39280462236505842011,0.37011922808856145828,0.34683670099018815147
0.33146607721589232964,0.31292429913884090009,0.29311796345402857389,0.27199240053984330423,0.24953595270869130540,0.22591279896585528264,0.20145981850228747434,0.17640720380024169089
0.28829719643303153287,0.26405766596600949159,0.23846913662052882099,0.21138925634238220352,0.18273070210983297090,0.15262004195002143447,0.12141019631157116965,0.08932273995133030442
0.36814370737085755358,0.33615388676754470731,0.30262181155836392898,0.26729673313979890326,0.22999717665027580304,0.19080084845511718905,0.15007556718126460749,0.10803202843078968387
0.51145383939517186089,0.46964139456266901229,0.42577954623950364788,0.37952309521648158741,0.33061531653408321452,0.27912838947509532872,0.22550610935029710702,0.16999756203726190673
0.66500475543678927437,0.61258819519847840240,0.55725810102899353549,0.49861360771444968032,0.43636541092700176225,0.37064659759901857905,0.30205468209377756006,0.23094317987648196877
0.80488972447929241216,0.74600361935451664497,0.68335686999331812785,0.61654927172616635911,0.54530821849743049690,0.46985586798157585875,0.39093910454748376226,0.30902521894242029887
0.89604666162055535139,0.83824035112329675634,0.77628550135876794869,0.70982828093928018731,0.63864230071639915831,0.56300516760894114832,0.48371289107890108605,0.40128280621870748845
0.89546463812748500199,0.84909286667564198847,0.79909291309477903376,0.74519225661587684684,0.68722097415966920675,0.62541951162203801573,0.56044269539212743236,0.49272500709208377767
0.79609789669849762017,0.76920963811652465214,0.74005291136023299003,0.70845646065143319525,0.67430665828802172079,0.63772056687797107344,0.59904738344881536261,0.55852064618317731615
0.64815401771994218816,0.63727646215756705850,0.62540804147760908904,0.61245162263630203991,0.59832997598589432453,0.58304296333741212344,0.56667145937016871748,0.54926755965103979396
0.53839810796074272226,0.52954583548951927874,0.51995304556434018828,0.50953213957309539950,0.49821069984706833900,0.48597317893930913613,0.47286682228258497540,0.45891908539834647129
0.51502287322661788327,0.49298883249033764731,0.46919772285615751750,0.44351192446607884401,0.41584106460992231735,0.38628299511086217066,0.35512655344921972844,0.32256330611989725288
0.53553138436004266154,0.49493869453806671466,0.45101225408826550733,0.40355442053767526245,0.35246005094630211696,0.29800035984949518886,0.24081685827854185100,0.18134581384109171864
0.52800047274820971488,0.47926841160921185292,0.42633648929887130175,0.36900760863787812616,0.30719696457967071712,0.24128325268423442274,0.17209140764386665623,0.10019377575155818949
0.46799077035087621734,0.43117038853272754428,0.39084564013064743149,0.34691483506840120610,0.29935929517560538882,0.24851181361170684991,0.19503058571599438120,0.13938989617258495946
0.38720922559071230262,0.37908359507070676919,0.36954789335398696704,0.35866558198769332710,0.34651285725527941617,0.33323691257118021047,0.31902624593198197767,0.30405041461339288311
0.34709173127348125210,0.37069550453156152603,0.39534916397684166656,0.42128348604091953034,0.44866410699342884616,0.47741359399060495639,0.50718282087676469505,0.53778593365501048407
0.38450775219740762623,0.42788177702894403254,0.47392114235439697367,0.52296014127153489515,0.57521879340441928186,0.63047485784927892460,0.68803769536535386298,0.74749413630936289987
0.49071336714440810800,0.53384993210249431783,0.57969914392366206357,0.62860626423256471540,0.68080141865847931815,0.73606948017859363809,0.79372366172571062748,0.85335556736732998129
0.63670611815428512781,0.66235024424640520646,0.68936268232324715566,0.71801800651094371819,0.74851599257117196196,0.78077584884724071657,0.81440675570620923995,0.84920216300760065220
0.78116946632336803358,0.78666088070101747309,0.79193885070984015861,0.79718673237976789281,0.80255955217005114921,0.80812079490275590121,0.81381023123940043895,0.81964551979850375218
0.87389158901784413924,0.87232689731881229989,0.86997602002941509802,0.86698564515326737023,0.86348999881490207109,0.85959599592850510774,0.85535052526532495687,0.85084365048245047536
0.86499594246665045816,0.87214566466272314127,0.87919211849627854072,0.88631317082441407607,0.89365432656697330049,0.90125194981140588357,0.90900288528967843060,0.91689361888591580652
0.74344931978674844153,0.76418728205506347706,0.78593717472500745913,0.80892134897901557533,0.83330098875988944940,0.85900866319870183840,0.88572275918775211778,0.91327509483402080637
0.56772426823426958009,0.59256808952788897482,0.61885859156680278481,0.64680656063020380842,0.67655727138901278206,0.70800537908989502611,0.74077557252995196446,0.77465064980305342601
0.42504611696161676004,0.43749745677651497022,0.45059427418905362295,0.46445264962405619080,0.47915722517796494051,0.49467474060821942095,0.51084100423047229533,0.52756610992047747732
0.39185382596807921685,0.37988040574725517873,0.36681941431961895272,0.35264259578497209047,0.33734965278611200867,0.32105841649396760218,0.30399649623092767081,0.28632644842839277688
0.49365383582937477636,0.45785070064308885929,0.41924303108906968429,0.37767546679910429797,0.33307474896422090138,0.28570218664602270442,0.23614805149953049801,0.18481428486810708156
0.66285370408798627295,0.61587262355798855218,0.56532977888112745379,0.51101277064399508454,0.45281334893999969360,0.39104535950795016319,0.32644160093232488240,0.25949973291556716060
0.77481748454165366713,0.73189686598251590954,0.68585530741874001226,0.63649251774782866775,0.58369925576285974778,0.52773291245716136277,0.46921889983861991835,0.40858110525712576511
0.73371172483532665076,0.70401093723525554058,0.67236986122940600730,0.63863291755720619225,0.60270400245312971688,0.56472191196247167877,0.52506871661063347911,0.48399798699460833129
0.55623636424729372418,0.53914161958948869646,0.52120434028828577233,0.50230830553190142229,0.48237006088469724929,0.46142931737709963480,0.43966329872478315810,0.41717886466208242702
0.38047526469631842705,0.36639308721558527804,0.35169421271399220474,0.33627149687440310855,0.32004790519027248585,0.30305848556742165378,0.28546479855535583647,0.26735900112263866202
0.36186602140976431574,0.34009957533371948379,0.31695185749620941040,0.29230153511226569796,0.26607831449351898589,0.23841323242062575916,0.20964529840702705865,0.17999214349891429210
0.52785733459503925147,0.49530147908933502832,0.46027332981729712769,0.42264186662044456178,0.38235196217111572237,0.33965789013425207177,0.29511801909398449606,0.24911198022275041208
0.72212429177406911585,0.68662010559658248621,0.64820063909928171686,0.60676048765682988329,0.56227400999078758215,0.51504722562898475058,0.46570280955984422189,0.41467878509567041023
0.75597883017346689805,0.73214389899463128142,0.70618943020993807380,0.67808778881785736203,0.64786047607813390670,0.61574001147382961818,0.58215117999092513834,0.54740838562303317794
0.59436297793169945436,0.59163556382909376907,0.58840116496651084788,0.58473490146891138330,0.58070999140696144547,0.57640424925994671046,0.57188269663097712758,0.56722002763898105027
0.37094425233013283982,0.38564510988123473778,0.40117328895739101657,0.41768094122424631598,0.43527794250417550792,0.45391469068175338553,0.47336672196668971857,0.49351288844744040096
0.27302863543625566223,0.29140363886571080121,0.31081873050956343452,0.33144128960520630178,0.35338908632561966128,0.37659132084233160054,0.40077226470256538393,0.42577643266477699369
0.36152879569343954191,0.36970625185592154160,0.37801551200678645825,0.38657934043607522501,0.39549560630992919297,0.40477558174378314160,0.41432366668128339793,0.42410821046033631010
0.52035540258201196107,0.51443045909055984399,0.50743905424309709851,0.49944356581152954400,0.49051477033370372016,0.48077373426603325912,0.47036721350148685827,0.45942996432510718741
0.60913759230550101886,0.59586637812398224323,0.58093655960592693877,0.56437482231447810843,0.54623357856872267746,0.52668596329403216671,0.50600022749033868319,0.48439305013834205171
0.58759658995299501871,0.57873345010316412651,0.56861775868671327050,0.55728473874628225992,0.54478524519871596166,0.53124790065892779634,0.51685691307496017810,0.50176829182976001587
0.53336743674319953001,0.53920334632854016732,0.54499278512028381805,0.55082693045594566250,0.55677810420379969525,0.56285437043303532256,0.56898201359844291503,0.57513930488914655204
0.56872950513430264863,0.59035315262441490081,0.61313572652613668179,0.63724107430140164432,0.66277618110223002201,0.68962964731764642146,0.71745575410251016812,0.74605052691034146051
0.71520909921304420820,0.74499697710984558174,0.77645906332626590807,0.80981254903042743098,0.84519672972407888789,0.88245008995582840949,0.92109102648076157660,0.96083117172065746203
0.84233406835894686360,0.87205797735097112522,0.90332896322972611181,0.93638330387672030763,0.97137742571848773032,1.00816238897311549749,1.04625977075998966015,1.08539158300818372460
0.78287521205335852681,0.80731395217728252334,0.83288642916757926749,0.85980937916131217058,0.88823078221227835805,0.91803876805209905232,0.94883638049556073835,0.98040261233521619477
0.49535298859568810403,0.51267690247521580105,0.53070014610236182495,0.54959615090817526273,0.56948690499903853457,0.59030233480535887480,0.61175799492658733403,0.63370356432897034793
0.12320494014582893116,0.13354193731519747868,0.14417010182745712554,0.15521923134361359509,0.16678655076936663160,0.17885113168839639197,0.19125462771115087079,0.20392462654183549087
-0.11163683925752722337,-0.10931038092682693330,-0.10725184867789637477,-0.10536870608998931409,-0.10357947667654163193,-0.10183414921546952991,-0.10013358426555669933,-0.09844747248449464694
-0.08975981696138046750,-0.09622078688230799315,-0.10364869757293360131,-0.11198372348859611525,-0.12115524575419883702,-0.13103427267576495119,-0.14145555111391527880,-0.15227572963826926933
0.11409656769095265216,0.10156885248652205989,0.08757110493110691063,0.07213729580229534533,0.05532586855749231647,0.03730981176876627808,0.01835301927051459156,-0.00133312151085800503
0.31281537449585467003,0.30101571562913581603,0.28780101349282377621,0.27320323706118238016,0.25727604322456187891,0.24017578028370878407,0.22213888041204465917,0.20335793365419080336
0.37714267878125107281,0.37483174495486160094,0.37183325446570159034,0.36822642999725085922,0.36408985784657693641,0.35951466886325211814,0.35458231816883845067,0.34938188447880919041
0.32906341413997630685,0.34110916573681343555,0.35352420954354618621,0.36647740487397495457,0.38010453427810908522,0.39442541675284203961,0.40931850929140001227,0.42474122335511993453
0.29864388397531366204,0.32250527411723284299,0.34757084474068927760,0.37409603497427562635,0.40227694761454246830,0.43209152674285866702,0.46326889881274530003,0.49567315817412843648
0.38628596907824674922,0.41547946808024266430,0.44624954796879662267,0.47889228980679104941,0.51363237894043778375,0.55042959868054874839,0.58894551770306990957,0.62900258088378757648
0.54983384180058025859,0.57959217325085654604,0.61103274765236137434,0.64443774512000984167,0.68001586699430627281,0.71769997339563140759,0.75711760136422356915,0.79806405639065802760
0.66637046484184081496,0.69749501798316482226,0.73055693159685741733,0.76580442308336604817,0.80340797710776479246,0.84323891922694038659,0.88484910328035437654,0.92797201717335131566
0.68273715868923945393,0.72042385600703418014,0.76068823279066510867,0.80377530758621029694,0.84983667687839525851,0.89865597155699050713,0.94963681016707857108,1.00240319399457100680
0.64844519524578714265,0.69671807721415945913,0.74840176799008328867,0.80378966805719231914,0.86305758279714817061,0.92591502637233125128,0.99159453605353808925,1.05960394906993582431
0.63094627739622344276,0.68783299860865443343,0.74867728810775879822,0.81384450655956652732,0.88356313894201143899,0.95752195106870896524,1.03485299524800411497,1.11500499965582244855
0.62032811742798676935,0.67650356335592154444,0.73640970301505148665,0.80044907579150081922,0.86888962581265294371,0.94147513512978275863,1.01739875017827485770,1.09616203461489614135
0.52909084214853552286,0.57306195974700713247,0.61970346008613186317,0.66938175310752134894,0.72235789829849261778,0.77849098281060391535,0.83720500304924161394,0.89816331017647466073
0.30531825594703954074,0.33230151277998060122,0.36062179285237411230,0.39055762256632470253,0.42232319874617324507,0.45589644628177450336,0.49098489667233657929,0.52744050088235516771
0.01317275291879662497,0.02676833585052844008,0.04068154812170962642,0.05510717313763511399,0.07020890470743108847,0.08604654224786682792,0.10254365868795416172,0.11969147115122985570
-0.21905050468311740297,-0.21195590124233204543,-0.20507734111613912242,-0.19826229754665669613,-0.19137211369250500814,-0.18430309634885605474,-0.17701868676154586257,-0.16945490638386531690
-0.31482435452807006060,-0.30738896347381833296,-0.30022129819449844268,-0.29316415523774352891,-0.28607405863587326289,-0.27884070660177745493,-0.27142124227221503530,-0.26374582558918158171
-0.30852151080528517069,-0.29608034107687464243,-0.28357534700824710283,-0.27081748254921800267,-0.25764401949662857350,-0.24397496847962635291,-0.22984902386874248026,-0.21524764277794991574
-0.28975946424020415648,-0.27198800756480112639,-0.25368836038300274227,-0.23464928786134819916,-0.21470068969960945382,-0.19381623354457150343,-0.17214694595960422507,-0.14974986345249355346
-0.29409023196047051618,-0.27580082311390485827,-0.25676437433620435957,-0.23678663306356195761,-0.21571857401947597266,-0.19357568061942581616,-0.17056464462449791308,-0.14678573715701101476
-0.27421128139259703937,-0.26424787576586566962,-0.25397022536728319775,-0.24324317781725399157,-0.23195995304646180313,-0.22011447909017053948,-0.20782136630205338967,-0.19512569177236666063
-0.17672125397876506381,-0.18255477496690186712,-0.18914916627382574732,-0.19644885892818703121,-0.20439184709234434201,-0.21287792989718906655,-0.22178614586222508698,-0.23100571445852530195
-0.02610719311788416153,-0.04657202290036561998,-0.06885980040557648785,-0.09297621433226936627,-0.11888811114233190092,-0.14639277721348781247,-0.17513616137261373007,-0.20484918284103656450
0.06439129720347597230,0.04206700699674825739,0.01781166688507714382,-0.00838093956417623742,-0.03647534097128984215,-0.06625460876733194060,-0.09733898194903249645,-0.12943999468035016776
0.00925516081479509783,0.00216606591484415356,-0.00561588245884830483,-0.01403171132979557333,-0.02301712161538313831,-0.03247530085680952472,-0.04229187096028351467,-0.05235903794963529811
-0.12520888539874960865,-0.10973978954619266479,-0.09313353252918259162,-0.07524825244880170572,-0.05598900814533096931,-0.03544370653025617074,-0.01389097050281214336,0.00850545936858194788
-0.17855112092252559131,-0.14734065475272606349,-0.11374460361129948294,-0.07756568234835732600,-0.03868898803450426804,0.00267145549995819387,0.04596937778660480090,0.09085535181705589602
-0.04237021323528362970,-0.00890582512155444449,0.02704487261274675369,0.06569455078448423191,0.10716923723990398609,0.15125021796141194241,0.19736859413202009761,0.24516152811614136398
0.24268625075155894621,0.26768550250111422528,0.29439136551304273537,0.32299756690378439439,0.35363064067443483740,0.38615497231916190435,0.42016112378433656538,0.45540086314881794705
0.49222774160841181734,0.50806513683652410052,0.52480943133173985071,0.54262676222652783675,0.56163622740159524493,0.58177918101771985970,0.60280288911752633041,0.62457071195878521852
0.53580116264933197456,0.55039722190621265252,0.56578781646777931424,0.58212845256541501104,0.59953013879267158526,0.61793608474320460555,0.63710570120891230061,0.65691013540893095080
0.36382592418682713209,0.38493935230521453272,0.40741167607443029564,0.43140416199199066449,0.45701992744360697696,0.48413561112653424878,0.51239052505050930453,0.54156730969671185161
0.10880206653616138202,0.13721541947728274624,0.16766781802104663290,0.20032227159739812716,0.23526916278473589128,0.27230898172918216460,0.31094871643411464701,0.35087072961172333097
-0.07696387565300316647,-0.04811005798614614859,-0.01707001160564518283,0.01629784159808241734,0.05206331898070559738,0.09000615312314835803,0.12961772253989314874,0.17056112848438914620
-0.15263464723667613532,-0.13129232442065147390,-0.10829670655196460549,-0.08354732778320853037,-0.05699766973608720588,-0.02882021273443162446,0.00059633445414334740,0.03099334601546747600
-0.19506298412298236911,-0.18295398409427793274,-0.16995089304496521776,-0.15599036943427016522,-0.14104231694290084165,-0.12521058426258663276,-0.10873267909218449490,-0.09176252221648924234
-0.26852001113558687795,-0.26130271302876495465,-0.25370299637884502486,-0.24567160716617278404,-0.23718166134557128188,-0.22829376416878957579,-0.21915995397963466962,-0.20987148158320517721
-0.34323628839731945561,-0.33733614482967189119,-0.33129925517661484857,-0.32508387845429287388,-0.31866711243982415169,-0.31209780254604152505,-0.30550326702261515477,-0.29895564636391364077
-0.33251810004849863267,-0.33149908435987285316,-0.33077008907940647076,-0.33033408496429117474,-0.33020060455610505956,-0.33040291918645625646,-0.33100311769158513586,-0.33203359032047036203
-0.20314651417463644445,-0.21550120287360849392,-0.22912154103640941516,-0.24410537966300832613,-0.26052536713116958289,-0.27835313060748900771,-0.29745983921334179234,-0.31775773463492834603
-0.05296427330134778622,-0.08191044347728267117,-0.11329351789964806074,-0.14731259028688822865,-0.18410317108810317355,-0.22354783280682338775,-0.26527265362927904269,-0.30903189925823815187
-0.02751306569067034358,-0.06366729194849188311,-0.10273852931153253099,-0.14495909060435691051,-0.19048214824787113031,-0.23914568151469717261,-0.29046795380846035517,-0.34413122740825075052
-0.16762272315891524332,-0.19417959312859964238,-0.22293031535873053528,-0.25403347625749006511,-0.28759257285483647015,-0.32349023976413948667,-0.36138711948438773103,-0.40105368856450701598
-0.36135452394366052165,-0.36754673252400643646,-0.37443031349303385058,-0.38202629413040811723,-0.39034992697144088591,-0.39939038779569846493,-0.40911500035513054252,-0.41948904829859401389
-0.43442892533211402428,-0.42372529548514487052,-0.41247482217409814353,-0.40057846825617071662,-0.38797247853661603889,-0.37472846983004759469,-0.36106310956458653738,-0.34709834664904892776
-0.31016934873320856081,-0.29697665782822063596,-0.28306947101512008880,-0.26830943926008132827,-0.25260050881610190965,-0.23600722613991076404,-0.21876851752044931820,-0.20101410611178341381
-0.08721816026955726830,-0.08357586954527082557,-0.07990584333904308945,-0.07611147294374125127,-0.07211732260214635815,-0.06792316038090115415,-0.06361786833994169388,-0.05922974604004115073
0.06179129211530689364,0.05693653754453165128,0.05152517677073858993,0.04560136729523812243,0.03920676221532976707,0.03238132452787494120,0.02515209912765556735,0.01756551034822441057
0.05572027144828608364,0.05248275550281359531,0.04882363171057711032,0.04478452505982874476,0.04039997996030238181,0.03568305909137828302,0.03061609886346625120,0.02521368522231898918
-0.05358564180618406031,-0.04544477247555870486,-0.03691251033683996818,-0.02789146918932297950,-0.01831823166716715912,-0.00825892500297871653,0.00208101383765523385,0.01259191941101836694
-0.14754376420076453780,-0.12556771190352855605,-0.10222369983234821933,-0.07733394863666950836,-0.05078675125974414784,-0.02272741755742710770,0.00642912721614977058,0.03643726772713546530
-0.12650570876317443481,-0.09878231810820166381,-0.06928912816657710472,-0.03780370469665773198,-0.00418255458919222171,0.03141103854268997159,0.06849141346371896699,0.10676953532735052044
0.00286258453524237651,0.02382624607907371517,0.04606610079238743216,0.06978238899755272173,0.09511314331267417543,0.12195825918405246713,0.14996223882182443954,0.17892434048376226752
0.14635773545019820085,0.15367713083857439949,0.16126292071908507331,0.16924971616459902335,0.17774359269682413198,0.18674847847990191929,0.19614839489683541518,0.20590119659952332842
0.23053415426619194850,0.22649667036380127794,0.22185830691439259454,0.21668695109174451741,0.21105083773780120016,0.20503174040943006329,0.19870790201914750872,0.19216312601757359890
0.25279228049922902732,0.24305077248180115279,0.23226481497706741308,0.22045077887623704127,0.20764022116593580658,0.19393583796050833934,0.17949718285970184262,0.16445653953506814138
0.26688152161208417157,0.25329260541375542282,0.23838786808683229412,0.22213535150338525881,0.20452700264283896203,0.18565767993101087163,0.16571553577239059307,0.14484540580880359006
0.31670901340617213515,0.29671949371559686037,0.27494895004026598251,0.25131379996522973386,0.22576812848055577421,0.19842199960590367613,0.16953522705902446255,0.13929661734644049886
0.37117397288844583558,0.34309352287318434227,0.31257743113626218490,0.27950251887772781245,0.24380200761084580563,0.20564117384578359249,0.16541008175207599917,0.12338562953127125976
0.35861281318173399146,0.33058529805166292359,0.30000014912449946003,0.26675319188539398096,0.23079865072815841653,0.19233441644502086154,0.15178918856775516777,0.10947092685920642441
0.25904542453207773933,0.24686494681655030137,0.23316960457194177425,0.21795885909151763160,0.20125727501434986788,0.18320343131266111913,0.16403000026924213772,0.14392024830766733667
0.13325040321992573378,0.14478088164212202238,0.15652247619713721694,0.16860604503467072068,0.18113511952483224432,0.19411816872693160585,0.20744528629222300231,0.22107342889655542950
0.06155313802826612585,0.08870981793788522418,0.11735040750385981878,0.14767596667218316209,0.17982408420932777249,0.21368972005553829585,0.24890498258203944126,0.28525084581718546106
0.05643003655191273366,0.07989449289208482019,0.10477719862297034392,0.13123653894092784933,0.15937389359492690200,0.18906897669197814116,0.21996765570576154447,0.25185175394187830911
0.03242186435967604752,0.03703518423980752677,0.04187360001792997388,0.04697246432731239096,0.05235106979440858760,0.05796624580808412003,0.06370921160327475130,0.06951635838237511800
-0.09747573518409945181,-0.10874214444934404700,-0.12085079132379480948,-0.13386356783606379039,-0.14782350896208973356,-0.16269892955369946730,-0.17838117704796530028,-0.19479405235448574163
-0.32664145173254566235,-0.33805700684871325956,-0.35032759858888551374,-0.36351430242715182528,-0.37765963947891312280,-0.39273258740197558581,-0.40862645570931444006,-0.42526552254951882626
-0.57571700309517892524,-0.57377549436435570929,-0.57175203367110161157,-0.56962563314645975332,-0.56738755769651239014,-0.56507736489727466989,-0.56278430413524782594,-0.56055872809685625136
-0.73060014194715339197,-0.71450996862725324466,-0.69732280284964853756,-0.67893125016427369189,-0.65927265071158913656,-0.63846132489710671898,-0.61679323174008715558,-0.59445241476145760373
-0.72155492166701473700,-0.70277143331810509874,-0.68266268646799066477,-0.66110282267121622812,-0.63801719654295196982,-0.61353398666932101868,-0.58798904598492407469,-0.56159234754233677833
-0.58423510543844492382,-0.57558768717988961772,-0.56629602974234971580,-0.55629100406539888635,-0.54553185325768516201,-0.53409012694883750694,-0.52215199490254393666,-0.50983017046351886137
-0.39091359458728552889,-0.39909040921376309763,-0.40783414547117657900,-0.41717042034747670032,-0.42711426073080077659,-0.43763765858285191834,-0.44866933643311751601,-0.46015368320512772815
-0.20605249481172444037,-0.22943751232353779002,-0.25456354083793547582,-0.28154315460813467142,-0.31044172367602668183,-0.34113471916747994950,-0.37330677117691857259,-0.40674206873643936611
-0.07476359827691837767,-0.10322782442274490433,-0.13391519432177562132,-0.16697425172528115866,-0.20249210800347372530,-0.24030846575315048530,-0.28001553222574665503,-0.32133766759822868231
0.00112348990969968979,-0.01834653716697385098,-0.03948798089644626336,-0.06241126912162361234,-0.08718408911184653831,-0.11370124283168543677,-0.14168633146890247110,-0.17095167566220992317
0.03793676912770802684,0.03811114770213370334,0.03797445868811397118,0.03751921397125053403,0.03673572840424269015,0.03560796689461685066,0.03410885585925221147,0.03222671550646745431
0.05247675820840279337,0.07088369384000182960,0.09028290044795710123,0.11077379426162554943,0.13241031041485074038,0.15506801261460628760,0.17843601779906062554,0.20231884615672168781
0.05054543807191320959,0.07194887822284712353,0.09460585676596777738,0.11864663150093943123,0.14414708342182389056,0.17097008770847355041,0.19875615919706915435,0.22728138545037976370
0.03262550689367325202,0.04013285312168948793,0.04801093884996796013,0.05632526418570879545,0.06511674636528339000,0.07433191838650839156,0.08381641372911939614,0.09348237906119800933
0.02763407577720059308,0.01573437164327188414,0.00298591968325598051,-0.01065493087802921873,-0.02521428352512929127,-0.04064704204071750704,-0.05683652978290007485,-0.07369555164455736385
0.07677938245952461993,0.05354435977809381131,0.02880181612791275769,0.00243088346001107394,-0.02564868449355890700,-0.05535758899298158509,-0.08644926585950589437,-0.11875623326053397211
0.20065688044444693339,0.18126976525037299948,0.16069492328869816600,0.13881922084792036598,0.11555823450891712645,0.09093724640825423533,0.06510182762916361110,0.03815101202850733342
0.35107958282870538325,0.34961660048557136049,0.34816538392407730962,0.34671110048376124757,0.34522436347363222309,0.34361357833224670522,0.34173176052673920333,0.33948899796991566236
0.41525804826160001015,0.43734241776909821287,0.46098823765152535659,0.48632386300706031967,0.51340891313372372107,0.54202766645088085173,0.57168785787977915991,0.60207917059947502203
0.35876536091088823133,0.39473567815372490042,0.43319487561335112691,0.47436183039098095415,0.51835663933881026555,0.56490669246361213673,0.61333975241733484918,0.66323101131630013416
0.26321828056143925512,0.29221910891564739643,0.32326430908851738755,0.35653659406892590500,0.39213874877677734609,0.42985598482261105913,0.46915022924901317314,0.50968233787281569391
0.20854123139388988650,0.21415789820313199665,0.22025903637018681702,0.22689196000825745392,0.23408036030202017397,0.24175321833957053030,0.24974518815278351491,0.25795610611142405499
0.21240576244631267921,0.19495290737835016537,0.17643367059481870895,0.15675901019301510808,0.13587024382556420199,0.11382726071798578149,0.09081538652072680684,0.06695958766486700964
0.22756354631278294387,0.20512673926677948977,0.18133029503065764554,0.15604930740510913889,0.12919951047011427048,0.10085446319777255364,0.07125582466237125046,0.04056291221162002664
0.20796703928517012994,0.20118743860707916093,0.19419305979005460627,0.18694390724719578412,0.17940237452754398406,0.17153545516731372178,0.16332382994156471878,0.15475617782596562400
0.16364613556326670918,0.17716893587270421406,0.19192525092021953115,0.20799699734677526419,0.22542014560817677515,0.24404344938385871822,0.26353331416206071669,0.28367570879341491574
0.10667906396742239672,0.12802876760875073203,0.15117178589894444962,0.17625129838159164786,0.20334646263410052769,0.23227908919209352967,0.26261470333462105797,0.29407731848446239109
0.05194025546299957385,0.06321266202563981251,0.07560020227210043076,0.08920472547101915284,0.10408838483512659889,0.12015419344562704163,0.13714707368848283453,0.15491031002881783252
0.02667972874513975523,0.01866488206358977303,0.01047114413030225157,0.00209317975523192921,-0.00646850463043243187,-0.01519184942615858618,-0.02402780636850124912,-0.03293643116527366493
0.02098287470914732972,-0.00130273325015790495,-0.02471390354450586982,-0.04934997956760982241,-0.07527088788844581158,-0.10238350413705317454,-0.13043057230354321296,-0.15924118154116037593
0.01296119787764318104,-0.01350197040578604395,-0.04139987236508815838,-0.07087237181824461441,-0.10200923991754004549,-0.13470628695082578763,-0.16865148664472376372,-0.20364241601006011217
-0.02033636200586358758,-0.04572365505839299377,-0.07258374464958199102,-0.10105629325880891023,-0.13123106907371726026,-0.16300377738384333459,-0.19606413973084876878,-0.23021104816065698917
-0.10629981827555427809,-0.13203500716096078227,-0.15941472005947265878,-0.18857452403451616108,-0.21959575787112745049,-0.25234577235697647213,-0.28647033392147513986,-0.32173705713162648046
-0.21636060638376736209,-0.24649760901089201592,-0.27868381861041202630,-0.31307138261189604300,-0.34974462102212411363,-0.38851745522062969274,-0.42892867520195221420,-0.47067410858129821172
-0.29819015014874955538,-0.33314300393572315873,-0.37048916639198503642,-0.41040595939449386886,-0.45299003962640416177,-0.49801615186934167223,-0.54493220906750383659,-0.59337518222652574362
-0.34938695698687993740,-0.38272087711076729910,-0.41825879565750695432,-0.45617844436465665447,-0.49658080276288152355,-0.53926239120520214065,-0.58370775471924485345,-0.62958147684381360332
-0.39325410445117253699,-0.41605650272508348797,-0.44022632308594722428,-0.46589771859833001288,-0.49315326652877727875,-0.52187407033742561069,-0.55172986601799578477,-0.58251118101398291493
-0.43804389739173604790,-0.44881355953218454724,-0.46006029882599425163,-0.47186038872821151058,-0.48426653107892542183,-0.49724289609958344238,-0.51065511307116606687,-0.52442450969750198375
-0.46091872002414485676,-0.46691799248130694266,-0.47308884369127124359,-0.47947870918617041536,-0.48612178439380671069,-0.49300417166597626517,-0.50005575779035993378,-0.50723902704538315067
-0.43563252442450645097,-0.44466511919670909103,-0.45413854677280435235,-0.46410691873694842613,-0.47460381524219391602,-0.48558392999780985999,-0.49691705727035778706,-0.50852305615734971767
-0.37580633672436536408,-0.39099862027828963251,-0.40705744549081629424,-0.42406671864338985056,-0.44207741478660850243,-0.46101209513475210899,-0.48065798790450509070,-0.50087915814710837203
-0.31402561308177878718,-0.33131647851111201142,-0.34950544121632026728,-0.36870236584203341934,-0.38898370913652113856,-0.41029900023979293255,-0.43245838616804116450,-0.45534423946161856067
-0.27533414886745977146,-0.28572405796420691226,-0.29633387020176593651,-0.30726685877882264908,-0.31861435311874586329,-0.33043245290186257224,-0.34272133311512703591,-0.35549581407826746915
-0.26791166213305994681,-0.26738590986308224950,-0.26612795153289298122,-0.26421428386100026531,-0.26173865365773796299,-0.25888197290174191911,-0.25588422432711405152,-0.25292635305931682188
-0.28709687991557686360,-0.28304051920072920145,-0.27792132009772219092,-0.27181266908709983410,-0.26481346345348272253,-0.25714533621762297733,-0.24912113541347757906,-0.24097490499594098612
-0.33446928199381736890,-0.34096931705658567457,-0.34719143569987520603,-0.35325950224297497648,-0.35929473604956968513,-0.36542718751593489257,-0.37176511067987116910,-0.37840828757926608938
-0.37210237847196359073,-0.39820735409361224244,-0.42554656633037996061,-0.45432663509985998784,-0.48470104291086352211,-0.51662618118042891169,-0.54983471332080768867,-0.58417521033981267831
-0.31999818366539178882,-0.36095676880462956859,-0.40437886662118543990,-0.45051967827977784653,-0.49954341233200116879,-0.55126036697118196983,-0.60510693864647135953,-0.66072844567590149900
-0.16180592743341687401,-0.20215870849756564787,-0.24510986727509589955,-0.29087941956775176244,-0.33959755477991254713,-0.39103975399293894322,-0.44461507193848209818,-0.49993994181123713183
0.02976570317127667092,0.00251691121314458503,-0.02652922739494466275,-0.05749580961798688578,-0.09044875252628439832,-0.12522553406154884881,-0.16143120736814114968,-0.19880067772979020946
0.16036794974130189062,0.14530594298164109524,0.12926002451449006281,0.11218984257536381011,0.09408110924911308737,0.07502590029902905799,0.05522200185375183284,0.03481185722587785275
0.17626979254239741324,0.16260087555675967197,0.14809289797417465873,0.13271612566188292770,0.11646175253749006806,0.09940646485455835457,0.08171238118368290282,0.06349939081512721850
0.10514273045057749567,0.08277673825320024104,0.05907833619013126703,0.03395654819933115187,0.00736101182923605286,-0.02059756864058096687,-0.04964169414799986246,-0.07958144245199168243
0.04276116801414809460,0.01026928818315998859,-0.02415901770142064170,-0.06069441448625906288,-0.09944306964516815006,-0.14025874211379182888,-0.18272982538925094942,-0.22658684871055692622
0.08250107539540996182,0.04819830306936876557,0.01184186873409084212,-0.02676583948301916593,-0.06775360026969895477,-0.11098248985522789212,-0.15602994286723145811,-0.20262353542047870092
0.23293207956879249942,0.20835893207725103560,0.18233305710083116957,0.15471355500086139689,0.12540462391713008694,0.09448473843671378880,0.06221912691796142869,0.02878060013144085466
0.40260835784228787837,0.39497001516511287544,0.38698828956031722237,0.37863631564600203072,0.36989061737033279709,0.36073875274864719565,0.35118479655322776267,0.34123886910958478591
0.47022921417913698949,0.47711793180869560560,0.48468530172322654703,0.49301033403962479795,0.50213947981700390866,0.51198960140374250027,0.52234765613273337337,0.53308915796590994329
0.37070642359804512056,0.37964894971331414331,0.38949267409231674852,0.40034264595597884862,0.41226628570951129316,0.42518195594380342461,0.43885769295117532662,0.45315854195334032140
0.14742565188213641036,0.14402469899272396514,0.14073320116446030870,0.13758247589555511192,0.13459737200963053927,0.13177665001311644755,0.12909560347293297378,0.12655027641625768431
-0.07574726882479557166,-0.09811530874845844630,-0.12170354750266526578,-0.14660794437445109906,-0.17288214453817521421,-0.20041350507058830477,-0.22891478327838307716,-0.25819420982613594528
-0.18651594413845271059,-0.22287008430159016559,-0.26147224411164238234,-0.30252760372125309107,-0.34616172296984470957,-0.39218768376315665813,-0.44009247862361011716,-0.48954608031102109234
-0.16127990432815747512,-0.19867919206057607640,-0.23841449075180409789,-0.28072997881293132449,-0.32578531578198027807,-0.37341130806882022464,-0.42309196275243998731,-0.47450405901796000041
-0.08341263484945669882,-0.11018620919291657878,-0.13849458111610407629,-0.16854860178831940209,-0.20049973885059549361,-0.23427410235124535021,-0.26955140665693938518,-0.30614297518274391496
-0.07249449478457252460,-0.08532255081425042798,-0.09860529964521314028,-0.11248881911933544808,-0.12709397023965968154,-0.14245496921218309128,-0.15849662116836635284,-0.17519423971339884161
-0.17282978971878976138,-0.17795969085904539408,-0.18293333702217726144,-0.18785057620053846605,-0.19280471902994131272,-0.19787729470557546829,-0.20311562417548528758,-0.20857519884965791679
-0.31176279345250468289,-0.32030270428337676014,-0.32897149484556181820,-0.33786794025081118287,-0.34707498394587593671,-0.35662394962094673412,-0.36647561327122779584,-0.37662415671118304461
-0.36599272747500138925,-0.38477357709512904904,-0.40455314548815374254,-0.42546343815667331256,-0.44759440492741714435,-0.47087545312923900775,-0.49506159766581098181,-0.52000544033740137007
-0.26973563822781637667,-0.29702746774894511761,-0.32607236521443039301,-0.35703921578453950980,-0.39003395128993240126,-0.42491577301246957754,-0.46128659579953890102,-0.49889400995836785668
-0.05988597681401921363,-0.08867220175702637819,-0.11941175725925992634,-0.15228459086497009300,-0.18740560673135919778,-0.22463407455587652839,-0.26356399084310494496,-0.30393560785482726105
0.14721935697185425940,0.12452554171781002323,0.10028841294441512288,0.07435602832651391769,0.04662432533120045020,0.01717574357219745981,-0.01371111545760027653,-0.04585890431320117921
0.21832058117040176182,0.20502579953827923531,0.19088648877053343567,0.17580319067543284661,0.15969998737119250887,0.14258986503597409490,0.12458391735507638731,0.10575085316776264288
0.11408194159997715744,0.10783122744025699924,0.10127559414806266980,0.09436611667816362237,0.08706071550578707574,0.07934045056294337928,0.07121674999893878866,0.06269517650905571948
-0.05523814163209484623,-0.05945310293997154577,-0.06380949781923643538,-0.06833081503685814462,-0.07303695045198269065,-0.07793613483433256550,-0.08302001965540008188,-0.08828303480858178121
-0.13213679333063935162,-0.13938782962303525315,-0.14699677663583776699,-0.15500043271857344429,-0.16342375012657012201,-0.17224660671582947558,-0.18139917366333618842,-0.19083554907337071938
-0.05885153627721939618,-0.07110411889922343964,-0.08407335544232272251,-0.09783701141972132864,-0.11245012066902396186,-0.12788075119788028244,-0.14400256645966083568,-0.16073529329171801217
0.08887072871625011083,0.07365520923717860935,0.05750579704396246994,0.04030222721541464742,0.02195177731928042025,0.00246488136737425855,-0.01803286811470976650,-0.03946637455098576247
0.18685578419016030116,0.17134661988530883181,0.15483185243667338393,0.13716995573903220662,0.11824646110478882755,0.09804646305883817081,0.07666879131891814192,0.05416827472737355265
0.17562175527902953998,0.16040922569685348020,0.14410003493791614937,0.12655775597529711485,0.10767357854424178254,0.08744230487077467306,0.06597355531186958888,0.04333169928357414463
0.09365106658711674914,0.07744871137563599794,0.05995927935614880216,0.04106089637327935138,0.02066446397840988186,-0.00119106158319272825,-0.02433312828500346428,-0.04865066687010506652
0.01906977457301697876,0.00364294715890861164,-0.01306837351432547922,-0.03116285966067258717,-0.05070615398701863036,-0.07163195515104138489,-0.09374078603682052535,-0.11689966283860256380
0.00962538726739177800,0.00129329683235463399,-0.00778128234788941654,-0.01765173648051584360,-0.02835540289653363036,-0.03986521324866685451,-0.05208961555093233331,-0.06496531957247805855
0.06298440539582288167,0.06457602918070282083,0.06622356139287076393,0.06792250630246006449,0.06965868432191382742,0.07137771312785032296,0.07298675168795715207,0.07442668361559916235
0.10828650942754959596,0.11481289487838419738,0.12184812410195326737,0.12940731979520173067,0.13748173718177147951,0.14596357609628438090,0.15465058764301548022,0.16340971493789657742
0.07366043070537746373,0.07657399357445578147,0.07981313782854616845,0.08337184501878330822,0.08722812811793000110,0.09129140872923845185,0.09540936700510348201,0.09948002973297530305
-0.03234418764737596180,-0.03938364155499233382,-0.04678608462809748930,-0.05460559272597841074,-0.06288690919581453598,-0.07164172032696428105,-0.08084134887809235614,-0.09046946401438372976
-0.11991127496091572024,-0.13682402752042935323,-0.15484511262199313064,-0.17407165709530841857,-0.19456547382360075971,-0.21624964085714692974,-0.23890279787386561883,-0.26238077472990617434
-0.10618357664478612901,-0.12674938110550160175,-0.14875428535975360189,-0.17230821640170287945,-0.19747594526048592445,-0.22414247700439962618,-0.25200951552385819632,-0.28088013576098391777
-0.01063284776959569355,-0.02573473900674173517,-0.04192433592141710241,-0.05928206672467783989,-0.07785730314872470192,-0.09757563157017742905,-0.11823651296595882876,-0.13970551632743544168
0.07289340745434688684,0.07127487451793937390,0.06954001669035664301,0.06768288045250661633,0.06569427176476719255,0.06355159540978649879,0.06121994002814361985,0.05868118207284081511
0.09102077178383109757,0.10338986808831690523,0.11668276719371874217,0.13097791784856160913,0.14631519399287920558,0.16258013845419738708,0.17950327951203914889,0.19691538552016618624
0.05608389310751772661,0.07440771447150253126,0.09416130644398544580,0.11546146896451074670,0.13837047784304684628,0.16273210180091080002,0.18817120311350712947,0.21445014231448905617
0.00188943814104618017,0.01730167608877557911,0.03405257660646918844,0.05223467266534425474,0.07189139025882824996,0.09286689184986904322,0.11480982319342745990,0.13749449904694019398
-0.03818911118758873402,-0.03121879847775256567,-0.02341412721702278502,-0.01475090562434568965,-0.00523438595079626229,0.00500588388481741729,0.01572614031372467427,0.02676397684897727225
-0.05548694717626428963,-0.05838955222381515126,-0.06116878655069971776,-0.06387623637540046362,-0.06656754585723941020,-0.06932335458244311133,-0.07223521582768853422,-0.07537208933917911857
-0.06758902960666222925,-0.07562467141107016844,-0.08406098292812265449,-0.09297981273876072816,-0.10245014535233247510,-0.11249633346753265539,-0.12308696602702365319,-0.13421046822869525661
-0.08916959893758734379,-0.09512704860286733122,-0.10158720359122867805,-0.10859755283588046204,-0.11619146697167037630,-0.12434670512459027047,-0.13298394157168633156,-0.14205311493915934173
-0.10833058584950797099,-0.10924867763022394485,-0.11051611894725429930,-0.11212112099870316650,-0.11404495669224773424,-0.11623569772131296662,-0.11861695349880400918,-0.12113153389972393381
-0.08857448840933730694,-0.08820449165351777754,-0.08816187416072547578,-0.08840790674997242582,-0.08889887851507918826,-0.08956263597967048518,-0.09031198209419068201,-0.09107719628171595527
-0.01100197539084993292,-0.01625279913982041399,-0.02218881232590061772,-0.02880367798192522491,-0.03607508320213561465,-0.04390927765705687075,-0.05215222932511143217,-0.06069054276207840048
0.10402207398384952231,0.09115965191853304950,0.07714558266948712273,0.06192048696828372778,0.04545546648180513044,0.02784716040717949426,0.00931326962395826081,-0.00999641554433427539
0.20677377448447120667,0.19280837971216996385,0.17765365150938214334,0.16120963997176190885,0.14340712878990355406,0.12429903742116468757,0.10406240972918646970,0.08281295441246695754
0.25391697852272393510,0.25090175596749780818,0.24745360564650437096,0.24350980201530614266,0.23901215467346320631,0.23391783614234593069,0.22820284578417793231,0.22184697271400416474
0.25446414696122815480,0.27272633884244529279,0.29201413548808885512,0.31238535419126806092,0.33385262367290630126,0.35624660873079599943,0.37921479915520905912,0.40252417929424239018
0.23234461967993583209,0.27010222529355826238,0.31025019475771953292,0.35298310658375370297,0.39840417516459752933,0.44625384166937381858,0.49590106311055343058,0.54693832944320519562
0.19224673974158534850,0.23353481841842521627,0.27752426424117304649,0.32446844292982190971,0.37452010824420145507,0.42743582453684425548,0.48256228015030200318,0.53948575101520868103
0.14198532030289837125,0.16644748446861251656,0.19256547888314554107,0.22052507010769312190,0.25045031760477182159,0.28222521234991959638,0.31548176311698028496,0.34999553385678422446
0.08967135014987258346,0.08629214297295559333,0.08277948928163680886,0.07916390438554157805,0.07548006890812417047,0.07178302476088731232,0.06814417382062941397,0.06462132788108941595
0.05237667040829639686,0.02846367347133637801,0.00309747371236270214,-0.02382732705464499917,-0.05236255085931095649,-0.08234653766541354114,-0.11339930209511447923,-0.14527038190811736307
0.04253152140615312771,0.01881874561547441579,-0.00626418473871740312,-0.03285411850332886630,-0.06103462662712631770,-0.09068132989220469009,-0.12145096966660311189,-0.15312615365718762472
0.04303880398260684359,0.04027008827149564790,0.03766978180532713771,0.03518567812310986753,0.03276778011911642835,0.03036621507413793039,0.02794497435231547977,0.02546660623291172737
0.04261251102113240707,0.06990336687230412627,0.09953980126777189907,0.13162517143499469219,0.16619137349158585870,0.20297471763456270688,0.24142812943781261081,0.28117886585434342939
0.05700431844726143449,0.10684926854268868290,0.16062528839395159852,0.21858272903315073554,0.28084511304475640037,0.34702199428970131878,0.41621461590943165110,0.48782748269080672410
0.12518812756491304317,0.17949201812425530367,0.23791175331978464680,0.30076687685381781057,0.36823944681557113645,0.43996142383760228345,0.51501055722764910172,0.59278923549070405841
0.28209893887214537722,0.32282821934222361016,0.36645428713785127561,0.41326417599783138446,0.46344126263256019138,0.51676146601694572524,0.57257957803891001980,0.63049305887067474963
0.50030811799315955124,0.51803826739538960666,0.53674628957636860704,0.55661034342562498711,0.57776173570791933276,0.60015632692274478721,0.62355555756512726084,0.64783115173007321808
0.67319601537408535474,0.66917311139052715330,0.66440766207679469169,0.65894483245819979178,0.65283667679214074653,0.64617493344493226459,0.63907330040229837209,0.63163281148972905132
0.67926450879265487526,0.65946819954103630401,0.63785390152703747013,0.61434620224725133841,0.58891556626801810914,0.56172362740732517672,0.53311326606134623596,0.50332538050035569022
0.49815562970320115266,0.47146078113971351398,0.44272960884938056259,0.41181208513403916305,0.37862113911868305882,0.34332201884231450251,0.30633388497477653800,0.26793269108150391533
0.24053511105256550340,0.21976809123208149166,0.19774994318201816190,0.17434135604111519746,0.14945169940936545161,0.12317922418608943935,0.09582213818718386678,0.06756471958086203433
0.05118516249962527104,0.04765564688823446804,0.04437719142204067657,0.04130362223508440150,0.03839530183740293839,0.03562993565241180660,0.03301706975095949209,0.03054699421738874335
0.01799346153656544711,0.03291019350464657184,0.04943988119526911140,0.06764948630789091588,0.08756699854146712814,0.10905672045600206532,0.13183076251389261313,0.15568792117867505387
0.13851952688166477290,0.15696786676584270626,0.17706601968638055467,0.19891450825521955759,0.22256523330362704138,0.24787171761598744690,0.27449410966173420912,0.30220587352760758248
0.31320799226075296540,0.31401122690193966625,0.31486254086320103474,0.31576749275596416311,0.31672465867588417421,0.31770446128869977986,0.31864964990462074645,0.31952614815379992708
0.38122508857272346949,0.35764379106778160233,0.33211264165527892844,0.30449040502724727952,0.27468782907836014617,0.24282446262179649410,0.20922909028811945142,0.17412164873535240783
0.25168387755744087153,0.21660910132393884631,0.17873088741116668898,0.13783147561882769239,0.09377427948725704232,0.04674712549202269390,-0.00273480152436154011,-0.05433330132418695557
-0.00133869874856939216,-0.02560883402419494512,-0.05172753784155507267,-0.07985572821669011112,-0.11009741629615756031,-0.14233126759520245419,-0.17620541954949336949,-0.21149360512222545316
-0.22005537249107615105,-0.21624534208341697483,-0.21202134350554668885,-0.20737952287981514798,-0.20232575536076446987,-0.19690830595002081771,-0.19121293522677160204,-0.18530224360464200850
-0.28444471452936720413,-0.25155154578708494029,-0.21599321178054686765,-0.17758985664852053321,-0.13624154775695096475,-0.09217123911023025751,-0.04592253235892403834,0.00214366180665889533
-0.18501735409667088850,-0.13759839146876387539,-0.08644001444985739691,-0.03127419413302397200,0.02805102144382629059,0.09122072663498173584,0.15745326048741806191,0.22623433792138208931
-0.02105346927237975244,0.02066832519805367890,0.06567174323587743334,0.11418998787924734828,0.16635194614876022690,0.22186662787593974810,0.28002387647536586268,0.34035736185600257153
0.09447916656403786140,0.11829283285390648772,0.14404999103414878325,0.17187801581649392313,0.20184066317269555579,0.23374395772973102781,0.26713955364693103833,0.30173264673744121245
0.11305521329085213567,0.12145124659342301787,0.13065803827460659159,0.14071525443039242798,0.15163402573396550510,0.16330768705845322142,0.17551728339899907994,0.18811863423079330793
0.06795417169291909087,0.07225647696203324477,0.07705185641018347242,0.08235996146753606084,0.08818127885537460631,0.09443643693998779454,0.10097145901383355882,0.10768590302424299598
0.03404688109784934774,0.04462630003651526372,0.05609756161632807603,0.06851606378439609180,0.08190451461837286451,0.09615261380834710936,0.11102007738485239474,0.12635068607131180740
0.05950565181758143973,0.07617112228900579929,0.09409576079706769014,0.11336122971647800972,0.13400442467913595279,0.15588123469732489967,0.17866808252586319217,0.20215281762730505366
0.12850082918887345551,0.14127771615876011380,0.15500287689469130492,0.16972020507606583317,0.18543961770389244537,0.20203182173093950369,0.21923186391292259767,0.23686192562034980025
0.16297120190314881572,0.16386371128995830260,0.16490964159612303552,0.16607121460036067262,0.16730421911526574541,0.16853269419097413606,0.16965763970075672940,0.17060504272409590665
0.09303022677428922360,0.08304491043364722880,0.07257090558924031432,0.06150854057332563740,0.04977479162837582932,0.03734495138089691940,0.02426621359614056228,0.01055818917644292185
-0.06076233923863127301,-0.07314939399173947532,-0.08605095419900583853,-0.09956430407105150426,-0.11376762774025982183,-0.12867132336447603680,-0.14420297244836646766,-0.16032419083324347953
-0.18603378562923153505,-0.19274408079100571745,-0.19950343244513374374,-0.20635555606005637208,-0.21334040318581778961,-0.22048981670555681256,-0.22781504301333432849,-0.23532740201320054285
-0.15362292589720683011,-0.15195668111340634998,-0.14982714640881880652,-0.14721800881323252042,-0.14412849319694068240,-0.14062421037555550285,-0.13682961486294836773,-0.13282520103269268574
0.06313497807330770151,0.07121736433111831854,0.08003001254543702647,0.08962056037254141627,0.10000838604517835184,0.11109771662512667179,0.12268072951508496304,0.13462427447037353390
0.32617430395163332646,0.33493841581168332100,0.34430508773201240480,0.35430783783982217061,0.36495326308683556649,0.37613853771633271039,0.38765309312925400054,0.39935997889313396003
0.43596879470481697538,0.44083901054880525461,0.44598209504664371172,0.45139242472505874959,0.45704895187278499202,0.46286600702957975129,0.46869669325271445803,0.47444137755707177506
0.32995524987556978935,0.32987169715401626346,0.32979761660136280854,0.32969462649044334324,0.32952157484052813086,0.32922168622259573301,0.32872901074701565971,0.32799305207528106632
0.13654045538306142094,0.13261072399611500972,0.12855808881461752713,0.12433095859115446402,0.11988350940919123566,0.11518758718325006196,0.11024135750017839686,0.10503530043238167024
0.02801635231647953139,0.02343067306208470105,0.01876334203057702238,0.01396832302282558294,0.00900536859264900770,0.00385184385255248887,-0.00148790167682051415,-0.00701826329115629120
0.07899546996683877442,0.07344421234987025260,0.06773773118632474277,0.06182311753657290798,0.05565366265514894856,0.04920159721029481598,0.04246808095326033705,0.03544742719843383544
0.22410431229696489708,0.21182184567748546522,0.19883811539484111397,0.18505431579358952443,0.17039200253481934233,0.15484775314187149142,0.13850443794965525135,0.12141008979606836282
0.31926594412305614457,0.29691567296226695216,0.27309797538646674031,0.24765332072653645223,0.22046501336057489073,0.19158084786738130423,0.16122586684758580255,0.12954150525274182870
0.26736067317180239877,0.24076480003074471337,0.21242854986213102753,0.18217402535401003294,0.14987563272209739051,0.11561016748997449133,0.07967010615639448512,0.04224176014426372222
0.08236025107373144694,0.06504169206510379553,0.04673960576434871977,0.02734096969376842434,0.00676365303209600522,-0.01495705966803197000,-0.03765673942884039532,-0.06123183962616390863
-0.12808303899810041804,-0.12495136405505301302,-0.12124558486686676240,-0.11695495525022603367,-0.11208476507073278361,-0.10670989684651342733,-0.10096590264742957843,-0.09494547543589433591
-0.24212709505569462998,-0.21728410246723103838,-0.19028188283643157619,-0.16099175111038499519,-0.12935059255846106940,-0.09556292759231869993,-0.06009436367736380180,-0.02325529588582671628
-0.21075975114949108136,-0.17266181230397611990,-0.13150657989200281728,-0.08710602778964583737,-0.03936763601443891286,0.01141324343453250893,0.06455894595207629927,0.11961767104972881315
-0.07611209987348484252,-0.03841139174938801998,0.00221735439107311350,0.04594452141149628355,0.09284618110011665093,0.14261479581030284125,0.19456511006083074267,0.24823881557650098739
0.06978316054701200200,0.09650176935590362715,0.12525128252570874587,0.15613833241972160937,0.18920063214717736111,0.22419446273519530455,0.26060046227834582355,0.29807066196629045107
0.16202987101497029476,0.17454897595736443283,0.18800513277270194945,0.20243724637531279598,0.21784842982210866902,0.23409454437447807518,0.25088891181767114524,0.26803991775079161197
0.18411960821756845341,0.18714576982053571230,0.19042156742148413917,0.19394091782180705730,0.19768486855279082670,0.20157965561996582515,0.20550135511004488653,0.20936626985416001423
0.15088882546187359912,0.15562984944076130311,0.16078717165835992864,0.16635204362631991759,0.17230068812553511748,0.17854433787332438244,0.18493593662479279605,0.19137186412628667820
0.11558332002359331114,0.12978717029182132436,0.14510344845158992810,0.16154708995568325958,0.17909841243165253166,0.19759162343992886512,0.21672429574845036848,0.23628275680946617121
0.10306347952175333449,0.12397902043579114850,0.14640924453023723695,0.17038255110323879959,0.19587923727654915629,0.22267830025409929284,0.25036752507088205766,0.27865641311150274317
0.08353134799987688153,0.10208725833939952254,0.12182397940462848240,0.14275747728755530663,0.16486211975846098987,0.18793894881583647627,0.21162263353467170024,0.23565645238113866466
0.04815237724016413479,0.05586706204876640963,0.06380616526856687509,0.07195190958639052781,0.08026975516474667283,0.08865568823153338607,0.09693744461507280974,0.10499475456849559352
0.00744317779216508400,0.00298423039652178680,-0.00225263520819083806,-0.00831479732042835276,-0.01523920498458779596,-0.02301843933115392191,-0.03160562894346233970,-0.04096552098759415755
-0.02639653064925059911,-0.03659561717747811943,-0.04801282881669480945,-0.06070212519245989091,-0.07469474972834236337,-0.08992569730341459788,-0.10624187784230465503,-0.12353150417488847901
-0.04142075458802341181,-0.04906197552508513582,-0.05764031853444410297,-0.06720300227175561580,-0.07778142680952228327,-0.08934034645426260079,-0.10178321992302546972,-0.11503851128185903219
-0.05431735883693739053,-0.05335532398561827067,-0.05253198670157382261,-0.05188341426529886197,-0.05145093966363203236,-0.05129955223712207024,-0.05151535470117062088,-0.05215798597928378300
-0.06699524889147860651,-0.05620563428204677220,-0.04469456535086309412,-0.03248251243575632496,-0.01961915582598039443,-0.00627948055375683427,0.00724632373122429795,0.02075343671838813034
-0.04603611111754321583,-0.02992945526966681730,-0.01270681048607080581,0.00562976992548326356,0.02503613765668444638,0.04529002414646570579,0.06600236956082285167,0.08690112974055022588
0.01359918574790400063,0.02729915354910159367,0.04178152625453977059,0.05705941452650450940,0.07311023745836570109,0.08976385775850481696,0.10670677503540421105,0.12372591994406043070
0.07302360866544910234,0.07704242418565933337,0.08089255512143271598,0.08458728985118532662,0.08812892645959378990,0.09147975855144228896,0.09455431498584332406,0.09730535518894500857
0.08287095995769389045,0.07408856991440818107,0.06401105770002500639,0.05262803636945775215,0.03995003908519244307,0.02608262421376474072,0.01120902315397488344,-0.00452807241770824664
0.02379292840107168766,0.00602032134208357189,-0.01373759093126064069,-0.03552853455506799207,-0.05935821341844524368,-0.08505125832984000711,-0.11227005523100733186,-0.14076714910751084164
-0.08209122075843915123,-0.09877023870444555376,-0.11725069643027562216,-0.13759913110658719693,-0.15984497237266162561,-0.18386038863033341006,-0.20937310695588118303,-0.23618503365115997572
-0.20878114706769584918,-0.21435855036461617940,-0.22079119040029501764,-0.22812636042887585175,-0.23640372569494536026,-0.24563003702425892372,-0.25578369155636959675,-0.26684145255355690152
-0.33749334725147123182,-0.32950501240603990993,-0.32131980487500244603,-0.31294146783959353453,-0.30439989858806715262,-0.29583145400838428696,-0.28747881555655480090,-0.27949937396855184524
-0.44300614932309151373,-0.42776429854410213949,-0.41185706942312061418,-0.39524741465823259867,-0.37794032813300648677,-0.36010988278294425724,-0.34210139786170201681,-0.32413875410547071665
-0.49809475362945393462,-0.48556455097644946051,-0.47268703374390103056,-0.45941140795673990338,-0.44571960787044956342,-0.43172061277639567356,-0.41765943388072868103,-0.40368678438473504233
-0.47264462515052602098,-0.47035429914632420623,-0.46853631532351242006,-0.46716331160262414279,-0.46621462266462426749,-0.46568791825130978479,-0.46561372304982989734,-0.46599418663083014280
-0.35647769255791528220,-0.36640654296349661756,-0.37768185996049968844,-0.39032821458310379414,-0.40434902156364976866,-0.41965325774952938476,-0.43607043401037659525,-0.45346725395674980508
-0.20722286544174409184,-0.22331221836084175214,-0.24111762543792272795,-0.26071044408337379350,-0.28212944926350369546,-0.30527587355132757008,-0.32992370539087445547,-0.35590610052008120334
-0.12474056467693370176,-0.13393234856642069475,-0.14427793097500113406,-0.15584105078667043198,-0.16867149631002054111,-0.18276018225651805005,-0.19804412658680833892,-0.21447016595903012348
-0.17871173114472954646,-0.17059076217100382911,-0.16238261319362298774,-0.15408088255986002180,-0.14570538003422986439,-0.13738002426318390858,-0.12933650595750514900,-0.12172047453183230947
-0.36568167024363606998,-0.34269193425188188007,-0.31859215864499729198,-0.29330430144623598210,-0.26680807070044348928,-0.23931345777490747873,-0.21126632921014834587,-0.18295578018360617034
-0.59205374818126343950,-0.56946512993612585785,-0.54582107262597434616,-0.52104549280394263366,-0.49511494245922699209,-0.46821512913107915521,-0.44074775598399817955,-0.41297479599083247725
-0.73734010186763365713,-0.72998881219390654440,-0.72264141841197293559,-0.71530647580085970905,-0.70800680927485770688,-0.70082148990825565704,-0.69389036468555942427,-0.68730647408901734963
-0.73152309268312687429,-0.74146911680848359705,-0.75258502034364016531,-0.76498331805265329386,-0.77875003099453354860,-0.79386650265396774273,-0.81020892553812229320,-0.82770155548751644936
-0.58189824768539821775,-0.60030834246870057314,-0.62045360650989267448,-0.64250183819308714916,-0.66657591654606329623,-0.69262203513507025754,-0.72040575184132160658,-0.74978101584195855356
-0.41591578698434944483,-0.43003884632546945932,-0.44559256428232779657,-0.46272103670453468283,-0.48153512706704482138,-0.50201574686993144514,-0.52401025425882297171,-0.54742510138707189959
-0.39861529035550924416,-0.39877267050199022291,-0.39936164607307711449,-0.40043929411422518605,-0.40206311565851488021,-0.40429394887713493434,-0.40719560863587128674,-0.41081326979933585619
-0.55017784010072934286,-0.53565438225917427761,-0.52049412934073868708,-0.50465610615093503544,-0.48813435671127625159,-0.47106269964793562322,-0.45371853003640916224,-0.43628303747773328203
-0.72246315193654142561,-0.70160727784269294460,-0.67964181673454737709,-0.65647566465375062350,-0.63206769694770803536,-0.60657489264656194727,-0.58035884201041310071,-0.55365264514355461145
-0.73307778329566475328,-0.71884573789958516876,-0.70400086140517692535,-0.68848336535380494361,-0.67226853454372781371,-0.65546955575926657556,-0.63834420047282580679,-0.62105563234034621978
-0.54882262484358834698,-0.54906941823105903655,-0.54981352985000941924,-0.55108234815707646259,-0.55290533479891212920,-0.55531822935299890442,-0.55836791463454626960,-0.56207920825199264581
-0.32766474871490658405,-0.33840831598448956052,-0.35047973897188111625,-0.36397745236275785841,-0.37897790412901133372,-0.39546838148083673925,-0.41334992773183554249,-0.43255300611783342735
-0.23918867094255114036,-0.24934352005980256473,-0.26084022856044258853,-0.27377695312184840981,-0.28823086492980576345,-0.30419361410601813978,-0.32157504775541473352,-0.34031108207953786327
-0.31823105795151673814,-0.31932594617130538595,-0.32113469976971104058,-0.32369270873308886305,-0.32703465391989988698,-0.33118890685780005834,-0.33618495380518143012,-0.34203411231084618338
-0.48076769959360715623,-0.47314898651513359606,-0.46559926862141676196,-0.45808667056741120271,-0.45059850246616894864,-0.44319328198941931873,-0.43601187435195837283,-0.42913476977543812962
-0.60977777462416304921,-0.59985874971348818185,-0.58979775373420129103,-0.57953366321238275471,-0.56903033740481334668,-0.55834476351852035947,-0.54763998179551476309,-0.53700793492836318421
-0.62342032674250824620,-0.61704768453916702953,-0.61074828425741445326,-0.60447137942996809201,-0.59818390536333498897,-0.59191633402675336573,-0.58577553168865215127,-0.57981484543128147813
-0.52376184334132325215,-0.52047434367860834215,-0.51747950753135085744,-0.51474304648609225943,-0.51224201171932692844,-0.50999171331818837771,-0.50805804761202433273,-0.50646696628030618559
-0.40727730933310540840,-0.39992117688347494919,-0.39259349558833389615,-0.38524377483517030507,-0.37784238377609713488,-0.37043629617475060112,-0.36316158614967586349,-0.35609096602076550919
-0.37102469349231914642,-0.35626435224478103514,-0.34102563424979825957,-0.32522688208985411906,-0.30882352173817045893,-0.29191299658086700131,-0.27474751198498648108,-0.25747809794373460734
-0.42922813043778595965,-0.41230267368558526364,-0.39474143506693742944,-0.37645887882542911074,-0.35740997559077519741,-0.33770612416360318297,-0.31762725843928729663,-0.29734538653744180259
-0.51682801052967053401,-0.50502384027140156952,-0.49293461670148575049,-0.48050274032612155795,-0.46769795825262183708,-0.45459399251550414167,-0.44137988809446482286,-0.42816913702219977500
-0.53591154965079201844,-0.53208949121792525894,-0.52857145505383307249,-0.52533109328449845155,-0.52235101401223615891,-0.51964290065765494919,-0.51725992335115811294,-0.51522321239837753915
-0.44095546090378046067,-0.43854921541967406551,-0.43659964497284281526,-0.43507003278041489480,-0.43393151660484707843,-0.43317761573139146325,-0.43283970979313368677,-0.43291813334724427165
-0.27904374048070740288,-0.26711459191763037291,-0.25499192886031252225,-0.24257536157487677442,-0.22979821367593683545,-0.21671817051322422865,-0.20353567113479340001,-0.19035635817388724123
-0.16354472016192372896,-0.13703300116257935426,-0.10926018997030979840,-0.08004626008224373368,-0.04928238323657064407,-0.01713433859401465933,0.01593827041310542578,0.04966150139427923105
-0.19054221569437485018,-0.15455321205349054070,-0.11652653052265890543,-0.07624270961678536462,-0.03357723804127790701,0.01122238278568941407,0.05752019148567900225,0.10492272700023547172
-0.33712113963009543438,-0.30831729192311058130,-0.27784387034684449036,-0.24554177561940193630,-0.21132921627157241762,-0.17542979857576770919,-0.13838224771504797905,-0.10052479710929278223
-0.49494902394205758656,-0.49204693302076851769,-0.48922635408545911417,-0.48648697628499149026,-0.48384242406509364587,-0.48136143677809389851,-0.47917017541695949845,-0.47734445556787619136
-0.57068798297580181078,-0.59978210764923323151,-0.63127090480150804819,-0.66533046892789193816,-0.70207254837250665513,-0.74135105087689501246,-0.78276100253164326848,-0.82603223355309962628
-0.53224981961233619465,-0.58292972870478476644,-0.63771062988629079182,-0.69687315706090247058,-0.76058020119191460662,-0.82852011796268498767,-0.89990848578394122548,-0.97422178060694442081
-0.41267487333731861510,-0.46352166184905191360,-0.51869207242639558952,-0.57845085120994788053,-0.64294283346835701121,-0.71182533910713352565,-0.78427678566464575916,-0.85974197035650234966
-0.26515872101594523125,-0.29718122845575467572,-0.33229703894889411897,-0.37066047964927645308,-0.41234965029900982891,-0.45712735968894008254,-0.50445565264877600953,-0.55396103412454078541
-0.14204745083761557978,-0.14987974311218374424,-0.15900601191281008018,-0.16945574233748195159,-0.18123991963302596431,-0.19428631669345972077,-0.20845459618051923045,-0.22363414367648634662
-0.09328170990045185629,-0.08544439102603842984,-0.07753959981267616319,-0.06953058673836522152,-0.06140124146668200777,-0.05321347423186032627,-0.04511642290681536910,-0.03719720391143756244
-0.12037610245713102619,-0.11289459706672970440,-0.10508782132034998058,-0.09694204908175378665,-0.08846642870005727577,-0.07976281516946370775,-0.07102577410013435899,-0.06238130226689998781
-0.17588121552267146908,-0.17914401769920210161,-0.18269280812495830579,-0.18658392475565047097,-0.19087368272245366918,-0.19562296404862825061,-0.20089066292338772501,-0.20671861220679696447
-0.23578243480721783332,-0.24617058617204978788,-0.25739089754185917602,-0.26953657871270164659,-0.28268453166110790731,-0.29685067458487107706,-0.31198337665314596068,-0.32805061342596392171
-0.31843846352567467539,-0.32589775227159606397,-0.33414346621353191447,-0.34324134721270443960,-0.35324629696962417391,-0.36417086046698016188,-0.37598416003901685700,-0.38866241959704328490
-0.41325542792459007968,-0.41277809112477026332,-0.41268481171247356487,-0.41298638043594787517,-0.41369939988312476320,-0.41486125756682390442,-0.41653537544177904328,-0.41875463668296253328
-0.45821032204115758057,-0.45401538560565718461,-0.45001621709233857738,-0.44620042248277724806,-0.44256903885957454836,-0.43917294770243381352,-0.43612075225557422886,-0.43347322889532341472
-0.42103284098540261216,-0.42156920904727313015,-0.42261827967638537773,-0.42419937451734335276,-0.42633433608578086282,-0.42905213034348427259,-0.43239480055012047277,-0.43638125786696613240
-0.35181963337022720273,-0.36042816931980847794,-0.37002905420077059073,-0.38069504043318647124,-0.39248372832284333933,-0.40539151247592242200,-0.41935498077103500192,-0.43432752362775500776
-0.31702042716528988642,-0.33044994200030963771,-0.34508906399358973971,-0.36104293350958610587,-0.37839183002454440663,-0.39711836333274802557,-0.41710457632473152412,-0.43827135124892169227
-0.31508648345597312090,-0.32956349165069409590,-0.34524796478276137401,-0.36224709665562615513,-0.38064144620884926562,-0.40040741458513362527,-0.42141312385962098608,-0.44357075487675923231
-0.29880189607956936237,-0.31279760984500681875,-0.32799518225515134073,-0.34448746122588003171,-0.36234072078871570888,-0.38151563252220971334,-0.40186568845849324205,-0.42329080021894532893
-0.23204449221221232214,-0.24705250169178766262,-0.26346524616703492772,-0.28136976540299191152,-0.30082142598348438067,-0.32174661050431957454,-0.34394571959581321519,-0.36728008663281996871
-0.12681762258710654878,-0.14571474699743766634,-0.16645842615278699794,-0.18915513419808227535,-0.21386742408073466937,-0.24047752623346352330,-0.26869387086424878497,-0.29831547077521641809
-0.05111724249475099041,-0.07059875596605548476,-0.09205253112969530305,-0.11559843556622094451,-0.14130954514380539289,-0.16906711250568676186,-0.19856741837754882107,-0.22960293144352528216
-0.05133610618585631585,-0.06093212220202229995,-0.07173769989534029001,-0.08382964968148112761,-0.09726243907807519129,-0.11199829397479503512,-0.12791241057774183076,-0.14491735090438156996
-0.10326847342016740039,-0.09376233510549118744,-0.08394295439119590918,-0.07378306022299249700,-0.06328101975563747705,-0.05253671230306231066,-0.04175556591658974998,-0.03106789701013243019
-0.12905897700657961713,-0.10141017906486009259,-0.07200431267841138350,-0.04070532573932053588,-0.00744806808008536322,0.02754946944407753173,0.06378165916658011525,0.10092231871244507213
-0.05231178398537935509,-0.02223259546681957341,0.00977842715944045489,0.04388447912321212507,0.08017232300296149583,0.11842504863278793814,0.15811519308132496175,0.19890533784115507765
0.09985648122036930308,0.11227488392681835017,0.12519165326431896945,0.13868254619122843962,0.15279194418344904660,0.16744380276937254060,0.18243176078855039002,0.19763221872628686238
0.21846742486706363651,0.20788758144342792122,0.19597237332427000500,0.18266398379837173183,0.16793216544743738705,0.15186343486768233424,0.13465076472653844664,0.11643130336873216968
0.21743945605445219593,0.19916696274986980808,0.17900875620415487854,0.15683676622792222521,0.13257137395257495571,0.10633035814186438117,0.07842322503538237677,0.04905529968827475329
0.09324597540923787453,0.08834846377534134876,0.08277814911464488612,0.07644558727315314828,0.06927675046782720558,0.06125630930673839347,0.05243056906090410446,0.04282012929515211647
-0.06128565158215762421,-0.04762891149999087109,-0.03294745392452212707,-0.01724811903555024256,-0.00057130744128431547,0.01689892696476004083,0.03484634588450831461,0.05304512824015174960
-0.15508071347016763597,-0.13689843771005333339,-0.11710432875448019419,-0.09567239408280032997,-0.07262686922616461149,-0.04820496051701426282,-0.02284093307342587725,0.00316183308337081564
-0.17111409105382915929,-0.16585249455152972775,-0.15987239202164596485,-0.15319029713330675757,-0.14584608240011759372,-0.13798303839373485258,-0.12983317167140040471,-0.12155969940398010654
-0.14974840686472493112,-0.16215895108397637703,-0.17527044417928258624,-0.18916773252729104926,-0.20391737655686187347,-0.21951830503473163114,-0.23589200297968701547,-0.25298872310788306228
-0.15720703763465698755,-0.17554980147649024147,-0.19519189192900437968,-0.21624127902941428503,-0.23877156441446453772,-0.26272133270443165376,-0.28788870251188941607,-0.31413855541996349441
-0.21310075053299529224,-0.22141678388647512143,-0.23037077785512588557,-0.24002766019080895576,-0.25044001027110546209,-0.26161378348948022277,-0.27350380037593668980,-0.28607987853803928946
-0.27845591856157225763,-0.27105630234432032122,-0.26310084535351918600,-0.25458657668434281351,-0.24553530751994351311,-0.23607320368941178690,-0.22642428349045817804,-0.21674004394925283634
-0.30610967718595311071,-0.29165046978913772291,-0.27602909627177091290,-0.25921303591558714219,-0.24121227832288438808,-0.22221416450993189406,-0.20257430185356647967,-0.18253389726861629638
-0.28339227648785847435,-0.27642109211480853093,-0.26878986871306820294,-0.26050359558944591321,-0.25159288824060405121,-0.24219837632956495166,-0.23256036938716320717,-0.22284414753215442406
-0.23979140687285613320,-0.24599874379012640069,-0.25255391134495019934,-0.25952273458522440164,-0.26696527695684346693,-0.27492432825542889585,-0.28341634305137097805,-0.29245637819844200189
-0.19739430655877512888,-0.20941007145529191846,-0.22230529215215030781,-0.23616554726457150704,-0.25105602636062962496,-0.26696357085660488151,-0.28379104950969569199,-0.30147450099206035690
-0.17819605057982565444,-0.18166767988881832308,-0.18548564768625963595,-0.18968404310374675781,-0.19429598869457309629,-0.19935235190161723628,-0.20487956984607477717,-0.21089214805080924720
-0.21369058808494503787,-0.19671182247812915578,-0.17861955066674076176,-0.15934171071257063890,-0.13885281416279049438,-0.11731541163849391884,-0.09507991004544175118,-0.07237435319409281365
-0.29805719512481337885,-0.26252680128222122269,-0.22455026702013733408,-0.18396639436736120232,-0.14070280592110404050,-0.09504501095424752743,-0.04763698378867452926,0.00109739936903058668
-0.39193437422166399475,-0.35335267134219638940,-0.31218194659335263275,-0.26825475586375996384,-0.22149690863263016283,-0.17220971667795728632,-0.12107141177999360127,-0.06853064697556544849
-0.44710533443854727498,-0.42205246836739351846,-0.39553342570672561651,-0.36745537110358561517,-0.33778389567794436799,-0.30671902803468059640,-0.27469836280498050041,-0.24201164788917339799
-0.43734645950799133640,-0.43327631201925398408,-0.42936334493463435003,-0.42562447397946856498,-0.42208453877705004453,-0.41879918814519789816,-0.41585858906225747766,-0.41332205021571677417
-0.36784990253892718703,-0.37979437143778754793,-0.39302427520767635460,-0.40764537234171177582,-0.42373503382939270434,-0.44125699886477470768,-0.46006221508130284992,-0.48005334854233505659
-0.25294719240116952941,-0.26800815381895048972,-0.28442184521734836800,-0.30232348197548952751,-0.32181499525756979141,-0.34286849036311517480,-0.36532138478346320998,-0.38907228509206126521
-0.13403280106365389468,-0.13922362092855725124,-0.14484638092777762930,-0.15100362260567484762,-0.15778929192651822144,-0.16527088478234686075,-0.17347830976761141608,-0.18244478086696130914
-0.05380670655584295081,-0.03955387873418443612,-0.02416354075003685278,-0.00765530235879452892,0.00991477618398880350,0.02833287620041027161,0.04724278881568038518,0.06638819371702461836
-0.00380330793721992723,0.03291972259839159864,0.07245174190558149874,0.11488256632793700240,0.16021503218508822974,0.20809062503472924854,0.25780470392341481300,0.30886716575436917731
0.04745742687139963695,0.09935322882606707762,0.15506160311550287734,0.21476305146544236169,0.27851765312509019212,0.34589261371538948531,0.41597237668397202270,0.48813107475004913205
0.11588733984972758584,0.16774570774401273421,0.22322174488063523112,0.28252533600514723178,0.34574664764420243168,0.41249114289759480911,0.48188151056861594501,0.55332747911061586077
0.18276821389513139837,0.21899627626748738307,0.25751435211258544289,0.29848506071139607743,0.34198669179901569626,0.38776036954407544499,0.43520459573804282094,0.48392363085818645985
0.20607879215222635327,0.22019526328458796649,0.23491686363619929123,0.25030888500433651211,0.26640204802205302848,0.28309198593408307909,0.30013161664870424694,0.31736602040143191417
0.17540905374374202164,0.17561774121319437270,0.17553144865631317706,0.17513083337959439723,0.17439303585372886718,0.17328194631304494333,0.17174579072198900564,0.16975438439230314258
0.11922785028819381237,0.12189544199642148026,0.12470716625921736409,0.12762434666083793955,0.13059839517195007130,0.13353544747106979584,0.13630365941624747461,0.13880762568031951298
0.07031615823799136633,0.08694328452983603184,0.10500040659969187007,0.12449637300244535687,0.14539715777897385673,0.16748555585445387694,0.19037648673377610686,0.21379614219063911018
0.04869052820906267370,0.07774996220772367739,0.10928005721954138496,0.14335665860851226627,0.17998317504398231303,0.21885996540687632783,0.25940115950658643174,0.30119828429195821817
0.04504675963305193598,0.07398597595360355272,0.10532868063889644361,0.13917963208698269639,0.17557078571713791160,0.21423331213585644628,0.25460906918239012420,0.29631615275741557403
0.03484842466653564896,0.05037118113108336737,0.06711968571381307647,0.08516985657472839200,0.10455578472748594532,0.12514157934609793088,0.14662391865096721655,0.16880287013597886081
0.01445315923362041483,0.01257208891690757280,0.01042307201391517134,0.00802755694781456287,0.00540598546515327297,0.00257894504478319323,-0.00043880653962775229,-0.00362433100414041344
-0.00789524356593513353,-0.01946681494379468025,-0.03213220715271945804,-0.04590228293019786576,-0.06076624347147686900,-0.07661890919751476736,-0.09327103297344031818,-0.11057784412556664888
-0.02395941787985781182,-0.03239324193910476241,-0.04166814368716759143,-0.05177935128918845220,-0.06270895556692100692,-0.07437927459950625930,-0.08666259585964801448,-0.09945471557192479828
-0.02453639658834920814,-0.01987302871713981720,-0.01503796356983640170,-0.00996008370976181508,-0.00458827289467714488,0.00105436994209964015,0.00686176625502202264,0.01278364896449592052
-0.01208000476440520068,0.00873264514497811006,0.03088463394260238318,0.05453941390068531292,0.07979966297464222147,0.10653099876350606567,0.13435128757046815862,0.16303190100971479137
-0.00023000990505435079,0.03092960814216798651,0.06410574859509972356,0.09952902653513873155,0.13734269585841424322,0.17734835434667062248,0.21899155503070491524,0.26193600107873132865
-0.02698502694426547013,0.00335918784130031199,0.03559397570791469900,0.06995418166552946904,0.10658831423977672970,0.14530889487706108443,0.18557575541824808396,0.22706590194938722216
-0.12716075573174193125,-0.10647572393491934462,-0.08456169355738531179,-0.06124039002437840773,-0.03639638760570427373,-0.01015711841911523527,0.01709265981285830113,0.04512970605915678918
-0.26015026097905896707,-0.25141133058648562626,-0.24217526646110024147,-0.23234461643257267593,-0.22185420811584000145,-0.21076243977558881126,-0.19925999708068181659,-0.18745074799004771138
-0.34119721789562429404,-0.34146428640854070702,-0.34175394909043305125,-0.34203616019472149468,-0.34228828216053497346,-0.34251488029741522512,-0.34275087048116054111,-0.34300715772354251065
-0.30756943313048118460,-0.31423042386898702993,-0.32130417826553492322,-0.32881449238159354831,-0.33677402190646432700,-0.34515095568236775492,-0.35386790395290373956,-0.36287008165689099703
-0.15746984466395233526,-0.17018174199292576687,-0.18373473418412025748,-0.19820556159538926799,-0.21364373330796529449,-0.22999200754045312500,-0.24708182878753598422,-0.26480448888639435134
0.02968663162710155623,0.01259759410558330267,-0.00564793047229533371,-0.02517005163341646048,-0.04605181539350881176,-0.06823234705836855873,-0.09149881768909398638,-0.11571770486083042540
0.15865771959197033647,0.13983298004557598304,0.11977589321263923394,0.09834124259054971562,0.07542286814856441479,0.05106406855926584609,0.02546948035969121352,-0.00123616348933292940
0.15736293646416410486,0.13853617955532071537,0.11856849059577782846,0.09730801133913848100,0.07464012884123841229,0.05059054249579875151,0.02534022649553955078,-0.00100401694928203312
0.00401169690813075065,-0.01367522604819100540,-0.03233370789933172340,-0.05210713410355739816,-0.07310434277102594025,-0.09530537591019920540,-0.11854529263844366949,-0.14272914060636274214
-0.22055292662670350490,-0.23850671868603670611,-0.25742467293853199539,-0.27744557544580389363,-0.29867111848133182095,-0.32106348444090443417,-0.34442985890249006031,-0.36865732549807322949
-0.40035679269262003377,-0.42071963891326225049,-0.44227175347299829689,-0.46516150417707380349,-0.48949161814634950529,-0.51518991692086912870,-0.54199559956924225901,-0.56975095772897155211
-0.45354626159216465675,-0.47602629808887175766,-0.49994547425973162591,-0.52546728582498614113,-0.55270236881231116222,-0.58155667038390790324,-0.61171925417180916806,-0.64299959620773117219
-0.36451810485620633751,-0.38976746657239647043,-0.41674574552470711186,-0.44564261976757485462,-0.47658822112626864076,-0.50948141411791625366,-0.54397742481599897779,-0.57986426127129775399
-0.22214493840431123739,-0.24975023027434664624,-0.27927888301659226089,-0.31094818784511329968,-0.34491229595199979219,-0.38108120870329287300,-0.41910607538126654070,-0.45877395354967498431
-0.13892900686316839165,-0.16238825443460208620,-0.18741781029404028236,-0.21422351363618885589,-0.24296026797173669864,-0.27358961782515489602,-0.30586239062485953699,-0.33963325160172880279
-0.17027953129306366842,-0.18181979196990369352,-0.19398065430326685843,-0.20690361698973211424,-0.22070848871862797091,-0.23543977023667617132,-0.25104862358643714737,-0.26752237630061642681
-0.28732970307114236164,-0.28383855336294716576,-0.27982144048439283601,-0.27532503669826857706,-0.27040923836567992700,-0.26519742947738528249,-0.25986096913991324486,-0.25453013987063155543
-0.38372707448707310540,-0.36884690067861636287,-0.35262911303076810432,-0.33503698083237959393,-0.31607256073467854263,-0.29590103690123870095,-0.27484008809763887937,-0.25311151543174448264
-0.39572378150735654234,-0.37885246036877495701,-0.36056214356440435820,-0.34078666374107163817,-0.31950276872374017145,-0.29686408652568779809,-0.27319476852525387267,-0.24871559715957525238
-0.33427555219819538035,-0.32489875662855105531,-0.31470836335192586830,-0.30367114810808615299,-0.29177993693349929538,-0.27913555129498607288,-0.26594185862757380168,-0.25233716840801212467
-0.22420458785412411551,-0.22665554867040432763,-0.22916792712245656616,-0.23178146291716114624,-0.23453524016191529267,-0.23747040165598726214,-0.24062279128963781627,-0.24402142531023776617
-0.11807926807980934081,-0.12938252765184821147,-0.14133971476427509284,-0.15406097082850542246,-0.16763507193374807547,-0.18207299714937180690,-0.19729536843715855809,-0.21326167548295571486
-0.07137572907920146370,-0.08437339311803307429,-0.09807590141406190287,-0.11261855045829001487,-0.12811000482693596370,-0.14456246257379293252,-0.16187541000464245045,-0.18000040006741396814
-0.09703281578533740070,-0.10710579355386543043,-0.11764519541851586881,-0.12876184888048936017,-0.14054500355605820117,-0.15300685402668987023,-0.16606769570456889062,-0.17969242021031764378
-0.15507361904176880651,-0.16230438224578802586,-0.16983494671180315860,-0.17772955204468993129,-0.18603669323388127843,-0.19474728131345184212,-0.20378560944104223696,-0.21311175072873106418
-0.16384266402335123658,-0.17078600693263706889,-0.17807096392393534368,-0.18572551637003736902,-0.19376360961408123362,-0.20214411624616981933,-0.21076796657334628815,-0.21957004780370681374
-0.07907182722924543938,-0.08805684755351825266,-0.09752962950939808584,-0.10751456152322547144,-0.11801978033509287480,-0.12898817348276675476,-0.14029594494220204437,-0.15185693080487377982
0.05770836010299743718,0.04770502027506998838,0.03725503380616519700,0.02631303942552608646,0.01484946015360570984,0.00289488781365519450,-0.00945334754805819168,-0.02213074439114044722
0.15158123700140521684,0.14539478121145765765,0.13920873842492825778,0.13296475194683346488,0.12660978862938332412,0.12010346734255125667,0.11343276719850620138,0.10657932396796450381
0.12771827250633557838,0.12812534116217305646,0.12913386709233931615,0.13068883947517642707,0.13272570872735389713,0.13512830789088595140,0.13774991443303100103,0.14047402679058054731
0.00512983379746900954,0.00806171546232622820,0.01179423079361615993,0.01626730791342005655,0.02140721834046005814,0.02707009400807256633,0.03306547016513934623,0.03924245300829964228
-0.13280193506677928639,-0.13463222351658715725,-0.13610315315170495865,-0.13729985720703730134,-0.13830843245651652795,-0.13923305872256347415,-0.14017420252719581253,-0.14122234217744203399
-0.21287499035846216278,-0.22212824321972063357,-0.23171460247638872576,-0.24174476450937854022,-0.25231233026658689278,-0.26345336072419611728,-0.27512907190745305996,-0.28733226227572988831
-0.20069476641129693761,-0.20995781844240352099,-0.21967065108670527640,-0.22993420566815497841,-0.24083194334020280314,-0.25238579057382215520,-0.26454260220772446432,-0.27728125481346660441
-0.11932255621031702397,-0.11706783755224756116,-0.11445672451343733012,-0.11153301942448999584,-0.10834914432367406811,-0.10500044931606074272,-0.10161285220628368808,-0.09828392892852243212
-0.03723875178670020547,-0.02139106508179692417,-0.00417573545965263353,0.01442774765481082307,0.03440096938209816907,0.05556029076246487425,0.07756935356308992946,0.10018879568298129368
-0.03479863621991159672,-0.01670279773291066805,0.00294775382490453141,0.02418954085910425197,0.04701682479048433644,0.07124562869969131018,0.09652554873621581322,0.12260720698104259074
-0.15938124488709418114,-0.15785333688486383186,-0.15597372172160917092,-0.15377368651699582780,-0.15128611564164301528,-0.14855699895704477242,-0.14563547485020492123,-0.14256914867796649515
-0.36325915124904611941,-0.39261076670146932699,-0.42384933398839985674,-0.45714568071557665219,-0.49259902950515860320,-0.53002595703868504717,-0.56895141162935836121,-0.60907296606909644421
-0.53485959298771557080,-0.59094410711727984875,-0.65080633688717004492,-0.71474689965005977488,-0.78293296578000282082,-0.85500077683836828157,-0.93004498563882787021,-1.00747771891067428029
-0.60002434007184290987,-0.66046475549838312702,-0.72490249469368717161,-0.79366507273566799796,-0.86693859785024629527,-0.94434807654120234144,-1.02494352816230049896,-1.10810924576380864792
-0.56630998186870518118,-0.60542313196189356805,-0.64689597113864405475,-0.69095088156115791467,-0.73772164637589732195,-0.78699453844308853157,-0.83819286070377063691,-0.89094867623696272219
-0.50178466769546381521,-0.50747094718524154988,-0.51305894426700182631,-0.51859525290334851366,-0.52411873137620790253,-0.52964529412835770206,-0.53515406502045770321,-0.54064254289665958364
-0.45781477687369265261,-0.43999680926552431348,-0.42042490228241707895,-0.39901348607689107739,-0.37572606090665450207,-0.35072944221215196503,-0.32438372741106091812,-0.29693343223853141399
-0.42029242001845917853,-0.40085774396567880329,-0.37968735185888813355,-0.35667528984101659617,-0.33176909970775325665,-0.30513460030030503667,-0.27715024776019886454,-0.24806669399156902611
-0.35859885526001322731,-0.35367877994670054997,-0.34825837414190247143,-0.34230250654925226117,-0.33579525720580749582,-0.32879891432845925747,-0.32145155565298366707,-0.31384045045149661091
-0.27749251027884619392,-0.29004557112204121250,-0.30356004542871861673,-0.31809221180322055922,-0.33367577899980571665,-0.35025292428440130132,-0.36767444363012441455,-0.38583453940806916593
-0.20781060305806997590,-0.22900070924875617906,-0.25197463624362059775,-0.27682806594099412800,-0.30361234834459699394,-0.33219711604719881493,-0.36227469319638017087,-0.39363023945676683946
-0.17790831858137659549,-0.19511485174881251781,-0.21396684797476081541,-0.23452856011427206107,-0.25682694850749193671,-0.28073243693718813452,-0.30596852977683952624,-0.33233676314585725020
-0.19525387850735700934,-0.20337749912639929706,-0.21253670426268173044,-0.22274295421189557742,-0.23398904272848206065,-0.24618452537219481790,-0.25916825672402149516,-0.27281724216584046783
-0.22836239680307052202,-0.23233106347324608554,-0.23696247230855890797,-0.24225424906804096659,-0.24819310666091937145,-0.25471505939121391604,-0.26171610339900291953,-0.26911545249875834518
-0.22518071590741095545,-0.23234158380367053720,-0.24023042135492736482,-0.24888016949308233716,-0.25830536308747215068,-0.26844364707447104790,-0.27916025428809421172,-0.29036186522241669294
-0.16973011265661241964,-0.18148036411215234809,-0.19409783465645180645,-0.20765518320999612478,-0.22219804387331670847,-0.23766463633840392844,-0.25388343570480970124,-0.27074324263234983423
-0.09459663776932598911,-0.10589436108029802452,-0.11785362909441990387,-0.13055171499537684965,-0.14404278685924565284,-0.15829221689881173285,-0.17316938852325594600,-0.18859358258593431068
-0.03077758950304284799,-0.03809891717862327887,-0.04566705409275543387,-0.05354211434567403977,-0.06177199822509494426,-0.07036138703259461891,-0.07926158890621479158,-0.08844845706336640356
0.04377632749003542573,0.03821871697890765612,0.03258246298529871715,0.02681191639174033969,0.02086047160783201931,0.01471115662502339889,0.00838795330199585548,0.00189619008046931639
0.17267260062606007431,0.16532778985479956724,0.15771559942220780837,0.14976448253872798322,0.14141924171410416577,0.13268381369550866222,0.12363197476775648898,0.11429975798782873730
0.34808051131739620176,0.33806164383045023136,0.32745988619066801473,0.31618646678926382032,0.30417875076346012619,0.29147377756566622553,0.27821664820730063195,0.26449012831143214886
0.50612869530509263516,0.49705725281542550986,0.48736791271222124067,0.47697960157505170375,0.46583726686418602814,0.45398670916176286916,0.44158009501346712211,0.42870638576570857525
0.56890195795069697926,0.56721126257585685604,0.56542652872582055412,0.56350957410330182462,0.56143107061167041305,0.55919435193343203228,0.55683947616326945340,0.55438260949719264659
0.51155520888379280020,0.51831241268053351856,0.52565821353430908225,0.53360363132703136912,0.54214776675690568020,0.55123880437869454685,0.56077821471743205528,0.57069101284864143242
0.39023768075928794152,0.39868651571041452408,0.40792970758753471783,0.41799459561987123424,0.42889169693401019146,0.44056076106616504084,0.45287551992484426089,0.46574317379331436895
0.27665053456516625063,0.27912903664691757211,0.28202650054891353903,0.28534761969890315436,0.28909335888335863096,0.29324659373933509299,0.29777733855956861619,0.30265752410770419001
0.20826043849492112403,0.20158462306784930007,0.19471476191895059626,0.18761409750832974686,0.18026149126667151412,0.17269517588266652952,0.16501912216425812518,0.15729524212808451700
0.16915163256014900672,0.15757868524654430886,0.14553440123766070435,0.13295933804775031395,0.11981709016508100552,0.10615939119180796413,0.09213469466076210090,0.07783574598979847714
0.10477942152615150884,0.09757598051995794441,0.09030737777254520260,0.08294228512912574236,0.07545724217110720555,0.06785519351968992419,0.06017560835701847577,0.05244169479880721185
-0.00774905130646681879,-0.00543664694864307366,-0.00244899343813239148,0.00124483876280918047,0.00565759360939606208,0.01072438485772143034,0.01631191785615510731,0.02233353895641631073
-0.14866421761977449689,-0.13981782423043517816,-0.12984019475923133657,-0.11864954594482847450,-0.10619869189549394073,-0.09258199711818518307,-0.07802925417162104305,-0.06268593381254909669
-0.28167318082138570468,-0.27412792095835669670,-0.26562854652227835262,-0.25608265605526053799,-0.24542789446931309594,-0.23372229366394031702,-0.22114249536331936907,-0.20779416939326572633
-0.36820331404149353460,-0.36748232686655829538,-0.36640670426729321507,-0.36490556214994901429,-0.36291950414664964075,-0.36043220261620478873,-0.35747268389190178794,-0.35404545306506080005
-0.39667301930546289279,-0.39773717851158335579,-0.39864465400620613389,-0.39932882994930812837,-0.39972832797674240357,-0.39979826690836628433,-0.39951487004195196384,-0.39884650228670415206
-0.36954852344248284579,-0.35933201249909924035,-0.34815599765414362299,-0.33590380385859663903,-0.32248931224317073374,-0.30794503466673406322,-0.29242678574544400671,-0.27602371914658307972
-0.30232916185318348123,-0.27279008525022047094,-0.24086378381902520673,-0.20636042493474746062,-0.16916550790183282338,-0.12946583553947149658,-0.08775115945879090329,-0.04433796173186451556
-0.24139248304917745869,-0.19722092253328551981,-0.14956048981324088221,-0.09818637259254350824,-0.04298266741653342798,0.01572581931667902527,0.07717756333341450892,0.14086625261550875243
-0.21933214081081781055,-0.17397376650584364666,-0.12502574687999118419,-0.07229403585454159675,-0.01569441688541147947,0.04440896015740474628,0.10721286683685009311,0.17217373168780494841
-0.24258380921561881194,-0.20821663445838842210,-0.17105522450014912228,-0.13098496620790056610,-0.08797217413725773316,-0.04231779511694116341,0.00535541639685393773,0.05461598287731117551
-0.30667467427424038862,-0.28620670699468181430,-0.26390309639320763679,-0.23973445402358609102,-0.21371607600116143688,-0.18605421118930279278,-0.15713003611263801074,-0.12722187948333832375
-0.36229699866017339716,-0.34791281834894205449,-0.33202704767594748425,-0.31465506716947655441,-0.29583951344142223050,-0.27574642655902581456,-0.25464536010198507432,-0.23274820606640686527
-0.31790889159020147003,-0.29607462195483158496,-0.27212391867201507489,-0.24604623189403557193,-0.21787392653315404423,-0.18782757078182035770,-0.15629359890498087382,-0.12356660897825269552
-0.12451748240464330375,-0.08549427604784409773,-0.04319132524235796272,0.00249098010494025555,0.05156928757775733341,0.10371245322441001446,0.15826100664468989443,0.21474176391873986414
0.15079037450924528962,0.20371320378964338782,0.26065104182217768702,0.32179416895281492961,0.38721682274342278385,0.45651786997487681097,0.52883135047704377119,0.60355811167353556890
0.36935832116196065655,0.41912020536412625260,0.47231646743417327050,0.52914640003555202252,0.58970081113073491430,0.65363217795650752073,0.72015483292693782680,0.78873572638943512114
0.41487833834497322982,0.44292289746666957395,0.47258833685590578844,0.50397280651659714934,0.53711857153026754119,0.57184457321585890899,0.60774152549764814957,0.64453139417980243042
0.26715556544806606798,0.26823093204074782703,0.26897638809787549619,0.26934077694408176118,0.26928297248146676468,0.26880200610892307500,0.26793506331312316737,0.26669485785478580508
0.05636515973352764636,0.04048764767439418100,0.02324575165198432269,0.00448896046461999890,-0.01588165634435325518,-0.03776153523653263261,-0.06083829397479982581,-0.08492546414665591570
-0.04853956619317377486,-0.06472940070890390030,-0.08208598917671601491,-0.10075116534816559721,-0.12081531260383879256,-0.14216731369634402760,-0.16448729241728121675,-0.18758570850722941503
-0.00893300387711215560,-0.01060833193712962426,-0.01227579417328236548,-0.01396552514363362876,-0.01569373189562787638,-0.01742338931755861575,-0.01906036023013712305,-0.02055635830801459674
0.10000291611735122321,0.12003125380252870069,0.14164714734840197496,0.16497833405099221471,0.19011116730705299172,0.21696780409602600681,0.24530281123910527286,0.27495316287148047207
0.18313671023436209340,0.22186746621520070377,0.26351536320631213650,0.30833202132324855071,0.35648008385208324045,0.40776996929588421592,0.46165137644637926906,0.51776901547771225776
0.20855365953748719599,0.25604906936844196164,0.30711119687306120962,0.36203600596670509892,0.42100748317842856538,0.48376464154395082407,0.54959329922029309667,0.61803099988625198602
0.21528517943644873145,0.26098312524703293214,0.31016782408103288349,0.36311455776573053900,0.41998920427326813520,0.48052105148470386498,0.54399765836568347854,0.60995511965335780236
0.21170401587643436492,0.24867616868549596854,0.28860397221259254108,0.33171011650961745865,0.37812635886612439018,0.42761982198844333825,0.47959189278293035130,0.53365120409524613443
0.15861087127181433543,0.18638836361819752230,0.21664969357569069386,0.24956274714669837711,0.28522338645378614297,0.32343544363715087675,0.36371559064050840160,0.40574442622391371227
0.03536851037393385494,0.06102982564533036836,0.08928363668493086158,0.12027297644336611138,0.15407181959852533915,0.19046934642436652574,0.22898245958460214378,0.26928443999409001908
-0.11850086777667104276,-0.08591589607901300996,-0.05000915581145572164,-0.01062391762514369731,0.03231160893929090061,0.07851580397028054548,0.12737327383825608473,0.17845994079335311677
-0.21408698923810609571,-0.17211533832157865920,-0.12607094751023284473,-0.07576816796635477136,-0.02112531104093005180,0.03750699306272371053,0.09936848245829447979,0.16393168574866637255
-0.21393406052815677754,-0.16921729066395393981,-0.12035698203778805171,-0.06715368392455578483,-0.00951445029563136382,0.05221292822886378082,0.11725926710935916097,0.18509142476108073061
-0.16835289642267600718,-0.13281679881760966033,-0.09403433270143658762,-0.05183337982895364071,-0.00612434727484195435,0.04284280618935180918,0.09449063310286243134,0.14842048508780783522
-0.14436481629302744256,-0.12773809410506728468,-0.10943808010861692803,-0.08936292657276663498,-0.06744884989282844134,-0.04378808039206461694,-0.01862348389782370051,0.00787755702486223931
-0.17784957876145832123,-0.18073993930319459666,-0.18347261675192860775,-0.18602863321637325145,-0.18838246748097475791,-0.19048279454444339009,-0.19225014648969959707,-0.19363220993953031424
-0.23544217534967334937,-0.24977950838719431559,-0.26479011125811935390,-0.28052021845264768496,-0.29698336341562675544,-0.31406310960582722869,-0.33150892021510652841,-0.34915644847027227371
-0.24334787651056549729,-0.25829396209344984703,-0.27392161025782751915,-0.29030860858166163130,-0.30749808429822600431,-0.32539874674208285610,-0.34377593324045291334,-0.36248322613801531311
-0.16997676740852182831,-0.17568781762442844951,-0.18139352593986546314,-0.18715474128367007300,-0.19301858176237973730,-0.19898509506834466398,-0.20499420386506239655,-0.21102245442119665908
-0.03819604031077299122,-0.02713704469383080783,-0.01485663936938257101,-0.00134261013225969641,0.01339095960591552004,0.02921501956246087481,0.04589959395055243085,0.06327404961986596299
0.08617201117352805972,0.11497452339891453543,0.14629665486404763719,0.18024645703050892753,0.21686183256955929299,0.25588995885966159261,0.29680015007304855201,0.33922533649443253889
0.13041347384009341348,0.16897422043024604155,0.21079840269483449133,0.25604847150409371093,0.30479220740431417491,0.35670816857630621710,0.41109831254891754382,0.46748622660602884293
0.07802179447207031882,0.11643478651352820452,0.15813083075773232133,0.20326085237784830007,0.25188313240203835663,0.30367349954043026949,0.35793982524796952305,0.41420549565586434193
-0.01163327587932229228,0.02115740750167918044,0.05679716380931539715,0.09538691353827583042,0.13695362487916279415,0.18121535189164694746,0.22759766179857493507,0.27569406860355322175
-0.02964813486417776367,-0.00295757016820785050,0.02605039323996006378,0.05742974432664429973,0.09118137649360562313,0.12708092717181859732,0.16469493072571600445,0.20370432257351209215
0.08444749242504077935,0.10884750262845840907,0.13530484371713852321,0.16386062553319946655,0.19451183938413899033,0.22706757461112134222,0.26116297610587824174,0.29652378630764253398
0.27324468165094117911,0.29961989113346965130,0.32816251004965041327,0.35893324968092382710,0.39194287966391705424,0.42699224852339862091,0.46368429041437769778,0.50172703095348103464
0.43312154763494525866,0.46369552534507185726,0.49676608988778137022,0.53242837774166307252,0.57071327534832760886,0.61138507384288698354,0.65395261790308789607,0.69806692365608868922
0.49733773188304580826,0.53061545849409319509,0.56660638830295728674,0.60543174317752568303,0.64713756712001369031,0.69146012917419463761,0.73783635627714827532,0.78587492635415157061
0.45845887680032321176,0.48938713697698060789,0.52282640866914753541,0.55889683711244730890,0.59764656460203491317,0.63882799614090990392,0.68190658662080871899,0.72651446705996591824
0.35392379137088875174,0.38191229877142152116,0.41212803481165638519,0.44468790848691364115,0.47964401936247819114,0.51678363388523396171,0.55563499835447438535,0.59587570008191526050
0.22347188597594738746,0.25339986909529471637,0.28565235219226781105,0.32037058061603329584,0.35762780574438934877,0.39722175480308741236,0.43867712131195951697,0.48167243046527485895
0.10342545735099718807,0.13877849092904645523,0.17688269023433200733,0.21792574739783249216,0.26201490277311129118,0.30893347972908835608,0.35814089677527605193,0.40927583134765010975
0.02615526132414443261,0.06769774822106934542,0.11253913435014142874,0.16092129433894217239,0.21298914384944275802,0.26849855562643526463,0.32681496568202500486,0.38751909938052209181
-0.01494474951818554331,0.02960305512008314099,0.07778687149155878722,0.12988343991170142600,0.18606184939177250470,0.24605969913556197115,0.30918162966675066805,0.37497227790295362126
-0.04996383007840100171,-0.00849346863605906187,0.03648293325221144134,0.08523429262569680309,0.13792579106004360101,0.19430638657580948103,0.25370877408481029569,0.31569798231618501072
-0.09153041300205168318,-0.05535627837039252402,-0.01602924700283873613,0.02668820210243749019,0.07294117510169781382,0.12250308881626255364,0.17477738638181955499,0.22937492683795368542
-0.14159372729979172179,-0.10544205790195251837,-0.06619934716372918859,-0.02363422618502065628,0.02239392420424428723,0.07166084891894905495,0.12357856674597156310,0.17776253443538381216
-0.18330905489221122062,-0.13878460970750036707,-0.09072429492331977874,-0.03885150693880887185,0.01700349544018700879,0.07658325072714208814,0.13919959678984736295,0.20440357374879167263
-0.16233614328608808597,-0.10878610343041655861,-0.05128796971136691252,0.01049089211805838417,0.07675903282110890791,0.14723279215779533358,0.22112538448271665259,0.29792756426684297022
-0.05131714977844983178,0.00007258410871560418,0.05500542957997148902,0.11381270399531287496,0.17670955480840283558,0.24345479745012660322,0.31333335399247363995,0.38588905108003018762
0.09406044041899851160,0.13019867297911844051,0.16863210569628669933,0.20961827037907651561,0.25333501070531089239,0.29965242787715479222,0.34811272247183072670,0.39843327486655033542
0.19371991825399970111,0.21188432303840276649,0.23106842648915215666,0.25143658238692517815,0.27311424846862969451,0.29608233006748718719,0.32015907167450563531,0.34524426865262453079
0.20723293733202355349,0.21887706542053997349,0.23123581140070625928,0.24443363341758897467,0.25856917726339373464,0.27364625645224432970,0.28956075975851280901,0.30626014369041121288
0.14882681641632986014,0.17070223515705243433,0.19422778843921337244,0.21957107639595516146,0.24684851254482145788,0.27597651470169864973,0.30666316315431002559,0.33872647901452934693
0.08139826359513813170,0.12128536844009006612,0.16421137784002970417,0.21043205994074476450,0.26011020840190873793,0.31303955357554535954,0.36863744375860690861,0.42652682540417691248
0.06471889864876258225,0.11580969374817184914,0.17071424872975568543,0.22974415572751855086,0.29309322170108570438,0.36048698596849787501,0.43117394976827433384,0.50466502201688168139
0.09518874160620859060,0.14344132992872429821,0.19525701037165216212,0.25092342684485458015,0.31061788145225899260,0.37407883612153897124,0.44059768940340215959,0.50971206337010799281
0.11607830605933990020,0.15427075990968761032,0.19533068790015364891,0.23947605177612435456,0.28683767187007908062,0.33719826319769974354,0.38998823367939178253,0.44483253842086345475
0.09800804027400129848,0.13085846894134287033,0.16630389085577323982,0.20451478334177916607,0.24558593418387458795,0.28930643808170730669,0.33516121124498776673,0.38280496169170652454
0.06854790966797436047,0.10424798316306232993,0.14286234568331110384,0.18456562713566623812,0.22944913772940811469,0.27726542660321490397,0.32743351330155995305,0.37956041718581939870
0.04881152107799203999,0.09058550368485462911,0.13574162530328121035,0.18449147397145101990,0.23694893176300668713,0.29283173128161987808,0.35146600313081194367,0.41239818762923541318
0.02872745560140413726,0.07292471546823690864,0.12064952954670880858,0.17213754205250450524,0.22752122374043146080,0.28651658757894188367,0.34842524072176517258,0.41278052351987942759
-0.00280183694320874400,0.03777358441456472177,0.08159867812329633929,0.12889535877855146095,0.17979060722702708275,0.23402866150790985200,0.29097233586403248307,0.35019697946939681854
-0.04382010813995369097,-0.00901698527316168244,0.02863657953281182819,0.06933202630193356641,0.11317860801354845401,0.15995354365478398062,0.20910435768322727101,0.26026226492256071543
-0.07339627275473288581,-0.04230978446286239730,-0.00860669412336697269,0.02788565133476129596,0.06726534475421114267,0.10932852061605682903,0.15357279015263203270,0.19966245258240025717
-0.07562454316680969346,-0.04505124881717815361,-0.01186134098524169699,0.02411772784498623923,0.06298390720749251492,0.10453276528669823431,0.14826153798651306448,0.19383482735997978330
-0.07688914590825407513,-0.04485733764481298486,-0.01005803011808826565,0.02769034094778676652,0.06848991074682027336,0.11212061967164528575,0.15804507367169137733,0.20590525569803899697
-0.10454315422232365873,-0.07230352162296474483,-0.03723335953314429320,0.00085115623467835254,0.04205251914216580345,0.08614291666408788184,0.13257008275561205091,0.18096629840622241447
-0.13504203568401604296,-0.10771168356208982164,-0.07790270339434178515,-0.04544948055441493800,-0.01025698939751817224,0.02748325075809158330,0.06729852491155981220,0.10887562284923249512
-0.14497790132241361594,-0.12668285649035432305,-0.10663410726559342800,-0.08469572952885359718,-0.06078084075389838387,-0.03500006458314106755,-0.00765948404639897780,0.02104276725088432068
-0.15530694474937750682,-0.14175452364137192118,-0.12691261789861824072,-0.11064611594058265664,-0.09285634669651013362,-0.07358763015747026015,-0.05303099364156512591,-0.03130166052652887804
-0.19164334582465200607,-0.17331435760802046953,-0.15347029865825423389,-0.13193013978676873532,-0.10855851866251034488,-0.08339629949020355149,-0.05667044052005062310,-0.02851378238552363872
-0.23739384208489233696,-0.21049130509738742112,-0.18152374619323363714,-0.15026041528555117432,-0.11653485372352427596,-0.08043001539900619667,-0.04229117898416425575,-0.00232747437408298242
-0.24075224089879113110,-0.21124691997629790885,-0.17951181702578863919,-0.14531891661796222937,-0.10850990410654967611,-0.06919895468414563600,-0.02778403566508214073,0.01548739828372141386
-0.18630569464873963925,-0.16350771570532537935,-0.13897745158629085105,-0.11255196974080176886,-0.08412186950939207208,-0.05378847314113202605,-0.02187048902560942074,0.01143011286248865610
-0.10906076343372171633,-0.09685624339568203733,-0.08368674791526635459,-0.06947999206689242646,-0.05419167182696925378,-0.03788954598216325020,-0.02075419875103914902,-0.00290490047728200144
-0.03931528770509304382,-0.03480624016857362252,-0.02985716801712653967,-0.02446959100896385630,-0.01865410575765566459,-0.01246154922806029866,-0.00597773157321257031,0.00073179616709257063
0.01044930292198901697,0.01324458790655248276,0.01642505376296181374,0.01995716293238306363,0.02380277281010635335,0.02789816837896055141,0.03216412694421104390,0.03653250376707626451
0.06470236033338645776,0.06929249613849040867,0.07446260057282233502,0.08018529493841078382,0.08642424594142920913,0.09309903376616644743,0.10009683066511966543,0.10732531320999456892
0.15502262339395816992,0.16009067675811958220,0.16576867400393868746,0.17205366983911005163,0.17893218396049609398,0.18634274155131788642,0.19418426643195216275,0.20237748234668337388
0.25995476969222380825,0.26601184621019635657,0.27267140613866464038,0.27997339450296937491,0.28794458714759674223,0.29655820847065594847,0.30573519906030516280,0.31542114306478191699
0.34130142771910565447,0.35265463228748683555,0.36489850229563142170,0.37813418182229013853,0.39243747525942990206,0.40778663287612337829,0.42405635580822387265,0.44117115156638325724
0.35509987360815986612,0.37447538024045295968,0.39528386673438969945,0.41768310947317827120,0.44178761964820750796,0.46754464996761330164,0.49472448179141853553,0.52318636449174937830
0.28003450094176124407,0.30708222508715665722,0.33617929945666674696,0.36751624951152772613,0.40122347811533587425,0.43719520044917148383,0.47508117726670090475,0.51465755744614349876
0.17813717894905617412,0.20990703026017487609,0.24419188182160966871,0.28118799100684943593,0.32102093227049310897,0.36353437139813138401,0.40828652294300543657,0.45498596903652566148
0.12626307066363551268,0.16028990929897868334,0.19709761267810627094,0.23688046881916416386,0.27975597919515060585,0.32553256360475901765,0.37371000361136602619,0.42395357812307360446
0.16654646107150547496,0.20293472148990485127,0.24229577915923880549,0.28483462010612020654,0.33067182137056416735,0.37958774561931879488,0.43102382994317472997,0.48460735888099781832
0.28678339953073633817,0.32530374264288480779,0.36689286117334851678,0.41177306618268516569,0.46007444013055731613,0.51155660811906333851,0.56560833427107648497,0.62182655623037086379
0.38099633084179435061,0.42216592768717153827,0.46652675464421150542,0.51432107408616922761,0.56569011682635572669,0.62037059920567694249,0.67769234426620106326,0.73721788827899781271
0.34942525104158356219,0.39639357692485149842,0.44697416687915048072,0.50143638832248849102,0.55993369371380086186,0.62215489849496385943,0.68732207813958545728,0.75492679121522554553
0.18980058129282215140,0.24438745568885603121,0.30323001240987490501,0.36662196994071882816,0.43472374795614138199,0.50715878469408970375,0.58301480524212523360,0.66168907156304224149
-0.01719825617053502217,0.04103478268686266972,0.10390141079393525048,0.17169660631757233116,0.24457551748807984660,0.32212708631740533116,0.40337949029900488362,0.48768306108317704961
-0.14758650931982417176,-0.09492420969261934627,-0.03798599359749427196,0.02348566124619501719,0.08962418526017047748,0.16005868117769894710,0.23392142713060284920,0.31062687962614171644
-0.14894862762391072875,-0.10815120371221771667,-0.06398425397872875564,-0.01624823165200947953,0.03516224801939654698,0.08996935294008327755,0.14751856983314015626,0.20736552100843896884
-0.08734547313600507512,-0.05457414083665121374,-0.01910469079832207220,0.01922845345895498465,0.06051641130598354318,0.10454803546115758184,0.15081398778855220622,0.19896876626996204407
-0.05123118314999317024,-0.01666101925414297663,0.02067907545615990314,0.06096064173473916825,0.10427651196628016927,0.15040052184122709722,0.19879082158564034821,0.24908097508107671092
-0.07294389741157669693,-0.02999986713642931874,0.01631138025822477522,0.06618660939928186493,0.11972421445937724005,0.17662289600711292281,0.23618687574865243617,0.29794429468770278202
-0.10856226050256198579,-0.05952186265738709098,-0.00668407045473781367,0.05015781527644395943,0.11109863983435970536,0.17577732283253549861,0.24338446325281498650,0.31336812302163058463
-0.10185692815077856954,-0.05758068587329884941,-0.00991084879058572524,0.04132101265867773460,0.09618442249195890970,0.15434419718123526533,0.21506893927694772928,0.27785530086712789677
-0.05554743823588900037,-0.02814197528176012875,0.00133122617775764522,0.03295197612615014676,0.06674283331480067305,0.10248984176847851513,0.13975002317011628317,0.17821100607976939068
0.01301380892242346744,0.01983441316456585959,0.02714250778434662906,0.03491456601898443313,0.04311948590334432202,0.05169030249925760101,0.06053068278145389003,0.06955877737746800349
0.08868615980603627991,0.08266487435879110723,0.07621085471082977847,0.06922668362594568137,0.06163761122820503313,0.05345341676493714500,0.04477707321300992971,0.03565630575261802271
0.13062044188290394819,0.12551605050905831340,0.12019249434088970230,0.11453265785207897287,0.10843881587170012271,0.10188027715303343834,0.09490863936994078931,0.08752980103976762405
0.12392713721464489185,0.12998703281355925010,0.13686776306806816561,0.14447828445323607216,0.15271870664495171277,0.16143675350526501266,0.17045176029866646039,0.17960557715283670399
0.10856277169480664513,0.12460134949170798002,0.14236179275291011015,0.16178628306699024963,0.18278252009475010054,0.20509881206517274754,0.22835395163666152851,0.25225089930807281791
0.14720756752375069309,0.16191909806281215567,0.17826093286581906616,0.19617885689495734303,0.21558586024504836076,0.23624322750016552019,0.25778932262867315650,0.27994315928964025320
0.27136674937654642337,0.27446884480889566227,0.27819013248548568606,0.28245185716096526951,0.28716969976185952040,0.29222257592705991325,0.29747370727819527625,0.30280209465060581309
0.43228335149380958669,0.42420518516419702948,0.41571249590720105171,0.40670517131430194979,0.39710498538798472135,0.38691362003183171758,0.37622457645523366132,0.36508101681392046700
0.54112803664151287730,0.53213273787587356267,0.52254837694594002961,0.51228006410866122611,0.50125829682042688518,0.48950997494376641272,0.47716655540555197312,0.46429994682635800096
0.51832442819536717060,0.51884571029606885162,0.51956793139384627178,0.52042130736673786195,0.52133948457950884947,0.52226077688163163870,0.52314108621764920937,0.52392867932417552801
0.33312302675181143519,0.34491710080918969172,0.35798625416846480141,0.37227687507520373922,0.38771147411727369114,0.40410016313273938726,0.42116415179113547707,0.43868242059160800217
0.06940432060795416469,0.08475096579878037273,0.10187153927587530577,0.12069991624567726063,0.14113636354339506584,0.16292348201952039366,0.18567895711121154556,0.20910224606861668728
-0.11722871796591360916,-0.10894134425892940121,-0.09937091715493719113,-0.08861363769180645444,-0.07678332885864271040,-0.06408702199099261532,-0.05079214516868028884,-0.03712205299206360054
-0.11239020790669621008,-0.11607939002878978063,-0.11961215609836327312,-0.12310357679956206167,-0.12665720210015721237,-0.13034528172959577996,-0.13418667330457681452,-0.13822615090616299782
0.06925570396328180334,0.05700354923251903239,0.04391750862487143331,0.02988882131088334282,0.01484231537320919274,-0.00116753769005936399,-0.01794893242135503150,-0.03538961124874747538
0.26910262849802840668,0.25606504567945609363,0.24190728631389843417,0.22654087815312970444,0.20991418648986856499,0.19212365866073277676,0.17341326161873485412,0.15393915054963602795
0.32162635619994478509,0.31479305838122761951,0.30734020920831656154,0.29919344733544611659,0.29030031093025754352,0.28069402187201386578,0.27049619093306315198,0.25977733672641545315
0.19633128897460036533,0.19727310367335276764,0.19841213622673981032,0.19966734437754785070,0.20095934854279812187,0.20220520670942268571,0.20333276966599048152,0.20427000781894710801
0.01231472582014669047,0.01632303675158625761,0.02097316838074284387,0.02615599594635311873,0.03175486741052544609,0.03760523740714061258,0.04351997577490305386,0.04933782843185262335
-0.05794936973503152927,-0.05774767944634922462,-0.05717033426427738096,-0.05636540729462928556,-0.05547989690800712165,-0.05467647956089995154,-0.05410483518864121766,-0.05390580189895331775
0.05318313427456958231,0.04525405249818646031,0.03690809433260668071,0.02795929950220949617,0.01824400710216995264,0.00767089311445825171,-0.00375473325165061886,-0.01606746851898347220
0.26256702631275302684,0.24644987586493252718,0.22904384172674410736,0.21013409809337144085,0.18955137324327092641,0.16729695844457415088,0.14355943634634962813,0.11843162724935199503
0.42033816985612848516,0.39878111606603078299,0.37533684873477957122,0.34977440377758023393,0.32192522459002903545,0.29186290196923281304,0.25991379213195830999,0.22626614173089357185
0.41157264929824360911,0.38896835373122845558,0.36434420126255995243,0.33747282960502283933,0.30819408796197073075,0.27661108142921220221,0.24309799285024377702,0.20787639875477015305
0.25621041164661245704,0.23667964223206583441,0.21544015505818173151,0.19228334867114113549,0.16706027844953763584,0.13985422420005785837,0.11098965460552051576,0.08065429886065116072
0.08134162205191750039,0.06602278952811266310,0.04947628096318031077,0.03150488959896369234,0.01195859706137967875,-0.00913376871188482584,-0.03155043712408297368,-0.05517592804431638992
-0.01359797062616305285,-0.02524120461282860703,-0.03769163728888573484,-0.05114404416703221407,-0.06575753333579326121,-0.08156239693674677271,-0.09844029502073621540,-0.11634920529871507766
0.00047292755272543372,-0.00838899176491802144,-0.01782593750751396838,-0.02802239438540231678,-0.03913494466150101159,-0.05122340880515616895,-0.06422979269690466675,-0.07815269750530773329
0.08977144752692449436,0.08257341826740507984,0.07482439093404237573,0.06636360498330746982,0.05705534509324158843,0.04685203519150828860,0.03581087786613882523,0.02393754193818467199
0.17687829444872740781,0.17224226428323075044,0.16711463288914363279,0.16137419998109844843,0.15492095341392156382,0.14773205114033613472,0.13987154941362495153,0.13135687779008317633
0.20738951520554868568,0.20854328695627033508,0.20957431394753786580,0.21041679853083022911,0.21101378572726217642,0.21133944706830415372,0.21140343361068961170,0.21119326881869976420
0.18424367953716250246,0.19459610323548406918,0.20555542187374012397,0.21711812776299219130,0.22926719421971974988,0.24192785689327808707,0.25497052276266390924,0.26829324091809242381
0.15324130082897036154,0.17186185250573271510,0.19183072895871569608,0.21318759233487799554,0.23593667375575547163,0.25993478269871533870,0.28489680868836053662,0.31061677602499260242
0.14966920300044295189,0.16815563315004158906,0.18814659298990729641,0.20966769516971789367,0.23270656068284878426,0.25708952444958854677,0.28249286862655942354,0.30868039478223002758
0.15119318893806904525,0.15941723506921956499,0.16856121950549024513,0.17857337943688253445,0.18938656732227807100,0.20085846782376343134,0.21279048061998159791,0.22502106104188626667
0.11621830364546760495,0.10966278664812413590,0.10307631889119153734,0.09630553940369204757,0.08921732421454428574,0.08174229291110005069,0.07390057097333165015,0.06566617731575435934
0.04147642953471860489,0.02346530169308626290,0.00463749000025007966,-0.01523350534470488578,-0.03632407499979920656,-0.05862874354256098625,-0.08193127035696745608,-0.10613413568831320255
-0.02976070435192338520,-0.05010551150375681245,-0.07145636551124180669,-0.09405288983423390481,-0.11807584636747579798,-0.14348857826410377214,-0.17000880305678137128,-0.19749726714598661581
-0.05344088817777715994,-0.06704451063485739049,-0.08121345092023235512,-0.09614384135483694527,-0.11198738456623147375,-0.12873463301467907849,-0.14618970798649721932,-0.16426829578187537861
-0.04064222890783948661,-0.04263542248360194242,-0.04441415623412735270,-0.04609304017523709746,-0.04777112935550729966,-0.04949928354039894590,-0.05125974438718584880,-0.05307861262248702444
-0.04503544710964552805,-0.03662438831718146937,-0.02731131201681078619,-0.01712068552849766237,-0.00609001203510621883,0.00568098231210853802,0.01804419146973105723,0.03087620861641533765
-0.10817016634544121545,-0.09673053286361199543,-0.08422443653683772680,-0.07061867977669784857,-0.05590505232940852498,-0.04018084314200149471,-0.02364155462147245895,-0.00642827019905972599
-0.21708469667905802569,-0.21233613317524058228,-0.20704102864270010342,-0.20117216054471317999,-0.19471485447922712297,-0.18770690944003290412,-0.18023513293583387496,-0.17235967527227341600
-0.30399494192940168524,-0.31265834815468690477,-0.32176379605653382399,-0.33135425487868791494,-0.34145420100813511644,-0.35201605671368380035,-0.36291591236931564080,-0.37407440487808552021
-0.29283552233358906003,-0.31345487623389439724,-0.33540197106374453062,-0.35880928188984834160,-0.38376059667642314910,-0.41014911254196678714,-0.43766902360851639431,-0.46612803140502795385
-0.16552372673404666670,-0.18799845616092533684,-0.21198629715406100416,-0.23766244038670700234,-0.26514579655287190407,-0.29433689185336803229,-0.32490604091017055710,-0.35665353025558482747
0.01395090582707050539,0.00166394820154601572,-0.01148797848975856815,-0.02563996327005497317,-0.04089216703203311237,-0.05721205626289178198,-0.07442365598243587399,-0.09243118523299154177
0.16714931555556888920,0.17032393048662397561,0.17363951499756252739,0.17706103441746029459,0.18055303872843520008,0.18407459441883028406,0.18758360133587312357,0.19103827128601771901
0.24726211641311079958,0.26151707853745193022,0.27661344922339331509,0.29261389633029011303,0.30955455378862484217,0.32736681224231189979,0.34587295077229057716,0.36495297928412534505
0.25584217733572200970,0.27329886121968721691,0.29177855261216434357,0.31139355876933916267,0.33222221601150059289,0.35421240407236953551,0.37717109356833994349,0.40097662559236341151
0.26691640682933792661,0.28256941625563170017,0.29911886184922686915,0.31667048538072606334,0.33530107765573258227,0.35497742052860442596,0.37554548727560582710,0.39690939857658635859
0.34059986019719890038,0.35514891209326571175,0.37054070606856037706,0.38684727516173406103,0.40411539579949973255,0.42229346784092386402,0.44122521817282311929,0.46080576615248936001
0.45765404378407331665,0.47600542200131296111,0.49549483423292284279,0.51617815790548249311,0.53807759439819935476,0.56107920576124536982,0.58493191734625804568,0.60945952739517761376
0.55670191493658049975,0.57882031386005894369,0.60237015129603188601,0.62740775529399162025,0.65394606123350218496,0.68182055182184142517,0.71069136020401291187,0.74031953497896219041
0.55204495337107506447,0.56974031892022836132,0.58860887105935266739,0.60868785710292705460,0.62997973227542625185,0.65234350921310590987,0.67549815011528824282,0.69924415867361389143
0.40501487846958195149,0.41113644680408345522,0.41771701140238365335,0.42474711882184135181,0.43220833927224089344,0.44004215697722121048,0.44815489906209488025,0.45647184979700089480
0.19452635948775043317,0.19011222631168681052,0.18554546305621666402,0.18076666312327974162,0.17573188460074365413,0.17045379893478809774,0.16500968845705640820,0.15943561189953267543
0.03873257523678882291,0.03239515938849492349,0.02589811240535460149,0.01915909535160796595,0.01211602440349198416,0.00477974835929047184,-0.00275338877393250300,-0.01044065720342818825
-0.01462006546366672287,-0.01170909574639216778,-0.00819044365249370181,-0.00412434697758162425,0.00042749972269578410,0.00538543115832706629,0.01066940168094747399,0.01619789332997892406
0.00261015706494807436,0.02044256694444952088,0.04002950016241782483,0.06136571179879847515,0.08440888132991340720,0.10895276868752711008,0.13464840612889181215,0.16123079479677307480
0.02464864150550027944,0.05247540445057528868,0.08281800249651999346,0.11571871366772663869,0.15115862334958601876,0.18885732041176783724,0.22829483796900557069,0.26909200140454953010
0.00281424699604174936,0.02944357453952785655,0.05851225664955039818,0.09007136472560804685,0.12411360668994367296,0.16038305828709834011,0.19839516900349538076,0.23779725576175161916
-0.05843111833555693357,-0.04169059723234026099,-0.02322816552124724529,-0.00302102073740413571,0.01891906956274531232,0.04242962840549744513,0.06721466709115611615,0.09305072024851443468
-0.13085881758303230527,-0.12374698079035348353,-0.11559477825067381029,-0.10641246484324436150,-0.09622220030718835193,-0.08510436831049456030,-0.07318187161733026580,-0.06056058388857386149
-0.18864888375677330012,-0.18093640506353517172,-0.17209453538386804139,-0.16212444058359268273,-0.15104209159684037211,-0.13893334223843362141,-0.12593798523777705034,-0.11217174378910270416
-0.20280625385291706220,-0.18302672539585182476,-0.16118485918788205691,-0.13721974950893803258,-0.11111654522541333789,-0.08305656912140683967,-0.05340048161179902081,-0.02240927076233367732
-0.16594977550249020992,-0.13374295415743597815,-0.09854327939967030825,-0.06022670507318193117,-0.01874731406495394603,0.02561527390774806165,0.07227316693967633654,0.12081633305982711346
-0.09843419631574798490,-0.06800199556610671270,-0.03475055828138707420,0.00143585913033076359,0.04059801802766847129,0.08246424453443242097,0.12646701100763485526,0.17221152429724551070
-0.04993511999371905846,-0.03940571415505340902,-0.02763930871034659537,-0.01461964227502300304,-0.00035648061214237504,0.01502641365287972659,0.03130561345281462210,0.04831579548631440707
-0.07346359945509038647,-0.08834624858662226687,-0.10404622373881677877,-0.12067262782692496359,-0.13829564083337822500,-0.15683546940324299968,-0.17605224841069064268,-0.19580293822885419530
-0.15888051125764912630,-0.18787973599122670398,-0.21893590004599158827,-0.25222514548014579594,-0.28784563723243794531,-0.32558533178948961817,-0.36491707541884621513,-0.40550594829998487523
-0.25110580078338068377,-0.27591799781180237350,-0.30262551068687654210,-0.33137904523323119532,-0.36225756081312548984,-0.39505243623966812549,-0.42926683529899051228,-0.46458421249565323707
-0.29460161223620418003,-0.30196019207322843947,-0.30997452972074646116,-0.31870233623125943101,-0.32817053410454544160,-0.33828208741414805827,-0.34881747900881210356,-0.35964204496818652501
-0.25901423852565441663,-0.24799303965346233825,-0.23620928942742461243,-0.22362437386157779651,-0.21021493521415277050,-0.19601935405431408777,-0.18113848469670526531,-0.16564885759014197353
-0.16708030152031880244,-0.14503419737409670165,-0.12129623612487387685,-0.09576822768008437514,-0.06839689832308545880,-0.03931116112282952157,-0.00882077085387171674,0.02286001208171211524
-0.06527064441274173234,-0.03954524113173019106,-0.01177270751108135290,0.01817124697509250875,0.05035463646662899362,0.08461724567888584403,0.12057290084452154666,0.15795829156827256856
0.00877089515843672632,0.03180517319656712277,0.05671723468363518844,0.08362298037272999918,0.11258711882369006052,0.14346668421986072395,0.17591341044620134593,0.20969046436433372294
0.04135817318551617688,0.05655620264807336567,0.07304227187481314443,0.09089108125041331365,0.11014441931188165280,0.13070983835770674797,0.15236327482665967814,0.17495025753079432307
0.04532803545929083022,0.05204473126361199714,0.05936255219964248903,0.06731112984739678895,0.07590802305655128257,0.08512087513624611024,0.09486923015852126440,0.10509409239810209302
0.03963147819583946047,0.04160072295152263122,0.04369866349832679520,0.04593807996995151466,0.04833260725533609220,0.05090024910743087133,0.05366156955764649072,0.05662760073250358572
0.04509604931887598728,0.04634371577307997564,0.04751674129346523251,0.04864437120491077460,0.04976011336201652951,0.05091956469319745826,0.05219242774206474256,0.05362884439153523669
0.06261284532961015892,0.06430522783699024747,0.06586503322016071249,0.06734777139725058037,0.06881257691140631183,0.07034177949221419313,0.07202752995116501467,0.07394181948828217055
0.07626747131596137153,0.07774241831647524248,0.07911069740073280177,0.08044037882031213060,0.08180233707029156698,0.08328825832864882039,0.08499631417487953089,0.08700546563619369900
0.09167676781480341153,0.09349913530634407222,0.09539883442184050877,0.09744155822833069913,0.09969294614955107048,0.10222556551449754614,0.10510863165770602257,0.10839893482871275354
0.13232985471127217680,0.13669531511372970400,0.14149332856926405411,0.14678654284907219352,0.15263049967453515277,0.15905560316899494677,0.16606256581561495977,0.17365636234078643541
0.22699439986391395374,0.23484784746560916080,0.24344959430895482533,0.25286993968544346778,0.26316443071094242079,0.27433102729127178954,0.28630795804895758927,0.29905495150147365369
0.34875050010740082929,0.35926864652131423883,0.37065975516463622874,0.38301623530270950679,0.39641059164097075529,0.41083886962002769128,0.42621556413574640532,0.44248737846445590494
0.38253161990396572500,0.39556362540018885632,0.40955808986950809070,0.42463983537973082338,0.44090769921636341344,0.45836283669477839720,0.47689882437859842934,0.49645499420112965128
0.25975877114288165037,0.27411270477003035761,0.28953878965900670117,0.30617889257873631692,0.32414338358523786532,0.34342360139726318957,0.36388107077053766236,0.38543745639485782473
0.04306372383092480632,0.05514684635991730366,0.06827085959323959952,0.08255776948114337821,0.09809980537426317426,0.11487436037505258102,0.13273781443219090370,0.15160601967818768121
-0.13843986545711534086,-0.13003118830651849702,-0.12069837141050632212,-0.11035552151537489363,-0.09894047870266944877,-0.08648547263529231255,-0.07311714237957893381,-0.05891384379893732648
-0.17098919503230028405,-0.16416444881288536073,-0.15648873103705912557,-0.14789536095885599809,-0.13833758527046483011,-0.12784946069224392695,-0.11654334321342692260,-0.10449156936226780545
-0.04115569040039689791,-0.03299542085988406426,-0.02401322757183758580,-0.01413239509514570974,-0.00329646315646264614,0.00847089022662038220,0.02106485194379775425,0.03441970891421775036
0.15915652796728740892,0.17113779419610175569,0.18400661246343613664,0.19786839532008820841,0.21280315437711666560,0.22879381624730618650,0.24571884200870475201,0.26350561771223229846
0.31906594713838404287,0.33386962565426175908,0.34962404711520506106,0.36644743308926996939,0.38442882062010835797,0.40354667081598527556,0.42365828633035729212,0.44467794023110401858
0.36550282142355894344,0.37825813161474347579,0.39182848429662814338,0.40630021386788145454,0.42173684227242580480,0.43811461022411313238,0.45531512445336369543,0.47326268117712977368
0.30109141494503133263,0.30784157145376600528,0.31511226358957861171,0.32292124462898735837,0.33127885033974258100,0.34016438854577757400,0.34952721174486500733,0.35932410537732323297
0.20060088348217713916,0.20072864652059008161,0.20105596920559637431,0.20152840091862811445,0.20210130243759583113,0.20276237292907245413,0.20354154104956498350,0.20443582424545489462
0.15145214264062864529,0.14804199158255343383,0.14465985951101281715,0.14121066982619090435,0.13761890647064495274,0.13387723957856359491,0.13006133162234639888,0.12619067138323775135
0.19731768117761327996,0.19484750698692809845,0.19248121012831806431,0.19012701960842587345,0.18771023665533795310,0.18521407125325461962,0.18269481887939101328,0.18015885115594823529
0.28611980152754606932,0.28604217564065315127,0.28624520026436706122,0.28665976893528244407,0.28722539933455876193,0.28790645103385220649,0.28870621254525524746,0.28960006983714148276
0.32648146702186603418,0.32788278934983949853,0.32975409476296763112,0.33203669110702771494,0.33467244564032316845,0.33759469507788375520,0.34074426544835678676,0.34405704384308494204
0.31667603071891864408,0.31768532296040408180,0.31923667316878823197,0.32126430486601237346,0.32369975958763874679,0.32645101445324520295,0.32942199103184260922,0.33252353249412541780
0.31223512154876642555,0.31134257988713787135,0.31082968110878961276,0.31062598325528439913,0.31066132767380477686,0.31085459465534059920,0.31113238191106229458,0.31142311497398494913
0.32599252762287089791,0.32585766975864427497,0.32600008834888316578,0.32637407795047873593,0.32693396358514165145,0.32762623328146672774,0.32840176872201337632,0.32921209669332479608
0.32377978419300124102,0.32693373873759845605,0.33041420894981526901,0.33422558410807434726,0.33836755564207832148,0.34281892847878409070,0.34754053836285697665,0.35250007187853638069
0.26144671062678581652,0.26382334306116822509,0.26637310767616029228,0.26913006283423424048,0.27212787908912983159,0.27540151073151702965,0.27898287022883944131,0.28289462321808001022
0.13443579826687435119,0.12963085142130661986,0.12455523160823595008,0.11922196294727148425,0.11366112427417657260,0.10797492705373451516,0.10233289189431207800,0.09685010025412799095
-0.01620588061433050897,-0.03036417570365358004,-0.04527295164076453049,-0.06096973480943433665,-0.07745450173124737714,-0.09457547179098725609,-0.11202886257990787855,-0.12961480565912944507
-0.13839987548956247942,-0.15655500350854015257,-0.17555755269287146025,-0.19547446127482331901,-0.21632813431639036361,-0.23796448346013482356,-0.26004695121307452865,-0.28235863218105289318
-0.18703283265166467664,-0.19831648543848684474,-0.20985977977597825017,-0.22170067945333390980,-0.23385087099943005495,-0.24622063352807924130,-0.25861024367324730866,-0.27089517049883576894
-0.16083681117542200645,-0.15682285620985775276,-0.15198084101732925455,-0.14627042955369495836,-0.13966216021941457726,-0.13217413938566033305,-0.12386455447536721952,-0.11477804187347349918
-0.10393648656915877027,-0.08401184335056893770,-0.06216693470658630344,-0.03827606886910945444,-0.01226212693261273523,0.01575417648305591986,0.04545912649345079659,0.07664166552647436181
-0.05221611700678444046,-0.02540206715826335768,0.00377416749032465646,0.03548181701092471829,0.06982537694080832857,0.10664811974339856449,0.14553418691511568750,0.18620811072298082411
-0.01558598644646858045,0.00489258148065877928,0.02722521438496659438,0.05156121057739613406,0.07799977332453661427,0.10643946088422681640,0.13657792725511000431,0.16821868925569022357
0.01731186137752332294,0.02547438039436157944,0.03457047366986062270,0.04469283273534150475,0.05591227172715798610,0.06821314129701602780,0.08149246254996661554,0.09568794303971550619
0.07007379427794677151,0.06992773626363811557,0.07012110782114697183,0.07069173507971478199,0.07167442272368416967,0.07309174571772313056,0.07495577763040910113,0.07727772281004741117
0.15232109872938545680,0.15303110409061426722,0.15418846560852220162,0.15580152533732274933,0.15787432139562743161,0.16038946980481280646,0.16331557599968749006,0.16662612798479631282
0.25330267851769233678,0.25917256074572508906,0.26588181805451815976,0.27342570895431800304,0.28178640044024089173,0.29088523835395563299,0.30059539177280508726,0.31081600263904779480
0.35818581251809078481,0.36096416848333495730,0.36423400063666738768,0.36795485900806845780,0.37208620677775444685,0.37657862616008702661,0.38138611799818955550,0.38645582478223805545
0.45352882610971761990,0.44157425590216509148,0.42875403226217484454,0.41496141322755575320,0.40013022874962195230,0.38435334308635649148,0.36788778301895369571,0.35088530090896041802
0.51683242034945364729,0.48625000749534591504,0.45310856311059716228,0.41723303782220499958,0.37853619502285884568,0.33728647831302899229,0.29410299490195457306,0.24938788953199989007
0.50915956921793703582,0.46610704923155915624,0.41937473670915137447,0.36874752888564665820,0.31412686746799817206,0.25589011594363808566,0.19487870229115564213,0.13165194827538925781
0.39548477046654739731,0.35335078308280720716,0.30764913486342987392,0.25817257037544577569,0.20482441798425427004,0.14795947008331222783,0.08837320100268765410,0.02659669999735217449
0.20010252484993981681,0.16919550345148057224,0.13579126007280678534,0.09973049567088508593,0.06093334516509875398,0.01964201467700331036,-0.02358341177143177814,-0.06837195421674817364
0.03965878758496153844,0.01957059534521101915,-0.00198232311226239277,-0.02510218545404173385,-0.04984097581341732919,-0.07604879615314054375,-0.10337344355090911929,-0.13158381764168314287
0.05347013612599791493,0.03493827735837348042,0.01509456364077435032,-0.00613231320656526004,-0.02876956802257604751,-0.05266541186743004671,-0.07749086054008236246,-0.10302432497154336011
0.26651554947551037156,0.24111510845481096132,0.21369646759585117501,0.18419221299601942765,0.15259342452145377433,0.11913437958482442358,0.08428169001920680914,0.04836213263772519422
0.54351987397170109517,0.51414636542657055074,0.48217330367305660799,0.44755177978411231354,0.41029934208271817697,0.37071610694220719084,0.32936297650904106105,0.28664482031430116304
0.70345855527444378641,0.68132533515024018556,0.65699359097005238795,0.63046981672252300211,0.60180869619066668097,0.57127750895916207252,0.53932902766121892935,0.50630421079292542430
0.66093614419185797715,0.65407695023858059002,0.64628991990344675234,0.63765416424538157170,0.62826013624811216651,0.61826057181784765948,0.60784661117384441997,0.59718222172448442997
0.47922394189509909257,0.48423747143139794780,0.48954022113436679309,0.49525366202141701821,0.50148237696411734898,0.50827398069116924706,0.51560418803487484407,0.52348311301260630479
0.32183070587206702440,0.32512428396334835945,0.32891469396216210797,0.33329829218656747969,0.33835865131726794441,0.34413337193103898937,0.35060807815829586609,0.35778863499703023043
0.29667572714682949320,0.28756549956055627026,0.27817675830625987476,0.26854164975713040731,0.25870893465458488780,0.24879789886285716416,0.23899556091131268776,0.22943786568886234689
0.34902936098001291487,0.33036557849957770561,0.31066006683506808272,0.28990477730429359271,0.26813133944264566644,0.24553620392711453246,0.22247567048669952827,0.19920058938707049800
0.34887002837787040033,0.33480897309945834017,0.31994405471164172328,0.30428895507636383178,0.28788718108459193656,0.27090844273862657587,0.25364164680713574551,0.23629416466243358119
0.22278999899468351908,0.22616605613569010225,0.23000173469953508198,0.23438154681489220543,0.23937997779095168682,0.24503587688246827869,0.25134689951654043405,0.25832320912673217839
0.00644725059061552162,0.02635052493395318579,0.04798979258040091816,0.07151170022624635247,0.09701527993511771530,0.12440987111201337600,0.15341316304280264160,0.18384289707301942896
-0.18713767345321880020,-0.16231404704891336244,-0.13534213714212414703,-0.10605606510747610238,-0.07434779375860259276,-0.04034118170983067020,-0.00439253034900860019,0.03326366338346767315
-0.27048297963628192830,-0.25008686886921155379,-0.22789337647562044054,-0.20374073666193681653,-0.17751350884345856729,-0.14927949101321605352,-0.11929352265144320400,-0.08771899658747259187
-0.23843217295697360925,-0.22216048273680727432,-0.20445049269956533378,-0.18513757747239614759,-0.16409329232512157026,-0.14132840071804095294,-0.11700121392059120717,-0.09120501160384250627
-0.13693479860583870900,-0.11678491604088708788,-0.09490789788807618699,-0.07111850971757591178,-0.04527691511620043213,-0.01741948913704149601,0.01223266421924699976,0.04354485240803924323
-0.01421507725124144736,0.01501528952392530702,0.04672052681217003095,0.08109580151361724110,0.11827010695700444776,0.15810793307079260006,0.20020722045633157493,0.24430331592790052730
0.10142258717415469915,0.13311601215663249054,0.16753017603223724352,0.20481051883794945678,0.24503333066679411356,0.28799121740725597274,0.33320087819127636175,0.38032687866364589535
0.20286682105113082453,0.22248600295495807311,0.24386621139523581570,0.26703514331294342377,0.29198493015388959915,0.31855421090143509755,0.34644227584521936070,0.37542036212373286475
0.29608306306436826816,0.29314935820380766396,0.29007088233706002089,0.28674222655523995407,0.28308117665974935617,0.27908955657976142195,0.27486500917264494737,0.27044015569061180537
0.36921343232558972991,0.34675551357811112974,0.32238787010949243594,0.29593710993548943966,0.26730249299608538349,0.23667354624924089035,0.20453086724871086255,0.17117241728184826033
0.40219223359565914322,0.37577791601475157846,0.34693184202274363059,0.31552183160236252357,0.28149711709794883463,0.24514159135234411813,0.20706133163233095273,0.16765627311419553647
0.40130044680473636598,0.38671914019400349671,0.37056253352613688357,0.35281163416028205049,0.33349674009469354452,0.31285917727318790504,0.29133113363790180683,0.26921215308481705186
0.38001445509057768524,0.38218872593410979643,0.38417487045855691630,0.38605883925039452542,0.38793090251340112129,0.38991146394942477471,0.39213144707962055424,0.39469548780996088766
0.34972880359722285926,0.36090942501145717447,0.37271707335189308008,0.38527512576318678761,0.39868616082404906287,0.41297892372525185634,0.42809333532630677865,0.44400494005689516985
0.31230058846856872945,0.31798632250739533589,0.32390286990053274163,0.33013432900301070694,0.33675594225946309246,0.34381569285798757596,0.35132151950055534595,0.35929198521271110689
0.24862975084039351525,0.23927146653643949215,0.22891400567958608558,0.21757022754411764476,0.20528053913502733452,0.19220643973326334564,0.17861490383742298360,0.16469923169798619811
0.16311396091458180146,0.14029672179542196364,0.11536672731390930358,0.08829133975136511936,0.05909793304101334382,0.02806939096671456219,-0.00427696984066715333,-0.03757482287416129274
0.09671893447791325704,0.06895965074568440045,0.03872485621578079101,0.00598435886963953265,-0.02922175301494300478,-0.06655375624420210856,-0.10539699720619516432,-0.14531371604255827190
0.07752924624279793064,0.05483606799230397039,0.03020057270160825258,0.00363125612996515823,-0.02480864586706106253,-0.05481944356930928963,-0.08588799494964488579,-0.11764201964287289426
0.09701191986612268947,0.08570077389745472951,0.07351628878680641077,0.06051458623775120282,0.04677589027271703698,0.03248969919284435542,0.01793810867261873623,0.00333562108140639637
0.12503172608732848747,0.12500467467109174780,0.12510760277249599604,0.12542726585071373169,0.12604609274203248948,0.12703654386094828665,0.12845169141354625952,0.13034592427913513357
0.13420214912399294760,0.14179150746530358451,0.15013688123788185291,0.15933029271261339721,0.16944237523887697994,0.18046095864071493020,0.19228743096915854038,0.20486634315994725619
0.12471942902258829899,0.13544320100259299444,0.14715811814810100810,0.15994331538091463574,0.17385148772468264622,0.18882926822852097448,0.20471738601053598994,0.22141223843354648770
0.11509271486296945852,0.12441417469578941457,0.13466550807046390181,0.14590178113593366138,0.15815619053253382464,0.17137203683343169014,0.18540600479506355591,0.20015959952846701375
0.09553371142515555692,0.09953709248703174195,0.10422666641518855968,0.10962145478070799143,0.11573008322475018816,0.12251466064624620678,0.12989862308784416722,0.13782321668214106425
0.03835525128783127263,0.03659136673307062521,0.03529300525813335032,0.03444629471032049917,0.03403810773881184998,0.03405069991829447196,0.03447467194886889158,0.03529218183718720037
-0.03846530562863902797,-0.04064011086802362532,-0.04226193319855938574,-0.04333846814308056627,-0.04387772265271157324,-0.04389714053428019763,-0.04340919474556077101,-0.04243315176955405471
-0.06622886877498164460,-0.06228105960741662367,-0.05739982645511897130,-0.05153973444212429228,-0.04467036886881897706,-0.03682669360772990175,-0.02809940361552093827,-0.01855302849907332352
0.00410029185856927800,0.01504481434326584467,0.02722313593754955435,0.04073890022596581700,0.05566561584081188702,0.07195567002839552140,0.08944198966857172528,0.10801816776261889685
0.14294976259515720929,0.15435929335821554909,0.16681601201506007781,0.18043022555085924674,0.19528337682497898253,0.21134406848191905626,0.22846435265335165998,0.24655463729251367311
0.27023088777417675344,0.27377018768859306963,0.27764627811056585838,0.28190795601674495385,0.28659717113094823615,0.29173098468422686835,0.29729810020279034966,0.30329524452386319444
0.31935522866648713425,0.31306061945709340311,0.30634219739654056092,0.29916249992087196041,0.29150511365479681025,0.28343774986725872589,0.27511285532268597853,0.26662532840316677252
0.29140455975699341984,0.27904541363824519884,0.26582957499781328936,0.25165560631353661725,0.23646262258475503337,0.22034892819447907120,0.20357701074918152506,0.18630367241954678970
0.27250717845485789015,0.25882594890936827525,0.24421309509003608085,0.22853930781566236807,0.21172332032852658745,0.19387095638724050062,0.17528291106752200146,0.15613331608912217607
0.34275055209829174974,0.33132198168075105427,0.31913388006795456731,0.30606012732663362419,0.29201970829793255646,0.27710612374432980198,0.26159599596509330866,0.24564402021486528294
0.48582409250625641084,0.47589080397741861939,0.46527438036847695857,0.45386111222221880990,0.44157909928999083959,0.42851866572914465436,0.41493950608971619243,0.40098673576400273300
0.61060837514760835099,0.59927632415015441580,0.58707631064724363767,0.57390427459145298972,0.55970040768294748723,0.54457965996064428005,0.52883502353204281388,0.51263967059841142326
0.62253689215041074778,0.60825699310607517223,0.59280378281899748227,0.57607935666798182339,0.55803625750179153275,0.53882994178894294546,0.51881746475834400467,0.49822147640212843811
0.51043365006672469786,0.49209564914703873839,0.47226193692529017110,0.45082567755223251771,0.42773962698641376790,0.40319769837486651998,0.37763167627552363115,0.35131707151081742468
0.37370496017245169451,0.35390419401572392744,0.33257642484864519128,0.30960404906223037980,0.28493156070973857386,0.25875334042802733414,0.23151257249025067320,0.20349055945135885448
0.32798108176153084603,0.31200751751268801515,0.29493700161502511836,0.27666268475841571117,0.25712828493498801619,0.23647818932911202072,0.21506088004813156411,0.19309146341731370233
0.40720787358204768580,0.39831517704524382895,0.38899116102296404929,0.37916526983311987786,0.36879679066693304978,0.35796042240651065880,0.34685297955872435027,0.33558869826266674030
0.55113909575918973438,0.55154520328112577321,0.55226164724646131798,0.55328343062915430473,0.55460937806890664437,0.55625013254008914831,0.55823372860279130148,0.56056808457476914320
0.64392768681524525931,0.65279034561033510986,0.66252295524339277488,0.67319543944148174663,0.68485930134685157888,0.69749245315059915651,0.71099901134876808406,0.72531471598994934347
0.59768052394960147211,0.61175069730087661135,0.62692320531002077022,0.64332418171777294713,0.66104939159729858567,0.68007794513132591163,0.70026454926242676091,0.72152181344857091450
0.42758239700406242001,0.44519293501731949103,0.46400772104137222307,0.48418256342357712807,0.50583654061198923824,0.52894971488608188981,0.55335010510297566455,0.57893734483739567320
0.22924612810768657534,0.24832235153486009738,0.26863811260314240936,0.29034348295095668835,0.31354990494586210126,0.33822166589325391994,0.36416307768018324476,0.39125570995162400889
0.10648513860161722133,0.12572002742211810244,0.14624443078913104688,0.16818223995742709320,0.19161809427621379065,0.21648357958618916208,0.24254917626258515329,0.26966742339801330619
0.10120077553873912946,0.12232909584203957576,0.14497574991519440735,0.16925737463434126218,0.19524513957692066213,0.22282917392834006298,0.25171500573098037901,0.28170764245445406582
0.15607234204700906610,0.18209073262766295453,0.21005600482993760925,0.24011953509319106104,0.27237386048576844866,0.30667683423285846400,0.34264812652202691901,0.38003779265340392746
0.17842854539789998469,0.21179866736314967302,0.24767117621181183873,0.28626835074398138126,0.32773557845346423800,0.37191435198311489918,0.41833400675729653928,0.46669234916967883287
0.13941308580839775755,0.17839121180585817972,0.22026981888901353557,0.26533566128327962241,0.31378553664099040343,0.36546383946949079213,0.41984850810095564189,0.47661148479476556084
0.09331724139502452220,0.13083306460638419177,0.17113528573900121943,0.21451888709743732742,0.26119234274776581550,0.31102732009400557711,0.36354224487984032610,0.41843947888863747275
0.11963078930136236688,0.14821829239924044774,0.17892088632831029682,0.21197745269234821719,0.24756121063067809684,0.28559137067754625239,0.32571833072400746545,0.36772991790647852062
0.23774784463635464937,0.25643320140433367715,0.27645222585463297138,0.29796938722448401693,0.32110695449212017794,0.34582556257408486600,0.37191222934620637997,0.39924098095761412219
0.37343315205452598526,0.38969790262738090991,0.40703222789989418340,0.42557218595933299365,0.44541826930592581801,0.46653538216246059900,0.48874146127977408094,0.51192867948513798293
0.43025337499354393556,0.45143118467053816589,0.47395465723023533222,0.49798641549999972389,0.52364436381761914063,0.55087541244707605159,0.57944158548943969222,0.60919863397300622054
0.36352509098646917929,0.38776072319578347436,0.41354081755176147484,0.44104888272315062592,0.47042039101866950368,0.50160770378262409253,0.53436405338692771760,0.56853859790605087987
0.19444125956769187091,0.21301883902960064288,0.23279954991996917868,0.25392522293424862889,0.27650738355169718341,0.30054385630078284120,0.32590546933055686285,0.35251196195355438689
0.02782141468227414954,0.03432174774166085046,0.04126718482070549504,0.04870290234698636256,0.05667591043596337252,0.06524374173413069466,0.07446859852446244266,0.08438399577248439920
0.00425614859005871756,0.00211712228493366340,-0.00013600906199266285,-0.00254141792824694700,-0.00511334545844771386,-0.00777164928618387374,-0.01034039948788035429,-0.01272224187662636397
0.17591539634815753224,0.17809784865148306499,0.18043219429051074454,0.18287945837967173324,0.18541392853762053705,0.18805948415542797503,0.19089329887643427530,0.19394371006468477669
0.45242469828167830581,0.46996343231256088036,0.48863888413072481542,0.50848770931588371802,0.52952181738298642610,0.55165115374753814770,0.57468478171467618498,0.59847721381320473366
0.64701032228618549080,0.67816805162446491817,0.71135393431607663040,0.74667836833501866067,0.78419321628589133688,0.82371416060570523676,0.86481884045194290511,0.90721295697064829877
0.62345752857908565137,0.65620431493728914596,0.69111002134938370745,0.72829457436591904518,0.76781540970904404997,0.80947789008571280345,0.85283347848429402749,0.89757069706910053153
0.42304761968769355462,0.44426070371065290443,0.46689502503890584206,0.49101387199123169847,0.51664638742960344864,0.54368267650914736677,0.57187399302666708234,0.60103848719718733218
0.18788218645452223199,0.19257355090649350138,0.19759720937168137600,0.20293893168772503266,0.20859019755020646869,0.21456303671452953141,0.22089208381970537598,0.22758128857305134907
0.02523549206784018312,0.02166928061472799677,0.01789350408338742995,0.01386325027782802852,0.00955794345008657495,0.00505285032228324892,0.00052116842123685239,-0.00393975639353655403
-0.04107841911943693747,-0.03852398017047942852,-0.03575757037081221668,-0.03277615207708043515,-0.02956974398635110399,-0.02610057324228640119,-0.02230367146221183539,-0.01814711081815817417
-0.06787053343090143631,-0.04994969715272575689,-0.03076532448991165306,-0.01021863723220186801,0.01175581778031086974,0.03509180835020574152,0.05958694969763671939,0.08510432253274194392
-0.12460292067434380892,-0.09264736487443904489,-0.05845258390173537627,-0.02183751726011235253,0.01730920187726301546,0.05882255001781223208,0.10225409137635567414,0.14730972291682623010
-0.22903442807028187578,-0.19487836874698480361,-0.15832445215460388965,-0.11917589920311483231,-0.07731216020519583731,-0.03291495374541304059,0.01352416243586227612,0.06168447253345954451
-0.34402923913116056909,-0.32089632526736056040,-0.29614609394450824853,-0.26963238234492736822,-0.24125891594030185461,-0.21112550338532734551,-0.17953552378634426989,-0.14668475841584205366
-0.41688777427515028018,-0.40839919242857447568,-0.39932882533103308820,-0.38959568670297850534,-0.37913348482407871476,-0.36792990715220896814,-0.35603431362614718081,-0.34347354814757208308
-0.44167212133666511331,-0.44085566445587093254,-0.43996141786201209412,-0.43893893078516144080,-0.43773495250606342388,-0.43627967684562218853,-0.43449415484759318362,-0.43231930181737787677
-0.44191760480060959804,-0.43970849142210954863,-0.43725158574363526265,-0.43448505618992494526,-0.43134992405760935741,-0.42779389000865764014,-0.42377767464178539569,-0.41926742784268150599
-0.43425939658767465090,-0.43066878046176454431,-0.42670174098941887619,-0.42228488501192340543,-0.41735397819977998468,-0.41187693146585313553,-0.40585975638910176677,-0.39929619715622488574
-0.45275235161976096210,-0.45641616127852885354,-0.46029090175380732441,-0.46432428377641099537,-0.46845804507772625946,-0.47260315601674895980,-0.47664852166126048250,-0.48050441723932774130
-0.50906100253737851524,-0.52451031269245895761,-0.54115186787197144813,-0.55896489699358054004,-0.57789513697626648803,-0.59774265412169380607,-0.61817649701943233609,-0.63895243864718875848
-0.55899527537641502395,-0.58006835856931326934,-0.60284469669505136302,-0.62730698030829223910,-0.65339035574443737886,-0.68082395535739692605,-0.70915109762859185327,-0.73803716090347426526
-0.55197725578328904472,-0.56580793490423630931,-0.58084261482035615121,-0.59702068768023097700,-0.61424995404244375763,-0.63229513295857120436,-0.65080012087236482898,-0.66949547624937821855
-0.45828690864642246394,-0.45453886299804108218,-0.45067637254796300006,-0.44657041398748648087,-0.44210066783018020509,-0.43716809763847419568,-0.43171444013586413035,-0.42567341563043314956
-0.29328219954931239455,-0.27321745533516261784,-0.25179329543860723417,-0.22884378181415973574,-0.20424852521416550499,-0.17806177017963609188,-0.15052509452992440808,-0.12178298011993500538
-0.12879787470453674114,-0.10593159382479530595,-0.08151055924507123740,-0.05540593990557077242,-0.02753829554284454098,0.00197662891559135905,0.03282194394454641950,0.06479037170370559318
-0.04377043287866604765,-0.03754469632353488878,-0.03108360457681343808,-0.02438102451368568541,-0.01743737190695557673,-0.01027874352062875009,-0.00295922770489250898,0.00447920886338059807
-0.07397711768415222988,-0.09978366533719611187,-0.12784191353766544141,-0.15832460681645679768,-0.19133220033951217620,-0.22667393233135710306,-0.26386984825003007016,-0.30261114571050556910
-0.19754513792637307112,-0.25445558846106158812,-0.31597320719571014846,-0.38242300466256262670,-0.45398263337502919867,-0.53023528742271852643,-0.61017317494859912852,-0.69313632355603593815
-0.34181848872474973611,-0.40864822510014880974,-0.48072297250637152644,-0.55840337172927545506,-0.64187979971688668979,-0.73065560057680400963,-0.82355053738079497805,-0.91978882136405959447
-0.40349922268436666517,-0.45117873954620929533,-0.50247360210049130114,-0.55763490999616083243,-0.61679091699250299108,-0.67957478122232772844,-0.74512575548732196129,-0.81288019946187173304
-0.31368451606715364033,-0.32587923718549005603,-0.33886150014650517903,-0.35269788148380160075,-0.36741876720876820439,-0.38290995187649906617,-0.39891086292275701464,-0.41525713027481103712
-0.10018734694785455530,-0.08456357530257355148,-0.06758300774574214909,-0.04917792673311132540,-0.02931222323895456630,-0.00807969786609511256,0.01430013378486297282,0.03767145853407500439
0.13308232975128034270,0.15215717089980357324,0.17276790673514014207,0.19498791946268365094,0.21885059807947074284,0.24422530703491604487,0.27082180756956564238,0.29843657814270013739
0.26816143706611805797,0.26968298255187217460,0.27127731612549910167,0.27292104017996371423,0.27459351024169631472,0.27628310553525109450,0.27798976812822878690,0.27970327428401520198
0.24342063313961970206,0.22728942587863093516,0.20981934445774719222,0.19089719104827143625,0.17045547063591415249,0.14860966962522556556,0.12565896509991481000,0.10179285192921454228
0.09054333793372533468,0.07584345915241515190,0.05993600526311099186,0.04272257831036310738,0.02414694729880693252,0.00432208372323508640,-0.01646973975297212275,-0.03804900140034474243
-0.09429772174582300159,-0.08842699837880939329,-0.08213298967666141093,-0.07539731476533384491,-0.06820950554159954660,-0.06059136814234452467,-0.05259679023405805509,-0.04426765702079979437
-0.21635426831279649940,-0.18787390674413545488,-0.15722843186695592554,-0.12427020479036757217,-0.08891434555447653987,-0.05132817017095316764,-0.01193205476440711843,0.02899189567717846278
-0.26308447332778883698,-0.22704024886873167000,-0.18831273585465804765,-0.14670054759130182753,-0.10208309727548979529,-0.05466243036541934552,-0.00496730150917505404,0.04665274841491198754
-0.30273243464497634481,-0.27602468533676977058,-0.24741724288046745839,-0.21673978853713676829,-0.18387972171404115551,-0.14895136233117281521,-0.11230420538659800778,-0.07416406958422508411
-0.40104678095643903069,-0.39020608361971093059,-0.37869618386854592140,-0.36640560810113853574,-0.35324168892333551728,-0.33917914441024049621,-0.32427251479519830779,-0.30854707107394518939
-0.55994210494298468639,-0.55999890332867097165,-0.56017787513369055041,-0.56039646297582246248,-0.56056374740919290289,-0.56054421550901423199,-0.56017379960559354757,-0.55932830335765304497
-0.70139933756959083055,-0.70078703679364873214,-0.70016434832903018393,-0.69942935322972343837,-0.69847209332506232649,-0.69713850329500992586,-0.69524743139923161905,-0.69266241984969600942
-0.72932664623658205461,-0.71863081249587756894,-0.70707108508669047620,-0.69450517535122702206,-0.68080526863572132790,-0.66589230236300667176,-0.64974978097226043783,-0.63235589573106276706
-0.59512017591898469515,-0.57461536628631149082,-0.55246641925144579499,-0.52851512731952443591,-0.50263857631324893038,-0.47485039981994775493,-0.44530921234141651599,-0.41411942426499503966
-0.30804114373082414069,-0.28905431188616215188,-0.26858168967200257704,-0.24650641763629246861,-0.22273965846379692457,-0.19730261178672187095,-0.17033154373368905588,-0.14192489777464331602
0.04675623023815497076,0.05089465166513893607,0.05530948108529579882,0.06002949270914068047,0.06509433766936900678,0.07059038532397676757,0.07664503294635646724,0.08333163593634737576
0.34125872362212533728,0.32933307054572052985,0.31642504119244208027,0.30249066433014298871,0.28753721219239825047,0.27178307129284534627,0.25564929638390665456,0.23940571220948544950
0.48471975916407611384,0.46936928958807883072,0.45283802626544200631,0.43507902260915209958,0.41610467347402951832,0.39617203663871236596,0.37577339671560699985,0.35522777561242752098
0.47812868918516249206,0.47352217564737403288,0.46868778117441151077,0.46363600574473518012,0.45840894312508095876,0.45318006535039145888,0.44824761472858520861,0.44380082032902623546
0.41854458173437242285,0.42602296302901099256,0.43432966962351804430,0.44351931375552905434,0.45364586412461960219,0.46476097887797418462,0.47691349393445192639,0.49012248327261093150
0.38628344548407900216,0.39258577071966632710,0.39969962348296433907,0.40764338197815824794,0.41643422681526331974,0.42608045953903234127,0.43658746450225449642,0.44793950137030180692
0.34846054824318822840,0.33967955425989387885,0.33054566827280318364,0.32097828753067969565,0.31092972293311049725,0.30047863263086654895,0.28983897890332466218,0.27913031869114357519
0.22737192462369817947,0.20009929725828864977,0.17102322504620315335,0.13996813944863564783,0.10683526732433186457,0.07182953938119644721,0.03546749732437098207,-0.00192939466845114000
-0.00707085165219275245,-0.04538183772422980239,-0.08629687767704753709,-0.13003607536796266131,-0.17671617987770010805,-0.22604229964591690538,-0.27730121694983961289,-0.33003925271864709146
-0.28662727793624503958,-0.32330521538894185785,-0.36230802430905856282,-0.40384365050271781028,-0.44802132687996648608,-0.49455877076251952840,-0.54277288960267022766,-0.59223199233480383619
-0.45205431856583216943,-0.47822724463754751056,-0.50577583203887144236,-0.53486306008751760555,-0.56558066566123299523,-0.59774246455983437443,-0.63087023323640412098,-0.66467184417224600690
-0.39824318920279194733,-0.41423655960920496844,-0.43085908184423754586,-0.44822539286564355709,-0.46640668021243431030,-0.48530862548995457040,-0.50465645320408858421,-0.52429101665029220758
-0.18692878489663977692,-0.20036730613309275406,-0.21447562388556989932,-0.22934072092016533073,-0.24501584414753138641,-0.26142393682179532188,-0.27834867231894155903,-0.29565909060460893176
0.00872333676638876489,-0.01075687429388534795,-0.03167865675869387110,-0.05412909753070296176,-0.07814990761606276093,-0.10359891301443947820,-0.13015125795333434833,-0.15758865443068670320
0.02173101209635128206,-0.00726898825757318640,-0.03865547129235499813,-0.07252605163327158211,-0.10891145006428849806,-0.14756522807102182004,-0.18797482538501122940,-0.22978344096957289966
-0.19041063615656900199,-0.22451508695598323961,-0.26142985043185790195,-0.30124409059075935025,-0.34396758396181498219,-0.38927845981961051169,-0.43654015741970653153,-0.48530540646382802628
-0.52994528050864497803,-0.55977625493977511972,-0.59195730924553124908,-0.62653707159646854219,-0.66349386538876509167,-0.70251048395505133470,-0.74299141030094117966,-0.78451614523421808745
-0.84329585780255333916,-0.86186976374852530824,-0.88170596012521895712,-0.90280271851078697232,-0.92511413113583829126,-0.94840750178667376780,-0.97227495829543342243,-0.99642759934674951516
-0.97379056071490888158,-0.98119746628163229119,-0.98883284989587350022,-0.99666192156876831643,-1.00463276187870009792,-1.01262046179028630810,-1.02043135398135875747,-1.02792770684538736781
-0.85435140581274571225,-0.85623523226061526437,-0.85792315673820640498,-0.85936994164707758426,-0.86052744526673030645,-0.86133391425251193407,-0.86171522636547126517,-0.86161632817633115877
-0.58125175985443422455,-0.58115882359224824150,-0.58088047342969262310,-0.58036617973807524962,-0.57956767581629076158,-0.57844260577089290365,-0.57695806491999035437,-0.57508368892487471413
-0.32880744411233747693,-0.32474254874003444238,-0.32040549004430035618,-0.31572974216014115800,-0.31065874108419877508,-0.30517074355469919755,-0.29928617616407077184,-0.29300760023168592738
-0.22623189399548399026,-0.21860286828468533660,-0.21059259086697254548,-0.20213231806212825226,-0.19316704971397341550,-0.18369140916206941339,-0.17375859230555437684,-0.16339608160864152464
-0.26846239506219099491,-0.26465767080866131611,-0.26084018475856707298,-0.25698141527777623727,-0.25305127004025357307,-0.24900848922116519679,-0.24480925795776320442,-0.24042360431840181789
-0.32982577668109541724,-0.33896360553750926048,-0.34909608608394121498,-0.36026833045300582503,-0.37248799083554517964,-0.38560710821859339736,-0.39933120259146304143,-0.41346831586537974301
-0.31115174524152716673,-0.33580340169740902079,-0.36258403643608455580,-0.39161224394351984435,-0.42293029504329393564,-0.45626795842530759595,-0.49105215691141468337,-0.52690686798008934399
-0.20618967926163275783,-0.23768126520728205531,-0.27170246200583941798,-0.30839988201125079215,-0.34782854660470996500,-0.38967008341102704616,-0.43324100928315395498,-0.47809233825011754337
-0.05313081456052785173,-0.07862228241888194469,-0.10605619559871171109,-0.13554684392162599793,-0.16713321268048184076,-0.20054792242555655180,-0.23522276950330947565,-0.27078645538402296156
0.09240953404440592489,0.07807103163978638960,0.06269295532283096495,0.04621925395090824978,0.02864149844377030657,0.01014555175121534952,-0.00889272938525790743,-0.02822996284879847675
0.17724051268941934389,0.16793047951676839946,0.15789162683138924237,0.14710384810108001474,0.13558337287226671086,0.12349726173857365763,0.11115614624873029759,0.09876340144838266499
0.17515749202612712621,0.15835904703456435416,0.14014385688554337195,0.12046652542650283790,0.09933772694808429282,0.07700144724087061576,0.05392303694260960900,0.03041274245389826575
0.09715888828003181599,0.06392166452665343224,0.02799725710204250054,-0.01074215204670918647,-0.05232781962870874243,-0.09639391546243734898,-0.14219060898056939957,-0.18921882760595090667
-0.01326576272795654439,-0.05893491022685779651,-0.10809134142573456616,-0.16094268760334232149,-0.21757115695595283245,-0.27754891337290743536,-0.33994601167316135237,-0.40414994815746457801
-0.11926443056941669896,-0.15999017575753304854,-0.20356931665489255701,-0.25021435344882231311,-0.30002744871948833216,-0.35266787703662011433,-0.40734983819942860439,-0.46356650228479095999
-0.22186168609175938027,-0.23965461470113530451,-0.25834801214305425088,-0.27805934050431391213,-0.29885513274583858090,-0.32060358582972475761,-0.34296381838567085998,-0.36573065428879236727
-0.34268052036442053776,-0.33672601913546279517,-0.32982552937863723885,-0.32197227611374962253,-0.31316946505641746201,-0.30346797442458944838,-0.29295407272066009696,-0.28170362973039375643
-0.49517022809256394655,-0.48511410653912190316,-0.47390447042724453963,-0.46149082902330695877,-0.44784487161775232700,-0.43303171655058847467,-0.41720248312630653365,-0.40046727539296861353
-0.66388979097938749518,-0.67296851065114249302,-0.68251483499873677463,-0.69254662148634149599,-0.70305825873532334924,-0.71394853086730525327,-0.72502104736894323889,-0.73614515319129936177
-0.81477134224186720246,-0.85100268291304936863,-0.88989166200808378360,-0.93157830699715760137,-0.97611277335530943766,-1.02317862434982642661,-1.07209887029405970260,-1.12241849573392871164
-0.93032518827075905143,-0.98201175961624254107,-1.03755015674743011900,-1.09716965904349073035,-1.16097104211768975546,-1.22853352936169990528,-1.29892025985593551063,-1.37150667711593188258
-1.00643312840388254870,-1.05241429093897420621,-1.10176875348240299601,-1.15472617682021527763,-1.21140043073698078224,-1.27143871653443740755,-1.33402188871629912015,-1.39861158010342490066
-1.04671891745778600225,-1.07260235243706092412,-1.10032463693873516775,-1.13003928105798001624,-1.16183241087098099165,-1.19552162185283461504,-1.23065185080367611725,-1.26693212526226339776
-1.06974372889530489061,-1.07803048817666558001,-1.08693823187103832950,-1.09652735161471981407,-1.10683430745754929347,-1.11780065319847499161,-1.12927114038543296992,-1.14114961561089245379
-1.08122618749124144166,-1.08874571613644310908,-1.09706496186767266110,-1.10620034109391118804,-1.11614762942649248245,-1.12681411891832605754,-1.13802692626244339458,-1.14966335667281183142
-1.07489563947794297682,-1.09888695746139020137,-1.12514566314212727249,-1.15372522696321899716,-1.18461978796364464372,-1.21757157505365398720,-1.25209047976122378465,-1.28782783117379406868
-1.05570349452836342863,-1.09914395777023354839,-1.14638430123319645659,-1.19756239516024542979,-1.25270968293387752190,-1.31141354073407989667,-1.37284054638472574617,-1.43641010329742657703
-1.02193362948548638336,-1.07473961758419012114,-1.13192485903042427964,-1.19370426491797165802,-1.26016276902402379889,-1.33085080763722030106,-1.40480109883516779412,-1.48135421337324713065
-0.96553368682525264610,-1.01717680877548710683,-1.07287316301513135919,-1.13288460424049164388,-1.19734577398539432380,-1.26587630905286796512,-1.33758521019312581757,-1.41188039711571122758
-0.90313719503336897798,-0.94935090244746400678,-0.99898021431903305523,-1.05230415284153178135,-1.10948922195189836337,-1.17025365921726298701,-1.23386041736838558691,-1.29983315129561249890
-0.87587469442353949045,-0.91889545581229425952,-0.96495164356721141452,-1.01432099542705844719,-1.06717875055101307780,-1.12329562251351022795,-1.18202540319918769640,-1.24295671361247683784
-0.90291804488832239084,-0.94715649976904869867,-0.99449232446280111386,-1.04519124881708780350,-1.09941464067630012558,-1.15691026759295234605,-1.21700182394581446488,-1.27925391734062898763
-0.95264036167994126103,-0.99850196313483263744,-1.04763267536115844969,-1.10027245700522668947,-1.15655126778643224661,-1.21615833993079247577,-1.27833803016220093340,-1.34259493348369951526
-0.98402780590650573700,-1.02669682431464193151,-1.07244192869683008240,-1.12146498146952899866,-1.17386147955388753239,-1.22929756375412480018,-1.28701075203086579002,-1.34649789802853869780
-0.97677081040103974630,-1.01019382231595589161,-1.04597649545155335638,-1.08428281834482809209,-1.12518825258066135220,-1.16841160445292269188,-1.21331476801768567420,-1.25948232051524056097
-0.92221427343687434330,-0.94635810765774297515,-0.97208752296520706260,-0.99955539437888540899,-1.02884578191757092291,-1.05977003442324413385,-1.09186016164050236910,-1.12482473228150126054
-0.82859781272050936352,-0.85115177873668124153,-0.87512345277798164744,-0.90069567076627876645,-0.92798640872600968166,-0.95686153649026972623,-0.98692160542289431024,-1.01792994669270231434
-0.70717940373047394331,-0.73773708107255464572,-0.77037429542406576921,-0.80532819601643923502,-0.84275409768050668635,-0.88248781889104099818,-0.92403124802298752805,-0.96708260292828129856
-0.57878488702087715900,-0.62240136107203625215,-0.66923073879757344340,-0.71955839767223184200,-0.77355971917262944526,-0.83097373709659527741,-0.89109379558636470087,-0.95347059592107885617
-0.50592868384849865038,-0.55690687448602371745,-0.61179511228888971974,-0.67088066755216413384,-0.73432570845331113230,-0.80178995363897442861,-0.87242891536883926396,-0.94568937319784074358
-0.52955946756063321246,-0.57515318412231686285,-0.62431843415084720128,-0.67728227645035676829,-0.73416047790773786286,-0.79461777247226517140,-0.85787203298483616365,-0.92340211728971355321
-0.61724660467790082308,-0.64941591658204178561,-0.68416004439622668531,-0.72161605780543036648,-0.76184141822087791951,-0.80456767374208548738,-0.84920809999123436640,-0.89536631863740634429
-0.71481092037713622744,-0.73600887089727118351,-0.75897617909149761584,-0.78378295571833622724,-0.81044492260945744100,-0.83875199475742834299,-0.86827808536346295920,-0.89873110032763092736
-0.77049478291487638604,-0.79250374246219568164,-0.81637221650228830594,-0.84217572168470833383,-0.86993285109419971057,-0.89942595927602375649,-0.93021145516153525001,-0.96198568341793155856
-0.76147394600801521225,-0.79432152268218059188,-0.82983061402689406449,-0.86814809617166410760,-0.90933834891916287546,-0.95312842713029843900,-0.99891568846721123798,-1.04629465867592652550
-0.72381631873155161117,-0.76526102509899118775,-0.80993536451348091543,-0.85805500116313582204,-0.90973328613614867777,-0.96467006429985957539,-1.02215398687862069060,-1.08171422560728713869
-0.71126544327718699279,-0.74940760803048278582,-0.79044155294962714642,-0.83458228487400609730,-0.88195060225315491387,-0.93228921846074208624,-0.98496090759838450523,-1.03954932200030047973
-0.76246942860868893721,-0.78405374511059366949,-0.80726196408394446102,-0.83221585502828965275,-0.85898177196520564269,-0.88740348398546564646,-0.91710128870426854686,-0.94782859558833798541
-0.85213593719171221164,-0.85440595348948855658,-0.85691008420757819319,-0.85964355328784702870,-0.86259123095674505866,-0.86569307663527528263,-0.86884876770441066274,-0.87199009412276362596
-0.88922613939917305448,-0.88384940216760654597,-0.87824118782784943438,-0.87233624061251191506,-0.86607670880810316838,-0.85942773888743762001,-0.85238747646697743399,-0.84494624178013499893
-0.83196069713286069369,-0.83479662244930696868,-0.83812576332176802474,-0.84192976652999773624,-0.84617793034666277663,-0.85078230081829897546,-0.85560904950940819269,-0.86055991320251579157
-0.69878966095134420478,-0.72111514276494714792,-0.74546839298447942213,-0.77196019575929741841,-0.80064207374392071248,-0.83132175312999212480,-0.86357159188762899760,-0.89710386897843130694
-0.52699948839606258755,-0.56899607416494824008,-0.61450789525974969241,-0.66378295752222338244,-0.71696222200366721555,-0.77375422915028946313,-0.83343842736126272364,-0.89554139989881509365
-0.38440434909981813227,-0.43528478435220918641,-0.49030246466903992797,-0.54977078579126792413,-0.61387395021456381272,-0.68227713875581041947,-0.75412617656255909182,-0.82886508569728789553
-0.31107813005824408448,-0.36060242273196224660,-0.41410759829230575635,-0.47188704612700005381,-0.53410797311700408674,-0.60042985030834983284,-0.67000500080433389449,-0.74228018401742423826
-0.30320098686946556077,-0.34836739284716988774,-0.39713901648502630826,-0.44974955803162647294,-0.50631814250577422687,-0.56649947670586842108,-0.62948880595365941382,-0.69475333202533595678
-0.34139275474802599497,-0.38496643225934090715,-0.43193980374273449607,-0.48250492420396823290,-0.53674570813433863936,-0.59430511264842711405,-0.65439288444863130678,-0.71647857049795693474
-0.37675855768283100788,-0.42208996082795202653,-0.47079244824370630740,-0.52306364204196609258,-0.57899209949035090883,-0.63822339325472776661,-0.69996463767999539396,-0.76368419570666190577
-0.37762589996386325408,-0.42271710268782564102,-0.47093083440536159801,-0.52249912679283294636,-0.57754811925715576759,-0.63578037398865283603,-0.69646920079931673442,-0.75913794607413220827
-0.35659483946969811052,-0.39551496220141962867,-0.43687904045667491637,-0.48094252468440257253,-0.52787021934186639793,-0.57747310497319848110,-0.62919031547657866543,-0.68267149590404552217
-0.32189524515605444366,-0.35074093697877145592,-0.38120498402386110426,-0.41352896540132882963,-0.44788580099546704272,-0.48418775165503535884,-0.52206192685337560189,-0.56129366927492474471
-0.25943882447160548921,-0.28070519776267133238,-0.30312385232832478321,-0.32689971649683563504,-0.35218411462834292580,-0.37892712019475416341,-0.40685534327154709855,-0.43582029591085125197
-0.17952137667434553414,-0.20015024901497577292,-0.22206186195163918340,-0.24543412542708648028,-0.27039117011419705472,-0.29685044344572647512,-0.32450777648186701629,-0.35318632590736492860
-0.15829547503746990711,-0.18146300088462274935,-0.20624314260529266751,-0.23279585271306438288,-0.26122157671870760431,-0.29138615288744179610,-0.32291306544896886122,-0.35556749975736934299
-0.25302218385516828114,-0.27623571530371504590,-0.30110876207193637555,-0.32777513522648632494,-0.35631058283812100385,-0.38655890454884328511,-0.41812863425661073169,-0.45076728063936805091
-0.41532169019832132495,-0.43518983858603887960,-0.45644672532611774152,-0.47918870434758165100,-0.50346335647264894853,-0.52912190401309022736,-0.55581826972639314377,-0.58332511148597410156
-0.55390435453665121113,-0.56932917286879225482,-0.58578898922657329784,-0.60334489632620647015,-0.62201990635167436761,-0.64168262533084474697,-0.66204776442666901648,-0.68292586638985897096
-0.60708395105210055664,-0.62324210761085474530,-0.64049780334650685543,-0.65891544561973613980,-0.67851917779470016789,-0.69916975289290395068,-0.72056533819675561148,-0.74250554189968132057
-0.56876796952926567119,-0.59612685273972443323,-0.62547197535251053413,-0.65693252434392257477,-0.69057097405682577040,-0.72618016890766812210,-0.76328386846014073530,-0.80156656372123735732
-0.50881338608824799863,-0.55308922734656251752,-0.60071004046545983801,-0.65189534999932263748,-0.70675888623160210145,-0.76498690867331131660,-0.82583961123077598288,-0.88882494012336543676
-0.52400144258714176360,-0.58072831791233248122,-0.64183961295310820727,-0.70760927576764787172,-0.77817722506780928615,-0.85314022788627408289,-0.93155636928004270647,-1.01279441496632305331
-0.64182218250214251309,-0.69826665635454732151,-0.75916669142326620445,-0.82477273744634649333,-0.89520214486060434300,-0.97002956489026681552,-1.04829639274449504249,-1.12935330763472929760
-0.79225306684870411278,-0.83302210318337555073,-0.87714470245664921677,-0.92476645528623435677,-0.97593529693025815597,-1.03029561936694769031,-1.08710320099960755513,-1.14584498904242626516
-0.86458984902002622430,-0.88298691942823226420,-0.90311487597624762191,-0.92498944543013561503,-0.94857837934258437684,-0.97364338029268393537,-0.99975916274235532288,-1.02662178682884919212
-0.79554105352632364934,-0.79913864226484121467,-0.80335800215208752473,-0.80814276348377922510,-0.81342052401441156118,-0.81904155168166081769,-0.82479802930578882680,-0.83053306345539934519
-0.61891723814969501483,-0.62300227622230786029,-0.62765063675493648621,-0.63283506037688752599,-0.63850996315903585376,-0.64454702451435064159,-0.65074888128775321139,-0.65697421606376438241
-0.43434166909410754087,-0.45146213610139035444,-0.46994889544422263628,-0.48988110143888902170,-0.51128992447843479852,-0.53401071754602458252,-0.55768714336602032144,-0.58208414254626483775
-0.33714200749515083055,-0.36922083792840237892,-0.40360355213471221791,-0.44047903900845031266,-0.47995540804216918485,-0.52181878392381109144,-0.56552835763732911545,-0.61073625688569932457
-0.33830272221152274392,-0.37787433441222101349,-0.42020256992999449608,-0.46552694271635070011,-0.51399045316583569232,-0.56535349787597388715,-0.61898455567708088321,-0.67447931802516225552
-0.34551391224326399865,-0.38348413373920137159,-0.42410370825457027744,-0.46759560877492784003,-0.51409005033147647801,-0.56334870525754254800,-0.61475689024243873604,-0.66791937718557536918
-0.26122770517331361795,-0.29296398290536845854,-0.32698762565905375999,-0.36347460562533173700,-0.40252122566718884222,-0.44390493896518234962,-0.48708117970019754184,-0.53169674098720343114
-0.07851197749550170579,-0.10493739061113269151,-0.13336722184009047742,-0.16394515673397416777,-0.19674556787365321542,-0.23156357025767573821,-0.26791531163463433440,-0.30548571974872651413
0.10203073061343785610,0.07825720776146627422,0.05264037594620754601,0.02503702195909539296,-0.00463153026654296741,-0.03618473535126586621,-0.06918223075788594578,-0.10334085471070550422
0.15546044988388996178,0.13266217203493330112,0.10815601436318698914,0.08177837506577370630,0.05342807894135433860,0.02325125472478505734,-0.00835316646118177200,-0.04113655317005902173
0.06773900231759846791,0.04495823847266527257,0.02055964508643120039,-0.00564041711382784906,-0.03376351788377960489,-0.06368861136749649765,-0.09504178235057941793,-0.12759710801804438618
-0.06235881799359030420,-0.08576263533576622411,-0.11079026509962180969,-0.13763291817592324118,-0.16641837215421970142,-0.19702730899770951045,-0.22908158698099631567,-0.26235423511264988061
-0.13531489748122674244,-0.15984598324521998025,-0.18609460936640775941,-0.21425327628181786710,-0.24444808524603964250,-0.27654552105365182157,-0.31014160307771165836,-0.34499123031421002894
-0.12617002829618712001,-0.15254978161975399353,-0.18079976147376050633,-0.21111867529287070555,-0.24363402442062925823,-0.27819377100342757014,-0.31435631112362788508,-0.35185085841718638511
-0.08699466179815985856,-0.11539287489161899336,-0.14578243653197034413,-0.17837438332154720300,-0.21330418549732807487,-0.25041075525339712149,-0.28922545484457479192,-0.32946038917717457295
-0.07184042600322745886,-0.09836905728421843631,-0.12668718467739900624,-0.15699839142242202894,-0.18943693610815948158,-0.22386667095946680139,-0.25986822972599799009,-0.29718699914413471141
-0.07849713589027532135,-0.09581862189184085776,-0.11420495827582047288,-0.13380377242742030885,-0.15471846556077289980,-0.17688275998347854912,-0.20004799176700552299,-0.22406939161623895540
-0.08551670393575551421,-0.08892856265928818227,-0.09237158781018799114,-0.09590206435701098542,-0.09956944421961716474,-0.10340213714459076111,-0.10739723851282360900,-0.11156541314517876007
-0.10269061360137003713,-0.09223930899341936662,-0.08082269113318617249,-0.06840269686036480612,-0.05497113519148296573,-0.04064387761733936899,-0.02565425734128416388,-0.01016099869279801088
-0.16907020505224046314,-0.14837346954185462455,-0.12601949372923068604,-0.10189218667678549834,-0.07593090217785274099,-0.04829852582556133644,-0.01937996247259970994,0.01057367254925670880
-0.31290658320746711496,-0.28693120827005375029,-0.25901280985032137938,-0.22897610690653838472,-0.19671181647937843739,-0.16237184919255592819,-0.12637507340831299896,-0.08898695591849735409
-0.52085888228524757082,-0.49253185947229893848,-0.46223074242299533321,-0.42972824675490356450,-0.39486413958960608905,-0.35773738411086525302,-0.31872146150738389636,-0.27804277019653955705
-0.71665765913604884130,-0.68927333180996996909,-0.66012618414834600689,-0.62895688102217139903,-0.59556589394986481079,-0.55997786660679271797,-0.52246600588228730988,-0.48318234235869661486
-0.77633126089715376317,-0.75708758609427895259,-0.73673434530462722503,-0.71504327005750478730,-0.69182354462187845012,-0.66701676466499670859,-0.64072420581909550474,-0.61298262146446025334
-0.64452224592992313212,-0.63921981014747764061,-0.63374316772310324009,-0.62796523128460013385,-0.62176312940600197976,-0.61501708607326954770,-0.60763107249619352501,-0.59952005321031143215
-0.39304124243935240068,-0.40132420366350618490,-0.41025292339331642655,-0.41982589349808663304,-0.43001498201479004813,-0.44067936281203223814,-0.45157369327482232979,-0.46252964287769698926
-0.14370729785348765328,-0.16031147588590061170,-0.17805058638051701747,-0.19701450939194939393,-0.21724731092412913336,-0.23860984975208587855,-0.26077799620231839617,-0.28354447408058441882
0.00670675216740361513,-0.00964565974830266723,-0.02715115971742910680,-0.04591692713609512450,-0.06600319166385638925,-0.08728376378202773456,-0.10944257211016893139,-0.13228212975283842878
0.05406266892341732994,0.04465778030917676861,0.03443372872262719792,0.02332645292133702503,0.01130593187296339772,-0.00152014610693886987,-0.01490838914819872865,-0.02870616685672868276
0.07310689839976311499,0.07031687875825061440,0.06697946333882759395,0.06307860192526923426,0.05862033303281242308,0.05370464726297218688,0.04851630012648190660,0.04317452307379748833
0.13260523623723977082,0.12917620373147600810,0.12503023878072319630,0.12014911721853809012,0.11454030127551094453,0.10832131870536694518,0.10170767990630433242,0.09484049810941867775
0.27213554426032005029,0.25629344333813558476,0.23886646746478165659,0.21975414689796340939,0.19891061058028769448,0.17651366723274838910,0.15295689916603541492,0.12849436779762046790
0.45231468284200626595,0.41788643430979954818,0.38067049414655090844,0.34044823867021462016,0.29709732168547270392,0.25088207466123779721,0.20245328288451822085,0.15222795033547564802
0.56555926675351431143,0.52126916156395186608,0.47361671460422610780,0.42232854872094588439,0.36724859852875330057,0.30868971589783639198,0.24743777517113008102,0.18399640819041554463
0.55627898740844494707,0.51851300747934137014,0.47789539006272885313,0.43420544315704245886,0.38732340310405904971,0.33753429441600191208,0.28552971250637793066,0.23175515452468409272
0.43610892265446288274,0.41747555613799952612,0.39732817004591008958,0.37556560235057584451,0.35214263201946799375,0.32724119061700968070,0.30126685051812884808,0.27448204180975960265
0.25745440011268816427,0.26025576965075225555,0.26306622707446164489,0.26589168052285394594,0.26874368710349494371,0.27165915864751283282,0.27469534286383423538,0.27788458243764985189
0.10738601369222988691,0.12036963129702417385,0.13416022413392719725,0.14878539467153784059,0.16425382541818298043,0.18049686333739212163,0.19736866352969875682,0.21475975244626926974
0.03537320378897666762,0.04285587496734756530,0.05090083259183251357,0.05946790774144592590,0.06850921777705194782,0.07793827183262434788,0.08763960676790059912,0.09751278306464850054
0.01340409305063679397,0.00874939711296070580,0.00398088987672103132,-0.00103002054521383218,-0.00639362401928040419,-0.01215983287603771869,-0.01829951219402050841,-0.02482621536645760948
-0.00526709952577445167,-0.01782111328253650068,-0.03089340221897569905,-0.04465236663917646759,-0.05923207288940750964,-0.07464396754472041318,-0.09075408769376640261,-0.10750859610674472211
-0.03930701933328844405,-0.05001389643647122241,-0.06105943100785848204,-0.07257663957876103744,-0.08467021059411167228,-0.09734421223855126148,-0.11048203684725592388,-0.12403545676086620564
-0.09464278792929588235,-0.09587734427370211976,-0.09690324970050548381,-0.09776268493993202358,-0.09849145720882239441,-0.09910672575870443923,-0.09959651244533010428,-0.09996947136172464055
-0.15857191876163870270,-0.15088488061196886347,-0.14266511294927938791,-0.13386123602257801735,-0.12443383956505234267,-0.11438948509784528651,-0.10378454578646115203,-0.09265688879185667026
-0.19027496665410517651,-0.18096424921133741348,-0.17138626815677912574,-0.16144507033745894575,-0.15105708579399881875,-0.14017789979697825586,-0.12881958066732696055,-0.11697657277248237062
-0.16059777795671603684,-0.15650246860193867127,-0.15278941986258379182,-0.14937635759299702776,-0.14617901960729065558,-0.14309003102123793449,-0.14000347625310083366,-0.13682846715835209062
-0.07513944916256838635,-0.07572680215432642248,-0.07711122401634323831,-0.07923687328288314680,-0.08203479912842379096,-0.08536775232892608589,-0.08905558487872694551,-0.09295737345507504301
0.01896987937173627917,0.02076358353700448120,0.02203362049759414326,0.02284608473527437872,0.02327327556445369858,0.02342660053607733064,0.02343351680673488174,0.02339837671729213739
0.05665965969631004545,0.06801547404725818979,0.07974233141231032440,0.09196088717758232889,0.10477387948947088081,0.11822451595728579454,0.13227622388454463032,0.14692297361600581418
0.03575508254454621421,0.05844120205921253530,0.08252382519223633306,0.10819070174982725607,0.13558392252275089374,0.16467326299584492122,0.19523807488917885311,0.22714908967506478032
0.02843179432755120126,0.05714100744651557512,0.08783425073037955111,0.12072966035063673051,0.15598502092223409665,0.19352500422581472850,0.23302579231244824332,0.27428697418541830855
0.09147365242652288897,0.11843328972036011593,0.14736808751831512176,0.17846249073552095110,0.21184429638048957178,0.24741900118862483748,0.28486054150282502651,0.32395924048781593596
0.19330352444394538480,0.21242183437948994329,0.23307151765126019050,0.25535069772204249672,0.27931874995598382494,0.30487816347488272406,0.33177507452991261694,0.35983486664794483989
0.23799831819942512956,0.24691861158151190425,0.25677490431921490277,0.26756767823417920704,0.27928227740773153842,0.29183538461702746014,0.30508571883759333376,0.31892004437520837801
0.16823933561783360746,0.16969883674069299873,0.17169061276631547575,0.17415612767058230581,0.17703984679328388374,0.18028666079586150306,0.18385864194629863988,0.18770286515637135683
0.01747209225837504862,0.01602704728434564338,0.01498909666864249070,0.01429984898687855673,0.01391251609970488474,0.01381609349727298472,0.01405139650995580920,0.01461791573853779731
-0.12285423228794105366,-0.12290822820077426658,-0.12243244900587478552,-0.12144157020071445763,-0.11993995016357440753,-0.11789744572979007908,-0.11523880321999176168,-0.11193533931800521419
-0.15620858010901716995,-0.15244140977290496219,-0.14790528368772382084,-0.14256697967907264180,-0.13639083513609351339,-0.12933472968896334021,-0.12134482104156918414,-0.11240013535733589523
-0.05562098885612119792,-0.04979405807908222209,-0.04315168061426451207,-0.03564831800502186315,-0.02724106046690290620,-0.01789956732255898117,-0.00760313470866265644,0.00365006257722249716
0.10553453939296833508,0.11122660960880280390,0.11757220742668324232,0.12459561838532996758,0.13231753627502942927,0.14074160135053750964,0.14985766576362244407,0.15964665383181489422
0.21615409953159350764,0.22163977243790838889,0.22758673652496363982,0.23399869254508251504,0.24087491034127148093,0.24819402582301255955,0.25591700998250677124,0.26400598263964725199
0.21446228014845736265,0.21980925922336530531,0.22543419940634920606,0.23134097591480676237,0.23752897253300853109,0.24397873411515835773,0.25065152560986053709,0.25751380945912860643
0.13573578529351704169,0.14037122081952177477,0.14509189286618037751,0.14991652242893524494,0.15486184645999256926,0.15993950529704056840,0.16515002541637149869,0.17049242211463985774
0.06460599846505640786,0.06720143002617622041,0.06962057556079143117,0.07189235470700017228,0.07405012732428846445,0.07615159795734376125,0.07826737187593947598,0.08044876741610987314
0.04365012838443489002,0.04230826561644247114,0.04041240936780007148,0.03797859522699235241,0.03503812476981150309,0.03169204665596372233,0.02809679922657874057,0.02436301072088970301
0.04621125528492962126,0.03923267691012883446,0.03122549816415114490,0.02217000948578400771,0.01207585529178581765,0.00107902438102431934,-0.01057258285710282499,-0.02270856860833041571
0.01774771918729345019,0.00468673272182247407,-0.00986851227891268057,-0.02597644414773215074,-0.04365231944777545753,-0.06273019369995354311,-0.08287625632146670973,-0.10386421522754557545
-0.06105591908455980377,-0.07866458029137234076,-0.09804328307229688566,-0.11927304162374806340,-0.14238338574231945710,-0.16719004292757669305,-0.19330661281818622976,-0.22047156273965279327
-0.16537560765241701710,-0.18271246648712746730,-0.20166097774745894711,-0.22229051447565850719,-0.24462347658016736496,-0.26848739528706633273,-0.29352472414141672630,-0.31949123228438652822
-0.26142331949486913301,-0.27118664511009948903,-0.28183860915549197035,-0.29339505193404497030,-0.30584637985436263774,-0.31907532370981794845,-0.33286528902489803672,-0.34706322953649382246
-0.32337227924546307900,-0.32147005279889789842,-0.31947191108900108159,-0.31732374226867937628,-0.31497481344715766438,-0.31238299825142024080,-0.30952237894272044416,-0.30636567513565465815
-0.34699315272103553598,-0.33475423096579831617,-0.32160843899806068613,-0.30745175594202944769,-0.29220527263504009197,-0.27588674671321783416,-0.25861765922423779474,-0.24047169885040808879
-0.33583716054780110571,-0.31794043775181662914,-0.29871533864563737382,-0.27805427279403244212,-0.25588204104073491996,-0.23225166877203157201,-0.20734895786365464820,-0.18129978326084697504
-0.26663834465624053349,-0.24966410357783860863,-0.23141868486539379779,-0.21184723439038272153,-0.19091811722620444236,-0.16869573770279036595,-0.14533908020525623805,-0.12097163585753566151
-0.10467441596861884467,-0.09459368693572266229,-0.08371399996850920067,-0.07207342706025943180,-0.05971201988384818721,-0.04668662751984930387,-0.03306094311493198989,-0.01891213435959802555
0.14385476163306443187,0.14395275559158696166,0.14415876161140242506,0.14433604817323986147,0.14437076628403791578,0.14422676541367887570,0.14396351748430805118,0.14357301855000148549
0.41005124173569140744,0.40166477241103093476,0.39275887774965767552,0.38313539510069077876,0.37263763313147824086,0.36125934784105334652,0.34916583159289898974,0.33641608014221940914
0.60449092265209714014,0.59251841877647482004,0.57968909019191239285,0.56579968402976288377,0.55069510744382377254,0.53439973358417902638,0.51713557054701586591,0.49900478977811463244
0.67698775880938633076,0.66666195968827379748,0.65550887540994717817,0.64336325115998549418,0.63010367073026307683,0.61577499099069699096,0.60060039867199799257,0.58469164655078265103
0.64585751561858550929,0.64149597422828874560,0.63669035497277592928,0.63134120902192214508,0.62537954877496326755,0.61885337199683065901,0.61193308997845086150,0.60470410883334135832
0.57907993983242178615,0.58025793241479839413,0.58141397727291710407,0.58250827287280992905,0.58351822150192400596,0.58448813201703497811,0.58553014191215602136,0.58669784772391242456
0.53130603429547684780,0.53263073469699573348,0.53402902554146114422,0.53547864741695427870,0.53697122202009739400,0.53855255540511737244,0.54032326974132149910,0.54233315366277956571
0.51335477976444543469,0.50958532584378890551,0.50561086586304260226,0.50138494290736668191,0.49688132512601534962,0.49215212832350746508,0.48733127788127683644,0.48249258304760339611
0.49729464011792395839,0.48633804098054161935,0.47471409841739853341,0.46233176652707563825,0.44913061478780424984,0.43516817693465326133,0.42062734353225261774,0.40561537165632338686
0.43455471632964604023,0.42145964610287522945,0.40757207806101813929,0.39278541302449393458,0.37702347334652963617,0.36032593050748579211,0.34285806386585243599,0.32471712368867150511
0.32381527787696184895,0.31700844709372111296,0.30986258213768691494,0.30231784419377411011,0.29432732619275064900,0.28589108346105018832,0.27706383337884943341,0.26787480361509657945
0.20760168499334752390,0.20998832259091504415,0.21267379666921495951,0.21567724950577399357,0.21900839844035077664,0.22263785894084459072,0.22649917655380236159,0.23054973959454413968
