F3,F4,FC5,FC6,P7,P8,T7,T8
-0.26546592303717891914,-0.29577517053834062599,-0.32787673676412437684,-0.36202827406896848084,-0.39842257508731127036,-0.43700823148347811564,-0.47746368008086520485,-0.51960401620134044620
-0.18023547972129685957,-0.22294296435392998990,-0.26849024238819524379,-0.31718659216224714958,-0.36923909448120750820,-0.42445698028043604699,-0.48223110304025662565,-0.54218593671193393568
-0.22435342683509465478,-0.27105588489917947781,-0.32090757485280574368,-0.37421646744171555010,-0.43117490303019423425,-0.49152051617583408794,-0.55451981562924035352,-0.61971240641379987668
-0.37862642860191603189,-0.42275556062413210956,-0.46978032116591833534,-0.51997437667407853112,-0.57350430152481168822,-0.63011500577010570723,-0.68911481023560972048,-0.75006608591870360669
-0.54637258501593766180,-0.58389814835143993843,-0.62378987533571739199,-0.66626854115736444673,-0.71146908028815325498,-0.75918914994585973144,-0.80887535421055489770,-0.86017462379175024800
-0.64797234787533442013,-0.67617321456610424146,-0.70605280862230934691,-0.73776450272142890530,-0.77140168694203226085,-0.80682263525908171076,-0.84363923155435405210,-0.88160096255480946414
-0.67613156321525114123,-0.69446580321690520865,-0.71373975794469635137,-0.73404700457293325933,-0.75544471794721923530,-0.77784888467137613954,-0.80102446246285552434,-0.82482025106449308183
-0.67085756095225734796,-0.68341937455241985599,-0.69644531557767519470,-0.71001102292756634871,-0.72416761763620962622,-0.73887446909059495415,-0.75398719852282602982,-0.76941937140559002462
-0.66235674082829676390,-0.67993817644549991996,-0.69832491903563886915,-0.71764574712564033199,-0.73799293727443282531,-0.75932214159045907653,-0.78143563225407475237,-0.80421845270960223839
-0.67669229478887937823,-0.70752599513823433153,-0.74018911551260957449,-0.77489877331302792207,-0.81180737540535818919,-0.85081928273488338643,-0.89157090796313087644,-0.93383908552105643341
-0.70794076620041979098,-0.74683180746347310741,-0.78822362633746445582,-0.83236870693966891199,-0.87943913932789596899,-0.92929467979409674516,-0.98146431638014741683,-1.03564869131372039313
-0.72958623362287522429,-0.76144125479328927941,-0.79528335591938714710,-0.83130169854202506929,-0.86962151136705756471,-0.91011876164094895891,-0.95240612985586126094,-0.99623359287134527484
-0.70888692060555036356,-0.72367182305839949930,-0.73907513082238762703,-0.75517178809109963833,-0.77200849667204041182,-0.78952402551715616941,-0.80753847404167233837,-0.82593847005853848753
-0.58521068216147309471,-0.58839201052590928143,-0.59118504455246323470,-0.59360041996616697002,-0.59564098415034538725,-0.59728443429869160219,-0.59847207519792045005,-0.59917735341519939851
-0.37964346999795295368,-0.38497702793022492429,-0.38999945913253958318,-0.39475196372034537795,-0.39925711702143862336,-0.40347140253021279710,-0.40727049436025553053,-0.41059416304309587220
-0.22367536467098267372,-0.23837998792879866450,-0.25350029378352034737,-0.26914546843929831876,-0.28538174676875310842,-0.30211316768523310827,-0.31906466817566203620,-0.33608132463542234047
-0.22030090390245526955,-0.24077286765235272892,-0.26222744674701298218,-0.28479717439523299927,-0.30856019373261273087,-0.33338443591835920099,-0.35891375665294084074,-0.38493376579776489299
-0.35502304708616017059,-0.37255306026796641827,-0.39105118921188308789,-0.41059633653116894836,-0.43122538987172209790,-0.45280871055197879915,-0.47504497933011952115,-0.49773973376040903105
-0.47920266203468869781,-0.48688116399714148619,-0.49500393381935908765,-0.50354644998583009130,-0.51247026557237729261,-0.52167559164896581958,-0.53100734121320014580,-0.54034866679211346341
-0.43447264291977200079,-0.43096169145309448645,-0.42720824041276495020,-0.42309830063906900266,-0.41853129348525353048,-0.41345015401937484922,-0.40785502481152224874,-0.40172111718123143520
-0.21855541806546616157,-0.20787651915072627440,-0.19644241685938010344,-0.18411283378999807048,-0.17077542317713290121,-0.15642052896625929792,-0.14115433270211308336,-0.12502572440645562390
0.03406441038910254515,0.04384878316796243097,0.05441614469157463052,0.06585798231943362779,0.07824207314699486993,0.09154462311429588384,0.10564512865541589304,0.12047208712052452639
0.18216099909318533845,0.18344917382699357788,0.18500335112520782666,0.18681969114067198401,0.18888987562409215171,0.19118419859174917708,0.19365667913108777776,0.19627186112619504632
0.16257242562683316134,0.15581223779039171662,0.14877166082741433151,0.14137814550921173895,0.13357115512721054462,0.12533122676863941991,0.11669081775368110587,0.10766090417166267190
-0.01120733975599803346,-0.01799005359631691836,-0.02507994707429282710,-0.03253965550463715217,-0.04042140691881008357,-0.04874151089685970634,-0.05747118070947996454,-0.06659805417744196765
-0.24962284451436334010,-0.24987903322008672702,-0.25002460126830811094,-0.25005928268617039212,-0.24998749241209905492,-0.24983423541986435334,-0.24964182967612269515,-0.24943731031431923273
-0.40590170781866058425,-0.40060855457470251340,-0.39485123521426174209,-0.38857946244569918637,-0.38175799016529132768,-0.37441037239477098497,-0.36662069757344833976,-0.35843945354171685702
-0.39216862386620310321,-0.38620569058812698193,-0.37973040024574777895,-0.37269243722959755072,-0.36505344333841094340,-0.35682127192439772045,-0.34805216530153421095,-0.33878192242074822715
-0.25309130644825861278,-0.24813796144811847699,-0.24266777395406238793,-0.23666008900114629543,-0.23009886965978440521,-0.22298789818004091656,-0.21534870398014532844,-0.20720441053890659155
-0.12827755088496742286,-0.12349753446377180477,-0.11808850366058498693,-0.11205617899853606567,-0.10540738973507284004,-0.09815869957383059619,-0.09032870581277782640,-0.08194888860178507761
-0.14487912105161768195,-0.14091763205469270970,-0.13629089623685139432,-0.13101900684014824994,-0.12512211863503852616,-0.11862836873917760594,-0.11156257476704577181,-0.10396406519610888741
-0.28755824283016262477,-0.28666145246668905955,-0.28530553211258546931,-0.28351935532021649289,-0.28132917758525738394,-0.27875852404423434594,-0.27581653105524100988,-0.27252809476954337198
-0.41615350315424087801,-0.42102056918702596144,-0.42591378275576785573,-0.43087730692167447444,-0.43594391206007648831,-0.44110669400598195855,-0.44630955589959303564,-0.45152666145517716956
-0.43370359678887127064,-0.44392808041601922175,-0.45464744879481377993,-0.46592204910939888363,-0.47779018552946933562,-0.49020583345027207711,-0.50303164416577850204,-0.51618265127108442503
-0.36808772133111439251,-0.37673898623806928443,-0.38572827285285260501,-0.39510654053022348231,-0.40490454051832913684,-0.41507615930307267815,-0.42549124599648480149,-0.43607139159897373437
-0.31166061997387350946,-0.31051309463747417405,-0.30881756843425051118,-0.30658490549168626593,-0.30382472540787686111,-0.30054846519473998878,-0.29675869221419304278,-0.29247325689037440011
-0.33337538099913077705,-0.32307985541192468792,-0.31145627024535416094,-0.29847987708238088445,-0.28414364118581675323,-0.26852064725434909853,-0.25175053546773479285,-0.23394832390009540068
-0.41282761713268828485,-0.40332743727137898571,-0.39267438191282616478,-0.38084842902455051661,-0.36784599983309745896,-0.35373736282922202401,-0.33865508485409390182,-0.32270675951785465774
-0.46371741841469465983,-0.46271453178428539887,-0.46151430089030487380,-0.46012857977035925838,-0.45856745738764387310,-0.45683697201845380187,-0.45493499198310211051,-0.45286914206636458280
-0.43660765348010549536,-0.44158361184246208708,-0.44716524233986082448,-0.45337411565709828665,-0.46021697769259811706,-0.46763786855941169573,-0.47552367915807336463,-0.48379551273302862091
-0.35800402228366140500,-0.36126575030482033224,-0.36521269464437550178,-0.36983409270666278701,-0.37510910690525522959,-0.38096850959177791518,-0.38730762425975862051,-0.39404304910227461178
-0.29276402374851301369,-0.29103566672901071133,-0.28965000152463610261,-0.28855738508776723750,-0.28771250386803193244,-0.28707803339957638222,-0.28663972312489438554,-0.28636883679854646667
-0.29461503471048688940,-0.29079784097219868455,-0.28711395557314928206,-0.28350805539879142536,-0.27993910779796349342,-0.27641567428198920986,-0.27300832177595879546,-0.26974352248576577429
-0.36471284989408037092,-0.36272703201644679316,-0.36097315728405976465,-0.35942217929808356613,-0.35805990047893582195,-0.35692659648316665821,-0.35612525883776791069,-0.35570521553867140430
-0.46055764440449514785,-0.46173327751284160003,-0.46336058540215008250,-0.46544347941222768972,-0.46799658771415303393,-0.47107465955768962340,-0.47477734275928690222,-0.47915361814137885643
-0.54027346158314482061,-0.54240350768549050464,-0.54501280612477520648,-0.54812033525652958943,-0.55175615656179377577,-0.55599375074375900763,-0.56095193938927034871,-0.56669388298716527608
-0.57586939749720533754,-0.57432675611649586234,-0.57294425587184416582,-0.57172617203717945866,-0.57069842678826643301,-0.56997394100551801444,-0.56975279427089176032,-0.57015265822860006217
-0.55123462233580966529,-0.54280261246545480347,-0.53401692100816045006,-0.52484803142662783682,-0.51530417355119662037,-0.50554540586318585937,-0.49588372915959166853,-0.48651145834452474981
-0.47202619346633095665,-0.45908351886818610232,-0.44550607892736016069,-0.43123822949898299450,-0.41626939734994977682,-0.40076899069944627030,-0.38508875123444535893,-0.36944766496886649598
-0.36635734343147269287,-0.35841561228049712007,-0.35030977886273523270,-0.34199650133851777767,-0.33346026969573705490,-0.32479319307204856937,-0.31620213289486864827,-0.30780854724862483085
-0.27043074495248853317,-0.27785908684119714485,-0.28635461714781434983,-0.29593251734468428715,-0.30659567725517983261,-0.31828981575809506266,-0.33091565515633891703,-0.34438792454172961754
-0.20095995035126501538,-0.22401854969737514112,-0.24934220534195905561,-0.27700995857651067311,-0.30705198101007880052,-0.33929217932775046496,-0.37336300413425504985,-0.40899685426692172774
-0.15391261628494859459,-0.18289429470356421970,-0.21454664276717136384,-0.24896914245859447234,-0.28620194507253166050,-0.32603660139575774135,-0.36803084033984395651,-0.41186380745272149762
-0.12899880560358956139,-0.15516674954590647939,-0.18370198337146612100,-0.21467923054798021543,-0.24812507524526725144,-0.28386287933326959099,-0.32152647021656499682,-0.36084219238207565494
-0.10181724810642135692,-0.12237764267969238052,-0.14479487985040567777,-0.16910454695691948257,-0.19531022230023839525,-0.22327727711951947387,-0.25274588260014907437,-0.28351067860300277479
-0.01263268622760467357,-0.02821664857153767525,-0.04522474697847599784,-0.06366752855698067093,-0.08353353685521912320,-0.10471390628775234521,-0.12701453838669859997,-0.15027620594199805892
0.14366074189076769030,0.13199063119474949146,0.11923645052691672630,0.10538843761930970222,0.09045614047611977293,0.07453363606406855635,0.05778982505307860701,0.04035768284870889372
0.24812581603843836264,0.24001200393897159646,0.23117023105882136824,0.22157517571085488806,0.21121961679860162819,0.20017194807073393492,0.18857179961583100947,0.17651866511076533262
0.13692070060312186430,0.12985588688998159212,0.12232619491855349636,0.11427688950578837601,0.10567057321405845527,0.09653672830192364107,0.08697570244168656428,0.07704820031588899276
-0.20619660019624952429,-0.21829002306612974027,-0.23102832730461408950,-0.24451220000091239415,-0.25881941050922235847,-0.27394326515568157010,-0.28978060380366787996,-0.30627339188784907797
-0.57924046521322491987,-0.60185560022751416476,-0.62585874171943345345,-0.65139651363575679088,-0.67857805685644934091,-0.70736987903443460102,-0.73758211009064644781,-0.76909168208343192674
-0.73600273670592430975,-0.76889499780544989793,-0.80410664292751943272,-0.84180247230542137871,-0.88209343194425404722,-0.92487703042621949301,-0.96983020795103236367,-1.01672533563300149240
-0.57124800693325472611,-0.60624253512808823352,-0.64396680857157129196,-0.68456301344197212355,-0.72811596548707813170,-0.77447656897321892622,-0.82326420713096237769,-0.87419936214705495914
-0.18453060782224911529,-0.21091096630492964237,-0.23955048714201318538,-0.27054530389852043948,-0.30395000964751212047,-0.33964650174388044679,-0.37735097776328346830,-0.41684692321348104649
0.18076900939360374121,0.16855094804170611678,0.15510445832909106056,0.14036975108467611428,0.12430107492842028261,0.10691152455640691443,0.08826953189793047827,0.06843755044581902036
0.32405707596501837076,0.32569214696969195355,0.32721421257037752728,0.32858087661537804802,0.32973462411262954852,0.33055300839288315196,0.33085372599290885365,0.33051714045692182076
0.18525233694427686859,0.19654893441839299539,0.20857499440720750350,0.22130678201512990477,0.23468245709699162016,0.24847804528646397215,0.26231927527573722925,0.27594996289005696566
-0.15382704335500713144,-0.13925175179815937887,-0.12361720503716068509,-0.10691110478975865417,-0.08917015955696296070,-0.07063614830882351814,-0.05174475219110805796,-0.03278839734656362193
-0.48353894014152942749,-0.47229078831195009380,-0.46021909530929755450,-0.44727301396995461369,-0.43344589768802183061,-0.41891108755715844580,-0.40401809610894728886,-0.38898826795553009816
-0.61913857529965921067,-0.61657004784441549194,-0.61385702958668353357,-0.61094544696499286651,-0.60780552686943878360,-0.60450181000731284531,-0.60119673887841251769,-0.59797609000256035650
-0.51626337907608410571,-0.52364787018420599907,-0.53166251352750992787,-0.54030367035276827270,-0.54956589124157839699,-0.55943224588763729166,-0.56987894128245053516,-0.58086920109046979999
-0.25524333718939318238,-0.26906547312884815382,-0.28399995337556732666,-0.30011847607922004233,-0.31747029389901726404,-0.33601426069697254428,-0.35561813900120359255,-0.37618610234022470395
-0.00625811431984490268,-0.02198832556115362311,-0.03892233995901317467,-0.05718636513598044507,-0.07687468479391963705,-0.09795814546346569285,-0.12027675676007203165,-0.14373047373028985385
0.11407399583573353541,0.09905454307748562393,0.08297944604677214009,0.06571209356675491997,0.04714751383983980387,0.02730042073804937741,0.00631627827671481235,-0.01572052177218790162
0.13516149064044283290,0.12387988426349214044,0.11191000103064681348,0.09915960332063375460,0.08555784388104724358,0.07111387232321977891,0.05592610321676664414,0.04005234152759078181
0.14298329142697510652,0.14130154113856119302,0.13968498170570181616,0.13813800326075864611,0.13666252906819414958,0.13524915890909350313,0.13388019916288160238,0.13254691681848529416
0.19938431224445152257,0.20938858863178935743,0.22030953312013271117,0.23225187165301905412,0.24529135418481923248,0.25939056774650887105,0.27439516700492205814,0.29021446688287355631
0.30008405227871920440,0.31387706436249579456,0.32881685995983428450,0.34504669591581926813,0.36267399135478645134,0.38166828789921952714,0.40185317321794872258,0.42312730857490332692
0.38869703329007621040,0.39555531212098027360,0.40300016881042399763,0.41113490412307018840,0.42004364594178461578,0.42973964799076402876,0.44015712167162979185,0.45126782302773915667
0.42755109129656498901,0.42410536776046686702,0.42044068240665111169,0.41658651298147697517,0.41257539971501328013,0.40845628535237782364,0.40428934251928161370,0.40012736318337949193
0.40550687787998040967,0.39758318339357479054,0.38905228619355364250,0.37989913939319702729,0.37011918515355191062,0.35975205306160568108,0.34887921193717730262,0.33756603679738506063
0.32523050680813869739,0.32104308192194613847,0.31651407663325809017,0.31163282326571922765,0.30638728440231921546,0.30076019950261950742,0.29472915998896820344,0.28828968370369240093
0.22289487065153806844,0.22464684140881158170,0.22659959274789193140,0.22876738854925332545,0.23114794276146066743,0.23367096353426122790,0.23620105125395085555,0.23865622362822366820
0.14971123232389879631,0.15436916036369346950,0.15964555011015399422,0.16556986374302112841,0.17215066789358834942,0.17930916333055854639,0.18688537753440084832,0.19477514793486638833
0.11947124142484423504,0.12320036146847944403,0.12769548727695761992,0.13297611421401034359,0.13904765520838754944,0.14585308241116415329,0.15328321481337719989,0.16125874132679735018
0.09392934907233092823,0.09261069930619432455,0.09178121794979313131,0.09142706799316940858,0.09153562127455729114,0.09209176762341826639,0.09309068058568302495,0.09451623477591888922
0.02009418262216959572,0.01049793385480353967,0.00068668703708996387,-0.00939728760959983485,-0.01979060262461836833,-0.03045139972043385893,-0.04124796229012976656,-0.05210461105630495582
-0.10708629671788308380,-0.12523553050473723580,-0.14444155946139961011,-0.16480120068026263280,-0.18637226670157958086,-0.20905959954280423085,-0.23260772447598279666,-0.25685200301244398569
-0.21486114609627326999,-0.23736776256702296628,-0.26143437704649241660,-0.28717123956831175358,-0.31464130538454460062,-0.34371855155638403323,-0.37408491165457047334,-0.40552715895843616245
-0.20984312272651800546,-0.23010703079667724213,-0.25181767854369746518,-0.27506805949940382749,-0.29990802995268994735,-0.32621402888288619781,-0.35368813396511628033,-0.38212876300200870894
-0.08882055642353733904,-0.10321447196795019430,-0.11856718419457815128,-0.13493734083173819505,-0.15235077367566959849,-0.17070134734315076108,-0.18975042356190707782,-0.20933813845463319914
0.02142254719259116882,0.01207792260489363480,0.00222580098916507580,-0.00815737408935261407,-0.01907150509045461850,-0.03042104898744339703,-0.04201499649171391154,-0.05372641304336747692
-0.01314907014452581895,-0.02130834171803656918,-0.02987053337619919799,-0.03885007738040676534,-0.04824189598863188461,-0.05796208205216353548,-0.06784778942334003526,-0.07778955239360368923
-0.19459249942414313939,-0.20392114930402585604,-0.21384197928458278937,-0.22439166763287163309,-0.23559028647540297685,-0.24739178112172641177,-0.25968236877929601336,-0.27238282565682842007
-0.39366557313134192819,-0.40079739922509433070,-0.40855375091928719522,-0.41698989487764254180,-0.42615550028178816877,-0.43607985145220246048,-0.44676860474280138957,-0.45822030646988132219
-0.46221853090031328470,-0.46393543164782791166,-0.46609100645077594649,-0.46873493577488994921,-0.47192611090020741837,-0.47576272370867400685,-0.48037969900409749346,-0.48586017366867645384
-0.36941629498995709469,-0.36835896399616879782,-0.36769104571715188756,-0.36744524950692875054,-0.36766830731492761153,-0.36846343678813797684,-0.36999160133864728017,-0.37235034117385712449
-0.20789154560985317888,-0.21014092766518849276,-0.21305057870789809171,-0.21664537127639496572,-0.22095357013007885238,-0.22601401480970681468,-0.23188196219014081678,-0.23858073114086333910
-0.10870737482088309311,-0.11975701494253242207,-0.13203029773669494595,-0.14556576550614022669,-0.16038340142476237293,-0.17642298668972314357,-0.19355283561896352573,-0.21166817476111859930
-0.16879466807326629074,-0.19069837082509841220,-0.21451133830962199056,-0.24030470545542498284,-0.26810710917308294698,-0.29776962677255941481,-0.32897500696539289100,-0.36149195845323339737
-0.36591819075076825740,-0.39906263946869036108,-0.43485433845819332355,-0.47341389659955479541,-0.51479715416039173448,-0.55879327934454903204,-0.60493226804856625733,-0.65287916696002346040
-0.57446979436435108290,-0.61685061004631458470,-0.66247975813517212540,-0.71152595366437032531,-0.76407684098299533115,-0.81988926230260228412,-0.87839375449593337652,-0.93918791197069162457
-0.64855974450574438439,-0.69054065887956528336,-0.73565018135313231529,-0.78405392974115473148,-0.83584083687454913125,-0.89078786338783277898,-0.94836227235490810905,-1.00818545568118800304
-0.50415705752106831916,-0.53375173787398477732,-0.56549267023488147821,-0.59947191674627220426,-0.63573228519753588461,-0.67411445040186368516,-0.71426014201978393903,-0.75590660296466805068
-0.23063915042966928737,-0.24381403073519344882,-0.25791893056892128966,-0.27294279189717018941,-0.28885868033896344720,-0.30556931075364129891,-0.32291449575301034436,-0.34076191313271214645
-0.02033956403163655891,-0.02349385199319079312,-0.02690617052096366119,-0.03049852801670327115,-0.03419741692943158856,-0.03793815841098874958,-0.04167689997387881429,-0.04535552150634861862
0.02831323596719325861,0.02499976184754541114,0.02131977422164234651,0.01734891664737128053,0.01315706022922758303,0.00880082305822942057,0.00431024658244383817,-0.00026288661467468934
-0.04488395192436809428,-0.05129825442318692447,-0.05836017305864576316,-0.06602640634984870138,-0.07425569464153550236,-0.08300649774067354880,-0.09224813466694245512,-0.10192862789614189067
-0.13171291714839417075,-0.13840645715032209861,-0.14576348407705894128,-0.15376116745517826034,-0.16237890181837191794,-0.17159862932797290136,-0.18141292923825746986,-0.19178901159409941779
-0.16342101910013917543,-0.17180651248934855624,-0.18096402413966658496,-0.19088700783286502438,-0.20156367135465522167,-0.21295536096408676507,-0.22500381947611292066,-0.23764689106239531013
-0.17276450779743693364,-0.18816660533122275822,-0.20485958471726409269,-0.22286159685899786798,-0.24216353287772732217,-0.26263920571861476549,-0.28405507542289282208,-0.30623395998205255042
-0.22028511007838458280,-0.24710093522088863449,-0.27606793385847477884,-0.30724457080148914745,-0.34063143489330544034,-0.37598650557576712705,-0.41283820313823155201,-0.45084974121517373824
-0.29680365438872408079,-0.33541998375313614167,-0.37706998056379109618,-0.42186738385470329282,-0.46983973207008866702,-0.52065740589212217149,-0.57364735054994253627,-0.62833832811363021786
-0.35238781708123356751,-0.39896095967262307225,-0.44914955187660582370,-0.50312810370916949410,-0.56096789292853932452,-0.62231697593957691073,-0.68641025416945800064,-0.75271899122548024952
-0.39775496646595809302,-0.44854308026008843369,-0.50323705765003068358,-0.56207575808561893727,-0.62518724470696684925,-0.69225100170946740619,-0.76250070861312091441,-0.83541520710523164972
-0.47098612369432041325,-0.52183236942998845187,-0.57651899955264551689,-0.63533373253150959847,-0.69845407749246457563,-0.76561737486628012039,-0.83611492801751574611,-0.90947551447725816232
-0.56661596370028199932,-0.61105255887524245750,-0.65871078794507309517,-0.70988465848766924005,-0.76477100359224481352,-0.82318450249992425327,-0.88454384015933051888,-0.94847524960903639712
-0.66387149783044485662,-0.69668929551012770407,-0.73167652169337582535,-0.76908669742588164908,-0.80910052616541028314,-0.85161839746490852754,-0.89624094298973477901,-0.94272518764749335674
-0.70486113334358369009,-0.72499643698372051581,-0.74620925269958704451,-0.76867879760958934821,-0.79253997815065713173,-0.81776261044490627938,-0.84413102604084266911,-0.87152602435542159132
-0.64826701631569094708,-0.66099379096323862548,-0.67427283023774098325,-0.68820972832360760574,-0.70288529400215327136,-0.71828988664767179362,-0.73430855434558639505,-0.75087907525585062540
-0.55370106059862522763,-0.56581893125632842789,-0.57868111667806909626,-0.59234297472244734628,-0.60684150500417710639,-0.62214186943204852209,-0.63813313711669616968,-0.65473701407813877928
-0.47121822145900599255,-0.48174634610327027318,-0.49322770187111597551,-0.50567450816970571648,-0.51908839683404439658,-0.53342336101132248327,-0.54859226797805304976,-0.56451524533031904873
-0.41445421807181059837,-0.41932380749765318928,-0.42500100549324160149,-0.43145967255998374235,-0.43867730298995022409,-0.44663691878473821273,-0.45534025972990077591,-0.46475782041295499170
-0.38587693619211288487,-0.38655656239021268794,-0.38784776604437692926,-0.38971041510930759522,-0.39211763997251181113,-0.39508627879265562077,-0.39869135348896100890,-0.40295126712811252245
-0.32495384974545987733,-0.32697178227595236066,-0.32959967368498227502,-0.33281088935019498276,-0.33658978399074379606,-0.34095718783928541384,-0.34598175205081077577,-0.35168071810554724088
-0.19433490881340287348,-0.20208219548044434322,-0.21057411261896394339,-0.21981475311658502103,-0.22980830156113693508,-0.24055524229295752181,-0.25205723627672199649,-0.26429197355375338985
-0.01336904410591290178,-0.02588656380967115783,-0.03912409262746303212,-0.05311992189235940909,-0.06790302728191702220,-0.08346632636163112129,-0.09976231480709639443,-0.11674518027442565282
0.18764821965193584363,0.17364961056734870559,0.15910351593296889749,0.14393850437062039038,0.12809895159203413262,0.11158577173396364013,0.09446948599825029380,0.07679751213560433165
0.33594981086270297999,0.32164018795522636429,0.30681233348786896009,0.29136067891083455850,0.27520372152618838291,0.25834637045159236646,0.24089740652485719385,0.22291639218918476995
0.36791316341924462652,0.35431648372267110503,0.34012420803194581831,0.32521230384774968414,0.30948652702742607268,0.29296190096129520741,0.27577948782898176194,0.25801332515889391361
0.27860268357615491919,0.26573089436794666840,0.25213434721617483669,0.23770151286589230599,0.22235186164962386646,0.20612232850055842159,0.18917866727434085039,0.17161523185867924579
0.11052446208347992129,0.09593402494201755393,0.08037880055407750635,0.06377717933971285835,0.04607972349564520842,0.02736432751391628879,0.00784027577076040760,-0.01235640152286857779
-0.06605578100236852990,-0.08499402462612126730,-0.10522009768497637971,-0.12679596663758682662,-0.14974710570008065158,-0.17395040366124445153,-0.19913504549436564228,-0.22511110392611541342
-0.21065081498646753833,-0.23488298727077361328,-0.26078720484877238039,-0.28843263801600732554,-0.31784380726230293535,-0.34886230544598662018,-0.38114947408726668199,-0.41446340098315881395
-0.29266823036399214342,-0.31935007020831784885,-0.34796766491001468458,-0.37861293601316903246,-0.41132720421966290081,-0.44594515943172241546,-0.48209757493238425408,-0.51952289102690962785
-0.29843450609986305055,-0.32312629912517804032,-0.34973489701170168420,-0.37837088314491457153,-0.40909566404061326050,-0.44177111440030941703,-0.47606119409462011038,-0.51173206906874912914
-0.29418628540625002543,-0.31492768302305929051,-0.33734750170732885621,-0.36156324958666297142,-0.38765067981529544028,-0.41551796289908138338,-0.44490482546787035734,-0.47563369212153527865
-0.37036758021847676625,-0.38678498611649958505,-0.40447345131026679610,-0.42353802904056186973,-0.44405380411601619306,-0.46597775780720646077,-0.48914463209040776048,-0.51344277431123308553
-0.56621116106675950519,-0.57910552424299033270,-0.59282873993187312767,-0.60745936063819261364,-0.62305706758842260840,-0.63960930585555486605,-0.65702448817224423649,-0.67523998124120931941
-0.81591907228210946990,-0.82811877114681708978,-0.84090284237584833615,-0.85433605076346763596,-0.86846609033920685317,-0.88327657655715829943,-0.89867804166115361486,-0.91461104417003891154
-0.97535492276566093661,-0.99113586283418553258,-1.00758769128034608720,-1.02479146871919635231,-1.04279852830021102505,-1.06154652451562436788,-1.08084797995067827259,-1.10058465276154437973
-0.94731902647290833208,-0.97160557639027400612,-0.99705572073476245176,-1.02379804164994747673,-1.05190511347609061410,-1.08123157479153420013,-1.11140035683095450558,-1.14217548433732329904
-0.72407616566335486485,-0.75881532991915379149,-0.79546455347042510642,-0.83421837155678979503,-0.87518671627732302909,-0.91814802111920124084,-0.96253349892601802740,-1.00798606894341147289
-0.41021364757894668296,-0.44876204128757429812,-0.48962296586873182980,-0.53302944637114269000,-0.57912204039238535103,-0.62767912998929542567,-0.67810038247595660899,-0.73000870029310982456
-0.16572187577281433102,-0.19402395040394659897,-0.22412990335697635658,-0.25623074055947214767,-0.29045454116312841020,-0.32668484903506589401,-0.36454670934516297809,-0.40380576743273949303
-0.04756275464320942198,-0.05402311614033346310,-0.06097275869278453303,-0.06847687963859012961,-0.07659512076978811090,-0.08536880805940667838,-0.09481445511454304753,-0.10494363372107663734
-0.01942116240930794047,-0.00286487050531682554,0.01468093782000597092,0.03331236972909509125,0.05307296804608818697,0.07379794798848469950,0.09510994330893113302,0.11677527933768795665
-0.01805167308178334123,0.01162303046363643080,0.04321322114946345161,0.07693998098933854668,0.11293863677421492331,0.15100942578832513008,0.19060385450380670780,0.23139009932516169110
0.01130983513507957845,0.03813340258888658213,0.06681690664972661509,0.09760880400652928446,0.13067638644173010243,0.16587292290346353218,0.20272131955039349172,0.24094437025397530405
0.05862852576336116672,0.07074832827607703545,0.08392938798998104966,0.09834751732588692397,0.11412953347087620437,0.13121424944970030979,0.14934228072038316371,0.16837662637262143517
0.09900049147137160443,0.09586677351610922715,0.09293307889319112058,0.09026157911684093427,0.08790039543591150750,0.08584300179971607325,0.08402913843011242112,0.08244077918421313655
0.13100780512401957734,0.12131866702684088177,0.11142047537870518326,0.10129724539161233388,0.09093752343768331248,0.08034436314615267527,0.06954392724983400609,0.05856193774807564451
0.15016412792821676181,0.14477295331195794148,0.13933288225121376325,0.13382620077283305382,0.12823681552134058581,0.12255125460648770563,0.11676623683750207705,0.11088145255049414173
0.13913879821341210152,0.14199224052665909701,0.14514295033395960277,0.14861802022201636708,0.15243396822790181155,0.15656485109447712545,0.16094272529539929706,0.16552599250336355596
0.05513687322099189436,0.06047203756149560627,0.06610079639989067946,0.07208061538845628169,0.07845510007230255267,0.08521649618763582623,0.09229935050005895480,0.09966996499244989982
-0.10615647897494628893,-0.10501898584968251404,-0.10392405329679756110,-0.10282274411540003045,-0.10167280682118343127,-0.10045303830117191524,-0.09917139668733365720,-0.09781833105114201565
-0.29231765688772431977,-0.29563899037135693559,-0.29925846631197589032,-0.30315446881723229211,-0.30730629077862586795,-0.31169281917595503817,-0.31629751851644632987,-0.32109413728367786067
-0.46240554656175408832,-0.46609348233880598666,-0.47004652829966192540,-0.47425862200382024048,-0.47872661666098903499,-0.48345748101683599929,-0.48846954375904683143,-0.49376209497531931003
-0.57063650674220767200,-0.57177472386658667602,-0.57298885055293924395,-0.57426787313721261441,-0.57560857517876073963,-0.57703831454022558312,-0.57861534178822215946,-0.58036791351109595638
-0.59326067649211355892,-0.59384693002487387581,-0.59449617387388131728,-0.59518591823027511278,-0.59589812501603689476,-0.59663028984687271894,-0.59739845206449604387,-0.59820339462200489145
-0.57908725627480639453,-0.58465491108949918519,-0.59067863499876160915,-0.59713578183858617709,-0.60399076119043948463,-0.61115009110453033525,-0.61847056506240372098,-0.62584494345549956940
-0.61147108386684212444,-0.62747595970555058997,-0.64476208846043747691,-0.66333490840152309342,-0.68315936670601684622,-0.70402818583659088070,-0.72557502860869982353,-0.74754003659499079770
-0.75044460792187084319,-0.77955990217608128745,-0.81104812485351851503,-0.84497422494877982846,-0.88133348315065096479,-0.91982955362068286043,-0.95989039737495607252,-1.00111452292102454109
-0.94361425905807172487,-0.98302683472195839798,-1.02571642559333420230,-1.07181020761639866912,-1.12134480459901841876,-1.17398088408094114499,-1.22901951230788442082,-1.28597203495190659517
-1.05879154031931199675,-1.10049947588607199833,-1.14571090554072485546,-1.19457839717169456151,-1.24715881391011151891,-1.30311314098593533650,-1.36172181989186280582,-1.42248418185947222980
-1.03326599804399310578,-1.06575966263329080519,-1.10094056996135591930,-1.13892836659136653665,-1.17976415364877240677,-1.22316478725258837024,-1.26853464106489055574,-1.31546410709439265396
-0.91361472065433169121,-0.92550647966931565147,-0.93822904727029132754,-0.95181960430115608585,-0.96627854367429932836,-0.98145554662567791038,-0.99705341484809617558,-1.01287678480291365446
-0.79856228845002619199,-0.78686385906915712329,-0.77390590801142533639,-0.75963739864493051712,-0.74402171901718894276,-0.72708446239771939990,-0.70890731496370185116,-0.68956327370765690965
-0.72994629455563675435,-0.70201378968813044068,-0.67148720084719148993,-0.63826460244104687991,-0.60229633153860873129,-0.56375196994732934552,-0.52300747296903982164,-0.48034099749505226873
-0.67982782164619015575,-0.64829126203393994121,-0.61404437007629208978,-0.57698671627888509228,-0.53708056537589277113,-0.49454993882664249893,-0.44986747090693490758,-0.40337529683747924691
-0.64149628326883001428,-0.62024172864397142391,-0.59734395562722353290,-0.57276076248908203148,-0.54649238517102438628,-0.51871681683217885084,-0.48978072653086984767,-0.45993493455405415338
-0.60806293976647729504,-0.60633159294678407036,-0.60462975913338801170,-0.60301121391936463034,-0.60153177244402633583,-0.60026006908615159308,-0.59927184020194868008,-0.59862906940057303284
-0.54122632144435289803,-0.55868444627606572706,-0.57763827934060041347,-0.59821894069675451977,-0.62051893378126909973,-0.64447781554274408133,-0.66987900915035936134,-0.69658231614359955586
-0.41480159704060298731,-0.44122642599099648475,-0.46975964829414812440,-0.50053403574156718481,-0.53362360319638957318,-0.56886445080546621522,-0.60585664001297323544,-0.64432917063053340989
-0.24930688925094651731,-0.26934517151896142373,-0.29100239297502411562,-0.31432454798991932288,-0.33931174601546348901,-0.36577221405559473544,-0.39333240053694845662,-0.42172857782152706196
-0.09324819388208414883,-0.09647679724040011950,-0.10017287488108485294,-0.10425399767922818861,-0.10862892090364377473,-0.11315777870231265301,-0.11767119755368797562,-0.12203097561267833848
0.03811927423593686193,0.05046410884925466023,0.06332509442947764633,0.07687875876142616360,0.09127491609869596567,0.10657270838166282845,0.12271541629888005343,0.13969752547347324967
0.13811522619972124715,0.15510619976405423670,0.17281758480867112637,0.19143380155972153367,0.21110094758012559746,0.23182758591216112709,0.25345917931070677254,0.27592532279572257181
0.17776390622041252088,0.18822877851275204852,0.19891161624959594056,0.20993204095577516766,0.22138355155555652920,0.23326771171509186331,0.24547362838123107376,0.25795533762690880941
0.15063604709322886421,0.15133846125767699831,0.15162298855354297555,0.15153685862903226722,0.15111930771806258988,0.15038668105292027355,0.14931810485564933622,0.14792358590410123464
0.07291391013094494777,0.06680651802681736307,0.05986093077518182815,0.05209395828721208321,0.04352629492538395706,0.03420265245616341959,0.02417938547812362865,0.01351954351082833294
-0.03861760661485991175,-0.04711233614687618254,-0.05659816540958720332,-0.06704446209989177452,-0.07841231938769549492,-0.09061874489269204636,-0.10355210986211937918,-0.11710670259359792778
-0.17973199215619303781,-0.18810850971882048244,-0.19747507953879070430,-0.20777451838424101926,-0.21893882140538356573,-0.23084253922254233116,-0.24332273285921665607,-0.25623562840482527747
-0.35245046742611879642,-0.36102324771242921830,-0.37057889643008706804,-0.38105731906548317989,-0.39238203464922621899,-0.40439611275658365885,-0.41688323705210417192,-0.42966717807881504854
-0.54329883622573948987,-0.55062461267981022139,-0.55872333007960539586,-0.56755701344695208554,-0.57707090791925685913,-0.58713228596782307545,-0.59754570071343227067,-0.60815972822249553253
-0.72265290737861431758,-0.72342788448252826061,-0.72425837432380935077,-0.72512641758972518069,-0.72601311251428368720,-0.72689358493734645972,-0.72773998147972462913,-0.72852846181465558129
-0.84171216749259947232,-0.83285742087304304171,-0.82306124263316393641,-0.81231618546336858966,-0.80063896184052385507,-0.78815097204123074626,-0.77506683403589526904,-0.76154108046095170259
-0.86882054323323443246,-0.85661141256948736267,-0.84300647695828245798,-0.82802253172004203208,-0.81171007760200908354,-0.79426953714889669822,-0.77602949357381567630,-0.75723248497713668836
-0.81263214990301935181,-0.80982373866209012014,-0.80625626314332032862,-0.80200124297159836040,-0.79714077647070913368,-0.79181520633803414988,-0.78619914155619508023,-0.78043648382273123065
-0.71258685363914842092,-0.72656493368272878630,-0.74105460882783547039,-0.75619417458830617829,-0.77208931635688193840,-0.78872768871606802055,-0.80595847539397036385,-0.82370752547866865623
-0.65578326980577883454,-0.68203854031284738557,-0.70975350013928184545,-0.73910699093918741376,-0.77021184708353418458,-0.80292538196189311428,-0.83683346541935665908,-0.87168464543619583740
-0.69632627938331770334,-0.72467354907241177120,-0.75465537641596991403,-0.78645111064751582752,-0.82016526326775696099,-0.85560956047834291205,-0.89228959822401410218,-0.92990060449294609235
-0.78553061969198689773,-0.81117731328521081036,-0.83827954386835967782,-0.86700634105524909678,-0.89745517205133951144,-0.92944358766764789692,-0.96249645521602966713,-0.99632411665325426586
-0.86255155740055555746,-0.88966434517140791094,-0.91840492324460454299,-0.94895591531304535060,-0.98142301996642389295,-1.01561008513439721135,-1.05100701776417460032,-1.08730223793764024798
-0.89981479952515941445,-0.93513467474657652190,-0.97278421707114148820,-1.01298361201794562270,-1.05585607181900109630,-1.10114071551606529376,-1.14818285754607951610,-1.19657260012203114918
-0.88193834767746615011,-0.92424056332722881457,-0.96944819755535227568,-1.01780282713049174959,-1.06943263817024103446,-1.12401359209508977521,-1.18076274171674788782,-1.23918076183384440192
-0.82470179481266447929,-0.86221503161568424645,-0.90226189476051954497,-0.94504409849983117553,-0.99066168006304411442,-1.03880824696123563733,-1.08876626037125312507,-1.14007640445811331276
-0.75554456766587474448,-0.77664031182548121102,-0.79899767434385426945,-0.82272047996638175693,-0.84785041660451265777,-0.87418101361796562987,-0.90125418135483381654,-0.92878005099633165198
-0.67667333261205031558,-0.67986014169160757792,-0.68293250027583574102,-0.68588815521264545616,-0.68870724951554374016,-0.69130002840047499735,-0.69350462191656792044,-0.69522376109118833032
-0.56948773875477143314,-0.56624356936427000520,-0.56239102318161471317,-0.55787543874537082189,-0.55264430399991648635,-0.54665307215348446501,-0.53986481150992149391,-0.53225811770439790394
-0.40366364944587845853,-0.41142602665255917360,-0.41943460622675887706,-0.42766850245842036315,-0.43608884624355265247,-0.44458137213973358826,-0.45295876135211621261,-0.46109040366978248926
-0.18460456479035411426,-0.21056218945618368488,-0.23817979934947852705,-0.26751412254477546782,-0.29856599750062334797,-0.33110647914013635607,-0.36468129451526093421,-0.39897492377983850842
0.00343385949945581095,-0.03239061394328063281,-0.07066780764077268406,-0.11149399223164889461,-0.15488855358172121113,-0.20055504040162691615,-0.24788772051762980597,-0.29646552434043005331
0.05443636889769661730,0.02330317393784842039,-0.00999446513692969253,-0.04551807613176443029,-0.08326264501987265532,-0.12294706709556416091,-0.16402369128500968176,-0.20610673997809139668
-0.08318925498123716511,-0.10263346222392707996,-0.12343490741146052880,-0.14559131612482748008,-0.16906004024301254929,-0.19362637992443193502,-0.21891543578690134120,-0.24465462557431832957
-0.37068592368957531402,-0.38630982530144380993,-0.40311047418985840318,-0.42107031175247316979,-0.44014052611063675391,-0.46013628153596491943,-0.48075000586381128054,-0.50175238584372383599
-0.68647553912565295597,-0.71015339895318807528,-0.73575821262772223008,-0.76332401315276854348,-0.79283592085572462960,-0.82407159522117201522,-0.85661547921375102987,-0.89016486236752634387
-0.89337252325779925588,-0.92793487762892035153,-0.96536772757315170157,-1.00577325931838523765,-1.04918005807884884284,-1.09530992758373835194,-1.14359245499316686256,-1.19362152257273956835
-0.92162523303055932100,-0.95776572939460047351,-0.99695739442101549699,-1.03931993061811733803,-1.08489462591133323244,-1.13339686544523710054,-1.18423069422481241908,-1.23697449936849279695
-0.82126772448147833394,-0.84359013750756717265,-0.86790330018070982465,-0.89426264193605209396,-0.92267378960702450819,-0.95293224410389065770,-0.98463741841862773008,-1.01750190185759636918
-0.71356365644897457035,-0.71657183806593072184,-0.72004859020801181835,-0.72395078442114380035,-0.72822540525825618651,-0.73277031133962478027,-0.73744807015157387564,-0.74215126115593033074
-0.68833949599213883896,-0.68138551035598726724,-0.67409388994934160699,-0.66636337816885626850,-0.65810140709591491426,-0.64924050023512869245,-0.63975304833950985550,-0.62960744828407277929
-0.76352522557704161077,-0.75945878894379936774,-0.75522511824904237088,-0.75073574808979848250,-0.74590204284823857783,-0.74062493625032232991,-0.73480946027260918285,-0.72838121113544040952
-0.87315946641462738320,-0.87806607037773565239,-0.88339273174893329088,-0.88911638936912584796,-0.89519387522948146163,-0.90149451870230778994,-0.90780982032803769766,-0.91399534283781791455
-0.91469633028547825404,-0.92426827811947187552,-0.93443182340668917707,-0.94523067161644802603,-0.95667993796686423558,-0.96867990990679264662,-0.98101542685911391484,-0.99354922000282464012
-0.83788937789952078194,-0.84304581210824980353,-0.84820365872345682146,-0.85343267097086361606,-0.85878600450511999309,-0.86425849110125774200,-0.86977359075922777709,-0.87530123077780275231
-0.64803203120961683226,-0.64282318541266025846,-0.63660628321366041771,-0.62942695648737367886,-0.62133798858354760686,-0.61243502069955868539,-0.60283499767039072648,-0.59264804229344658637
-0.41332051504952516119,-0.39825383954884069349,-0.38135397039271867747,-0.36261389832536178313,-0.34205413531576367436,-0.31982047021041154489,-0.29616172815635799509,-0.27127880894395522970
-0.25999163548333220630,-0.24178380298318638553,-0.22159637840894619298,-0.19938818955113568610,-0.17515017873839602847,-0.14901385638078898377,-0.12123401547993475913,-0.09201148571857041547
-0.24126735649619115986,-0.22771591659957371445,-0.21270801079663817501,-0.19621067398011851624,-0.17821107372260472368,-0.15878501862278091017,-0.13808547814578331359,-0.11623920822904075523
-0.29607752143071747186,-0.29370104019419507324,-0.29085167742909351363,-0.28753932851530300541,-0.28376853330596418790,-0.27952680648209260461,-0.27477780277558438993,-0.26951580603626917876
-0.32545953148116557596,-0.33926331528620751188,-0.35388881031599156435,-0.36940815722902808904,-0.38585222610172803526,-0.40308739013368966031,-0.42081269937435450412,-0.43883910451534868802
-0.22316131130919947267,-0.25135447118386766707,-0.28147684712814952102,-0.31364517948418546567,-0.34790298608833369887,-0.38399742069305120573,-0.42138075195794350014,-0.45969186363064301615
0.03176068195666442023,0.00001737762168970124,-0.03393108904423393357,-0.07019136888026343557,-0.10878923533547051050,-0.14942020525781218865,-0.19145519801726479381,-0.23447222035905113113
0.31821041264828936468,0.29775811959085946024,0.27590610533628889822,0.25261747754068752947,0.22790893093855668639,0.20201928449103695451,0.17540126126618066360,0.14836377098014230658
0.47846918016117828687,0.47971907279817632697,0.48111162981423105656,0.48271900057303979148,0.48461314962152690633,0.48687227277073769072,0.48957148297582342433,0.49277218226630498110
0.41475003501046586729,0.43845720502082780046,0.46389462488980548471,0.49124726852943950695,0.52064078104357836008,0.55196931068971111234,0.58488556222765231141,0.61917629603251289616
0.16008681067367899753,0.19978759201795889822,0.24236674267897934110,0.28809322550534438578,0.33713059968903585917,0.38922552741517418839,0.44369792780917954866,0.50012079498559347535
-0.12815215738557553249,-0.08270840498093329218,-0.03392058229346481268,0.01851242781507841245,0.07476685627836912595,0.13452294638077108568,0.19695644544681176202,0.26154845008965821318
-0.31634961129007554970,-0.27549471169321271269,-0.23154157651616386060,-0.18421636178257483341,-0.13335970704309288437,-0.07926798614120872388,-0.02269921494049201641,0.03586900729885014044
-0.38270639024176922316,-0.35094251492645406332,-0.31665444105996709556,-0.27962854510662166208,-0.23973934365898783017,-0.19721337079628850630,-0.15263179791803729857,-0.10636340576551368831
-0.37824118807328765968,-0.35229616111473488482,-0.32420876731019665495,-0.29381074841050885960,-0.26100070534690050783,-0.22594527342280287807,-0.18907974154494885943,-0.15068564634733958019
-0.36351732538658299010,-0.33463313995437365955,-0.30342988528456227293,-0.26973244139783919548,-0.23343290733551433358,-0.19469269585337550810,-0.15394405693415555425,-0.11147169879353731325
-0.36197307528388200648,-0.32192388149999467961,-0.27882940954449808579,-0.23245635303997727594,-0.18266169362256734487,-0.12966292141304480712,-0.07404259605337613903,-0.01618471508659273181
-0.34039850403483629115,-0.28839960963805694183,-0.23256708405408568763,-0.17259810277776582721,-0.10830829577374383177,-0.03998502452629968534,0.03160460314906572699,0.10595825207217168806
-0.24426606434916495192,-0.18765446272125210769,-0.12690150593171667381,-0.06167279032122578719,0.00823514950459127912,0.08250498227542969742,0.16028889785280692193,0.24103462849773563126
-0.08432293668088150507,-0.03381571598287093361,0.02043994556246010730,0.07874038079783253485,0.14126331298680494530,0.20771364682577683758,0.27731650211237562909,0.34956648001845214146
0.04005577427961442422,0.07921907902655514477,0.12140515066343023076,0.16682517964904733376,0.21559656881385083627,0.26745929490372927217,0.32177584329765801519,0.37812461746280107144
0.01546968850993123319,0.04862585146991696416,0.08446640645126521352,0.12313752544992170868,0.16470502523594690580,0.20890635620254660587,0.25515796041048488529,0.30306459626137682850
-0.19027490050621484463,-0.15388179170806848273,-0.11452475842188021560,-0.07205685421134064295,-0.02641776805044708520,0.02209725463002002246,0.07284750650154780960,0.12539465943969510531
-0.47174980318302850435,-0.42873324709254828635,-0.38234603451194298929,-0.33238299102549201391,-0.27873748685538973779,-0.22170229557959159061,-0.16196562034992756374,-0.09999249630379439258
-0.66464819281819764729,-0.62338840506107018324,-0.57908967521039123039,-0.53150135842145174170,-0.48046261746803509141,-0.42616823205961545940,-0.36917739082903738845,-0.30985630163629290790
-0.68527084944223859431,-0.66112333531707645484,-0.63542899654790596653,-0.60797328267077899167,-0.57858892663963978897,-0.54728501614553037857,-0.51426765068060165120,-0.47965436728855881388
-0.56632508219223065549,-0.56671419648069654151,-0.56749978967922609652,-0.56856134140348069117,-0.56977020341514428292,-0.57094674937831557671,-0.57188695454026716725,-0.57242542630056081343
-0.41967826380155365262,-0.43782674053807085768,-0.45766729764246616430,-0.47915483823425247811,-0.50220091204229999615,-0.52652365178853199890,-0.55167448944688768364,-0.57731873903389530067
-0.33368707224591354077,-0.35323690631024412534,-0.37448420457548542428,-0.39738103754369719089,-0.42184012509651680478,-0.44759750980532253539,-0.47423743834972353905,-0.50144213116537639241
-0.29150650392798310717,-0.29536236086684330981,-0.29965714676632715374,-0.30425360118810501620,-0.30901515235602877718,-0.31378982260788484959,-0.31843447173636002523,-0.32281001574145790078
-0.24164040352818935697,-0.22484883760308854717,-0.20689525203570788281,-0.18753590064484940148,-0.16657372542036277818,-0.14398162355261859280,-0.11992652701019626549,-0.09447784751740755105
-0.16229020228266619053,-0.13589783495361981713,-0.10756956404949122308,-0.07702461961492210185,-0.04404570964700493807,-0.00865454931112439110,0.02886570080904943270,0.06836083783509541711
-0.05667538777493248692,-0.03713649425628489514,-0.01608605430896550836,0.00669506305454467023,0.03138349666809193972,0.05799768676849436505,0.08638029174323602621,0.11644969930285070658
0.03460748394479976758,0.03897640753470489605,0.04383352391268683507,0.04928191467302488193,0.05541855145711300362,0.06232302724982205500,0.07004793984051760347,0.07863974088067238188
0.05323518182255380926,0.04907647283688151146,0.04484781714261958097,0.04057135983751732067,0.03627964753507152001,0.03204891387196592833,0.02799733006042582836,0.02420731511575436451
-0.03313432528022712542,-0.02986882768935684648,-0.02611973807876866518,-0.02185451779443649267,-0.01705396173704869581,-0.01175416003053472366,-0.00604315320681377954,0.00002273155951197178
-0.19645153961592878855,-0.17257581536310401260,-0.14676796175448719728,-0.11890303876204369460,-0.08892399917149441946,-0.05704936206638103885,-0.02376894669794152315,0.01059739617402872050
-0.34850672627988837915,-0.30132865210106835052,-0.25060621904969399010,-0.19608782154005069409,-0.13764688516145548447,-0.07566010207906238849,-0.01100673824096975659,0.05574085512533031445
-0.41181131687403738084,-0.34964674775068754764,-0.28292461581278566252,-0.21129225274246926647,-0.13455530550058455996,-0.05315258901626178367,0.03183832376685404725,0.11971984818221201308
-0.38399083725255039878,-0.31898379091739426094,-0.24927704928593993894,-0.17447184493650924608,-0.09433010283527855366,-0.00925201846417691293,0.07971150170862983941,0.17188619023457032964
-0.33227692242165540737,-0.27137270384522277356,-0.20610319161370282970,-0.13606462639270114345,-0.06100059211351623739,0.01876406824515222324,0.10230584093817639280,0.18903888201295168670
-0.32329893268952142327,-0.26644355193673802118,-0.20551177585769780931,-0.14011227718621713234,-0.06999102198628946725,0.00456592745514563907,0.08271402310538659985,0.16392100796446434918
-0.35553871255737734547,-0.30117429482560487131,-0.24287678304165366550,-0.18027899187212481635,-0.11314751293875710547,-0.04177674776430877895,0.03299568425797412552,0.11064023412098347721
-0.36975326743970199361,-0.31977766819495179185,-0.26613095386774382467,-0.20849121573309684075,-0.14666254245847643034,-0.08094885721230962727,-0.01216415051023186054,0.05917293642752483041
-0.30497828305738683419,-0.26351090565192930582,-0.21894438544618582965,-0.17101964297136085236,-0.11958288424252570825,-0.06489949842277188685,-0.00766020928663308995,0.05169205718327624099
-0.17247611325496042811,-0.14280012115155146790,-0.11087023851165517252,-0.07649362417064994868,-0.03955011974083970372,-0.00020821433737537419,0.04106965666686848010,0.08398677926563147267
-0.05926017303833409217,-0.04305589145958624991,-0.02558979074603735457,-0.00673391633677148434,0.01360443034325292851,0.03538058498808219210,0.05840606893359978624,0.08256275835213996994
-0.02903359816047621986,-0.02466569799185468898,-0.01989568055707746988,-0.01465513089624447679,-0.00888017929222189618,-0.00252073043450957209,0.00445308307839137416,0.01206583148095870250
-0.09062705103678557472,-0.09200817914370190698,-0.09332250992863778960,-0.09455216057954562991,-0.09567225738813468772,-0.09662878983252391751,-0.09733965747778644539,-0.09775098754118397015
-0.20804949731215474640,-0.20719873677361008713,-0.20591637511367463786,-0.20422030948370467618,-0.20213238080429685173,-0.19969702396211971851,-0.19697050511746208579,-0.19400165066525498769
-0.29616407041963294100,-0.28724103636139503015,-0.27703662119370947581,-0.26557363556626950585,-0.25290243174302756701,-0.23919893905098266185,-0.22474160381619751048,-0.20973910015946919949
-0.28641610746466406034,-0.27009406657880885572,-0.25175519175439509123,-0.23139880500039042288,-0.20906924949470623298,-0.18501027133534009295,-0.15963643598309912308,-0.13325376969382968229
-0.17047217535178710301,-0.15315733964325609073,-0.13371737276485820556,-0.11212650345104564764,-0.08840275151202274528,-0.06275645437257411363,-0.03556466946125610290,-0.00710721702334217182
0.00717866173364537126,0.02124694569821969706,0.03710913003020672313,0.05480082118772721528,0.07432520845858676950,0.09554308143075945781,0.11819216809238962396,0.14207406847633705094
0.16721211678152966829,0.18020147116607029836,0.19480553886003137976,0.21105624888997948085,0.22895670452915409254,0.24838341128011579007,0.26910326411240259592,0.29093904504407591682
0.25832479479212361317,0.27544108630875097088,0.29443741097026104869,0.31534190737603773336,0.33814268346820902655,0.36265382098823811807,0.38853541672737224033,0.41553582173537328970
0.29690242596185500989,0.31996249990981140421,0.34530308492439004686,0.37295868781906327261,0.40290792207346687315,0.43488932693099230375,0.46842435546614336062,0.50316624525726927342
0.34088292912297801784,0.36628763766849764538,0.39400036681027922336,0.42407719225023204901,0.45651283298670219946,0.49104269710743952970,0.52716154151744587519,0.56451011637130843468
0.40824022629200262813,0.43289296118378944866,0.45953546956644475419,0.48827101752130264156,0.51914511422478626379,0.55196704173932886750,0.58631558596179755849,0.62190288184353570422
0.42884471708432836401,0.45461028004389941737,0.48221089637974767772,0.51182207689475567314,0.54355932581228572076,0.57730265101255273663,0.61268780713325232679,0.64948422631884195066
0.33264318239873214011,0.36576236246031762489,0.40122149984389116062,0.43928234645183689144,0.48012680330982349108,0.52362678048652977481,0.56932779542044209542,0.61695274763655671979
0.13147727083594115682,0.17781091411979346728,0.22763594011798163330,0.28129299370241428457,0.33900804777596477146,0.40055586686527738793,0.46524562775313121898,0.53264486109557507287
-0.10047257390705006952,-0.04213011350191465942,0.02082106722852352168,0.08875713770033646921,0.16190856191856539681,0.23992415056613383695,0.32186509815708103099,0.40712582579439948738
-0.27513019370466657021,-0.21143553538770543110,-0.14263435348978031891,-0.06836441837938525556,0.01157821669410337775,0.09675971483286970043,0.18611038350106604011,0.27892660367803234767
-0.35789474161596340762,-0.29586125073613106506,-0.22896012430918058489,-0.15686606698913690972,-0.07940556238567893221,0.00298182452700646548,0.08924687128492531096,0.17869402768213540900
-0.38888999476355512463,-0.33584966964365853270,-0.27888539171159681951,-0.21771848764364498674,-0.15219823909439034182,-0.08268787723855737515,-0.01006669035659506044,0.06508644679091613039
-0.42286484033927534965,-0.38544829009826936383,-0.34554748745953334232,-0.30294422646012386657,-0.25751024764248775512,-0.20947307083811569917,-0.15942621522065014705,-0.10774965410406395216
-0.47884959653262959556,-0.45980402556202032427,-0.43979363169373641984,-0.41867765980054588715,-0.39636151287494630902,-0.37292679187501082128,-0.34864658141368437549,-0.32368182724739541500
-0.51276906703237656870,-0.50849465337541277510,-0.50434880909754953304,-0.50026797492417307556,-0.49619809382534929565,-0.49211402796515019142,-0.48803450250229507557,-0.48395351246570150749
-0.45462985009229572864,-0.45520836522636159982,-0.45616377099840793585,-0.45747864426466228194,-0.45912924405283506157,-0.46106031473652442365,-0.46319541755386056670,-0.46547542972883720891
-0.32222563963091982453,-0.31603332724377442009,-0.30955653550640582772,-0.30278011616157457508,-0.29569364983429563543,-0.28830488897009370897,-0.28064267695399081060,-0.27273241081451565782
-0.22027947802498770713,-0.20061680461330574921,-0.17948450244698924139,-0.15683888874284468429,-0.13267042255614622248,-0.10711213184654470865,-0.08043379123798465036,-0.05283487466663673582
-0.23407719665267426312,-0.20371189106509643429,-0.17088652365102702246,-0.13552740523314732446,-0.09762138293503751230,-0.05740887652833898819,-0.01537068489907256370,0.02814495923227154292
-0.36285069812010195545,-0.33165170560957918378,-0.29772681120917982023,-0.26099454198444932418,-0.22143921005532882229,-0.17932193593313758284,-0.13516344464090496169,-0.08933989371507965183
-0.48445683715469051167,-0.46103609084391328210,-0.43528179408929013050,-0.40712379843603396790,-0.37654179913608609720,-0.34372739555582676463,-0.30906686218756107554,-0.27284338295250465389
-0.44007411834094117831,-0.42633976563076353417,-0.41093577426463101521,-0.39380471900765223747,-0.37491583078534873597,-0.35435362751391569214,-0.33230486960844152211,-0.30891380457300010587
-0.19634897765508074752,-0.18692900663292744134,-0.17628339003828844000,-0.16435035468913994361,-0.15108311942854085741,-0.13649892915238873159,-0.12067246970430405006,-0.10366620560208704427
0.12884296947520065824,0.14405485681604976445,0.16071292009822207847,0.17891886406916499008,0.19874581349331196800,0.22015169428865430379,0.24298008854327457495,0.26712108532385503423
0.35678661720781629230,0.38657741787084970442,0.41874932188361219110,0.45348058937640040034,0.49088430023281665049,0.53081284362178504654,0.57285567996477282371,0.61673953467080588897
0.36425016914162033910,0.41018085985218433187,0.45972602164765047350,0.51314417238577303415,0.57058726007163818039,0.63177917244627834759,0.69601474139601482438,0.76282635269495913111
0.17284625679635062800,0.22680266456804409891,0.28513762473284975929,0.34814095882652967839,0.41597448831443334383,0.48828262002705974387,0.56419631815044746226,0.64313525220150402628
-0.05595265237417072768,-0.00823633492845965258,0.04350764951911830630,0.09952339792608830282,0.15994134014354022266,0.22442931062331880621,0.29220096353197649863,0.36272556293300095565
-0.15227457402015495691,-0.12213129241706657813,-0.08933533409982669093,-0.05373586798543210363,-0.01525152171952856052,0.02591487776144987126,0.06928378056786436978,0.11452672437489137824
-0.10035620122247457253,-0.08830906775608514392,-0.07522342104837245746,-0.06102563061928913818,-0.04566341895560059594,-0.02917012837347182988,-0.01166531211291843388,0.00676679184361166433
-0.03169624154076411404,-0.02683941041951186379,-0.02184185791755898290,-0.01664401014407186283,-0.01118595564812546912,-0.00539924755684341104,0.00078140407288499890,0.00740398945384216235
-0.07634504122287451289,-0.06523792395871598482,-0.05379588669074181206,-0.04191496101960310444,-0.02950584751356744376,-0.01652673256793801837,-0.00300213632365655281,0.01106511452645147532
-0.22857710067153333422,-0.20586897911031049047,-0.18204100845568374489,-0.15693551632195568146,-0.13044379632363739541,-0.10264296242487240540,-0.07381441949422389015,-0.04412631768531802973
-0.34810733506189428521,-0.31798786306791404499,-0.28611792641150729510,-0.25231589003809812288,-0.21647678475053758196,-0.17879627540682269116,-0.13978376389289393078,-0.09975663059723657855
-0.33820071988442845790,-0.30909469818655344042,-0.27818103287531659173,-0.24528538656811943452,-0.21031568594516700244,-0.17350558877396274338,-0.13542315832706053325,-0.09642273821678108703
-0.23367055376780754283,-0.21259442523117802470,-0.19021533786967612101,-0.16638749130050237146,-0.14103061793521970424,-0.11432291736707797525,-0.08670916940028616793,-0.05845975979170374426
-0.10321950641377815316,-0.09099945528127062477,-0.07810962238257249113,-0.06444209667319682200,-0.04992866708026283407,-0.03465479234167223588,-0.01886903636901662157,-0.00271385180751348726
0.00526183382752236709,0.01557056203061782731,0.02641155252703674891,0.03786782084989920999,0.04999716861997717532,0.06276128427729474324,0.07601677872262298241,0.08968096651516373197
0.06172626829313654362,0.08028126153229266093,0.10004925743019574269,0.12111999381216359550,0.14354768747248658478,0.16724542061054592512,0.19198077397778307018,0.21759680193998304221
0.05821036860203145091,0.09156138089306922745,0.12738917221300108396,0.16582354583185576757,0.20692731988273216359,0.25049048009186991592,0.29603321435582585774,0.34322097648154342719
0.01169087617886441915,0.05845030944980407484,0.10886660728276210952,0.16312551725440729844,0.22131148596680888518,0.28309462158771692142,0.34773930999326335689,0.41473647791073009472
-0.03871289072293111061,0.01144315824559412505,0.06557190400007999187,0.12389628003907152132,0.18652432297026094732,0.25309608211314710280,0.32279149241489096811,0.39505214479532113625
-0.05486251054156644769,-0.01456813070971658096,0.02885532405996690808,0.07562250901428783922,0.12585180952945360100,0.17927397140443723789,0.23523270081229594175,0.29329281191193740108
-0.01215303112152318031,0.00945704407644806962,0.03265415838468645193,0.05760411740250738488,0.08441814998338434406,0.11299408214209258339,0.14300795457477602501,0.17425997960948425014
0.09814756883471600912,0.10150408942113610389,0.10508584969037972068,0.10900350238741615683,0.11335447368735286633,0.11819305259180233614,0.12351702625642846378,0.12934950791978161444
0.26095398294467553324,0.25522743920141710561,0.24924376022835695310,0.24308979598341107220,0.23685748921565716318,0.23066920472249979879,0.22466556870198070572,0.21896727191023676595
0.44161604021969635969,0.43838239691921915275,0.43535188773158928210,0.43263347159484938365,0.43033127955732686232,0.42853739850032840364,0.42732437909476622684,0.42676661733046444835
0.58766690826681589055,0.59723903137284506393,0.60816507883889892039,0.62061620192388922135,0.63472668383247843327,0.65048707583718057279,0.66774110928497587558,0.68640774000814952505
0.62183268086371279448,0.65048716858200950064,0.68193880886399860231,0.71642886656943027823,0.75411890329454178694,0.79485145683389968330,0.83815063634496433931,0.88371554419319564566
0.49887339820007670088,0.54303074507760262790,0.59100513294389278585,0.64306311982885377976,0.69936002385925655211,0.75960152733147257020,0.82304835103790496831,0.88921266265824550068
0.29320764725213882551,0.33935087826889609453,0.38925869996143330765,0.44315008265423794231,0.50113358248360984071,0.56286803263651874474,0.62757076433820202510,0.69471313264563461232
0.13317165394019436775,0.16445417094124814561,0.19818919652795005670,0.23449077737594128945,0.27340109203444595831,0.31466712641958299868,0.35774882894213655415,0.40227414518056248127
0.07816115537930184987,0.08614433247705090280,0.09468212711759631250,0.10378448299569074942,0.11344544796465581837,0.12359245072651671438,0.13408938352384583426,0.14483814928952162826
0.09964333121777317614,0.09188834959626240861,0.08341032321714075826,0.07418082257294213167,0.06419287024181789814,0.05352869506844122605,0.04235486204475225058,0.03078535511632659455
0.10238176518495370471,0.09573928014510565965,0.08835143365086937928,0.08022438292276456995,0.07138382470474129160,0.06194123832192840323,0.05208257962531265967,0.04194285865406958275
0.02265474950102877236,0.03279278534892080682,0.04332828257285284423,0.05433560467301149638,0.06587077590537408767,0.07792271151621255054,0.09040177976510199720,0.10325757709361879644
-0.11868424202875273166,-0.08592113512342869353,-0.05113413887413297693,-0.01418933486150705282,0.02497729691328640089,0.06615013370722226671,0.10882880794578977945,0.15267829249635928024
-0.29289125668424820237,-0.24654614200613025887,-0.19716764021905339166,-0.14460249363767943565,-0.08879945000003654221,-0.03012134723619239174,0.03065686065968938057,0.09300713163302463948
-0.45702699051128559127,-0.41639008526963544599,-0.37311305817271650520,-0.32707476066189988817,-0.27824479017658454438,-0.22696241802563296708,-0.17393303936864970560,-0.11963846597796906623
-0.54072026131273120964,-0.52326068729280605929,-0.50487426617469532975,-0.48551071469611906117,-0.46515852245190592029,-0.44396214549312662534,-0.42222424624850057873,-0.40014762897495781413
-0.49636763520431048669,-0.50585348772624649794,-0.51646006832966362410,-0.52821671146835624810,-0.54112944869578216700,-0.55510409153865014620,-0.56995700331146115225,-0.58555390303318710643
-0.33120916124305577188,-0.35654602824501707703,-0.38424812132416308330,-0.41440269820714481508,-0.44703610330932774808,-0.48191995390082137396,-0.51858628499594205952,-0.55670598563863871178
-0.13969203899898754995,-0.16215305178902819638,-0.18676751947474071192,-0.21362764895187719150,-0.24277038564309383339,-0.27400258101410668310,-0.30691357259892088072,-0.34121727242902827326
-0.02307043428948459679,-0.02518763772369299672,-0.02780864963187826625,-0.03095613434171417752,-0.03464420971358910667,-0.03884980680123915203,-0.04351822619333906711,-0.04861070497412299518
0.01463431348773270267,0.03889181955471546215,0.06481583828144835135,0.09250354716122816123,0.12199951235852865561,0.15313570776414070496,0.18553142747464049234,0.21892834827346696613
0.03420957716056392817,0.07729216487739552777,0.12356445918811863327,0.17324069530169008968,0.22643859990712289498,0.28288764443590080910,0.34192776950086717358,0.40311710700406994112
0.10797123593717063150,0.15572780561563534518,0.20697784035842245465,0.26200553331988257755,0.32098743602314960821,0.38367244098691516418,0.44937279753500020130,0.51763946266101179550
0.25361305048736032530,0.29469233841073300129,0.33861340537325629318,0.38567404889689710368,0.43607977381493745472,0.48967693186973954012,0.54593393137108325863,0.60451936464192645992
0.39869102060205063864,0.43216533626116809819,0.46780443326809612037,0.50590056936219141015,0.54667054570065798380,0.59004444311842474402,0.63564013735379443215,0.68323575827179849895
0.46146574842229548530,0.49508500738661714857,0.53090484619619837670,0.56922818128034768925,0.61027898768896793325,0.65398107430055407718,0.69993219705194897884,0.74790084077524732198
0.42061773221933140832,0.46238553402253035340,0.50708285976152045471,0.55503734965453166428,0.60647368286651870406,0.66121627622801204538,0.71866897177212429870,0.77846845693922472886
0.31753895911825513743,0.36802218767856731407,0.42220897631177217724,0.48043941030859027563,0.54292621229577964215,0.60937863217891374834,0.67898981061480112587,0.75124947620744475518
0.23990491450134113216,0.29004266956375812647,0.34387956184125267889,0.40172402659493366972,0.46375709498962730537,0.52965269270977954896,0.59856997692797331290,0.66996965115915141364
0.28478466543900904373,0.32250144313464607082,0.36286638559940415094,0.40610983617704682347,0.45236695392630854595,0.50139544330353591484,0.55256731149914495305,0.60548195999359122332
0.46452903523458505264,0.48349459166963643098,0.50348089707680010463,0.52463349178985430044,0.54705314070072574850,0.57067010415243224486,0.59522903236393576165,0.62057975620897987135
0.63996834198501661994,0.64340462293651234926,0.64646010495956629516,0.64923147752247312159,0.65181347291906999164,0.65430898662131908861,0.65680389992118148879,0.65938223807281848288
0.63729198732586578302,0.63576655278216509526,0.63335614749586810479,0.63015821016378537056,0.62628229937900137259,0.62190720592074666406,0.61724898772465031094,0.61248507950597808058
0.40855359873875651822,0.41232456661589472757,0.41563774200247166624,0.41861982206040920795,0.42139491004049012268,0.42409681605866766940,0.42683771821120419787,0.42972741077703313639
0.05837431555964680413,0.07075228530772183222,0.08346007215890571818,0.09664314328793127684,0.11041961465920005492,0.12481301141391099030,0.13972814475345943230,0.15513152668222909836
-0.23432449892860682250,-0.21513931428945984314,-0.19494814098796256485,-0.17361169331802198124,-0.15103651122373717985,-0.12730451403307452285,-0.10268749656108754065,-0.07734712198787714599
-0.36502184483687455385,-0.34242770652886461713,-0.31848633494863098914,-0.29307982637019575067,-0.26614165697270292243,-0.23780794315505374148,-0.20842506350551517902,-0.17821618250817897189
-0.36738364321144828528,-0.34816085615172698287,-0.32789929869222012027,-0.30651735712381522614,-0.28397114375380089202,-0.26036540659976953327,-0.23596045466050194483,-0.21092908083954337028
-0.33022577344612463746,-0.32266590837075420639,-0.31509018157408286154,-0.30746677409013783988,-0.29976924027642043447,-0.29198644694979725145,-0.28413460776434712463,-0.27622236697861274335
-0.31264921108569260211,-0.31942514964922474885,-0.32737045142290183142,-0.33650316955342995939,-0.34681244420253320992,-0.35816094025752948093,-0.37030241293883237041,-0.38306412420252905493
-0.29888534298674429568,-0.31426318293004479321,-0.33140410173573747743,-0.35035975021625226367,-0.37113711879004407379,-0.39355314685028741639,-0.41725189501631926303,-0.44198365526740673870
-0.23460120977723936120,-0.24830364239862390274,-0.26342935167981268441,-0.28003132625265403366,-0.29812802106134722591,-0.31759251654384001995,-0.33816295738468943322,-0.35965478083417218302
-0.11065781151856168840,-0.11478306937934115717,-0.11934688398409208643,-0.12436901438024321187,-0.12986123080499648030,-0.13580171825547132647,-0.14213740202479643870,-0.14882885000670401099
0.04113021597389807105,0.04687122021898293411,0.05310633946529005889,0.05986500044349616495,0.06716134686139599297,0.07494716755958361065,0.08311338632288996220,0.09158741226697532378
0.16716797278144360228,0.17774080386322349545,0.18920053398800126820,0.20162045768403341617,0.21505036670879945637,0.22944658619147328960,0.24467058836484240070,0.26063170483233355501
0.19899903770267329817,0.21231517113504225214,0.22661418233815577850,0.24200630257573640947,0.25857457904223257739,0.27629767531356413945,0.29504243927624912436,0.31472732156056165698
0.12398748909966485210,0.14331975548238401474,0.16393234992951552509,0.18597515446921056292,0.20955636852582415486,0.23462408641329701720,0.26095458176746000323,0.28841164482512449130
-0.00953624556969814505,0.02125480752566329123,0.05408272717837018378,0.08914917955189829990,0.12658420727417724061,0.16623741937950964331,0.20766572145457218301,0.25058993940829787928
-0.13342057612860017124,-0.08650769748953590632,-0.03631075826716673866,0.01744285660528886381,0.07491282190409363773,0.13581015198725465698,0.19938781849755385367,0.26516376059206747673
-0.14909417533697108538,-0.08876695258756236995,-0.02400392176665012284,0.04553289437830490560,0.12003651449753886815,0.19912039605768044881,0.28181229159616488777,0.36747708981037063847
-0.00932484208771833939,0.05159767978897741164,0.11710765113326569720,0.18755163566155252930,0.26313381803054552988,0.34348889559485501488,0.42767644343043625943,0.51507877805471646848
0.22354369696344114637,0.26919748306758711776,0.31829214036589098535,0.37110068077090802019,0.42779577708990951246,0.48815078333128070209,0.55153243412162555881,0.61752396189619118694
0.44748796287400582905,0.46884014452637312598,0.49174337361539760538,0.51634172634486819042,0.54274086811075117343,0.57089701028299622010,0.60060837690334278882,0.63174195033605329286
0.55158481343465748381,0.55281967744574322943,0.55406602900434931414,0.55535093526080825388,0.55671116359125405459,0.55822656024538885866,0.56001307700292368708,0.56214567920983316007
0.48409143662625980786,0.47749140900435521617,0.47038214146162987683,0.46273287780745919751,0.45453796552341907411,0.44589395245875512730,0.43699717131320275909,0.42797262013277620474
0.31010758939780597165,0.30483320482378944982,0.29924767851272221497,0.29330552518604646739,0.28697913536863489670,0.28031028932811657972,0.27341356895713070374,0.26635557250007207974
0.15508312851633898610,0.15420957846322103091,0.15337984609626362231,0.15254799035879701430,0.15167318943672769560,0.15072972286659810925,0.14971465119194254934,0.14861256320590932045
0.13615542740107772213,0.14179424648843610979,0.14789217996600009797,0.15442468306508455589,0.16135806381284475974,0.16861587542878045398,0.17608667884948944748,0.18368129270319200064
0.24179456043038555224,0.25966134257441769728,0.27880814790717933782,0.29927584919151623000,0.32107091786692293356,0.34405700696508451086,0.36795965394557605954,0.39258182908562599955
0.31769740534778750929,0.35285254309019514762,0.39055717138349926865,0.43095172803224318647,0.47410479720164155903,0.51979310301800063510,0.56750326443143450650,0.61688054255558510963
0.24199950974372574919,0.28907721120336871135,0.33964537536867983603,0.39391491823166802089,0.45199830881084107626,0.51360973815016908173,0.57806597576118967652,0.64489964111869191310
0.03449823052200229334,0.07686175139376930088,0.12240481530241209551,0.17131252906153449089,0.22368218069171053042,0.27925491989588729913,0.33741781685937893842,0.39774917518616387246
-0.15426703077163247957,-0.13352414727784389648,-0.11124098466251509942,-0.08735305891158411107,-0.06183407978388132109,-0.03481506205017796673,-0.00658067515573851174,0.02266430038172916397
-0.18409657146943503303,-0.18924778129043640096,-0.19483657388123773457,-0.20093969061503419438,-0.20761255457050514783,-0.21482896703517723180,-0.22247631773535309074,-0.23049587308754754256
-0.06349430781221519771,-0.08116586950175082305,-0.10015835960894112211,-0.12061580018766698830,-0.14263406381220730679,-0.16612059721859570582,-0.19078744713485007445,-0.21645964044903406864
0.10659863714974911197,0.09930643688649651302,0.09166187350903580444,0.08357459376543345531,0.07497467570084026534,0.06586666674571983737,0.05634066487594788231,0.04643853030921598485
0.21138076686759377232,0.23053434066790912116,0.25153579322950614383,0.27442924323211892457,0.29921475301573818850,0.32570453673953020379,0.35353849927298214295,0.38245630941066371955
0.19387899265226213319,0.23652009173437685274,0.28287072059640960831,0.33308851693204588607,0.38723123474656934162,0.44494218359719289735,0.50546853083214660085,0.56828599093858878089
0.12534371367462024405,0.17159906645783978840,0.22176022316207613660,0.27599014560763901471,0.33434495339182507267,0.39643788994765466471,0.46145778381202412488,0.52883930728156836043
0.10308120865030191704,0.13175035461085563004,0.16279004579489189664,0.19626172271811168080,0.23216396288310942042,0.27023091726759179698,0.30994798920473259907,0.35094711132017381017
0.14100737214332634273,0.14421484460013547779,0.14765411589410495918,0.15125880874435335133,0.15496069581698687645,0.15867563976441381723,0.16231454947970003211,0.16579654861774636987
0.19162904747451717236,0.17829110762227864950,0.16384690882932617662,0.14816247808582996837,0.13113963604829606546,0.11281859898794271979,0.09338497030065097404,0.07294691095496755318
0.19424199268888858727,0.18311740773037030183,0.17110424675832872077,0.15809931187473877379,0.14402775627924579993,0.12892444705100392088,0.11293949338369772828,0.09616213933454781371
0.14207149532239624068,0.14847825193136143795,0.15537520020045639257,0.16275794461087694787,0.17060853852777171924,0.17885026464626510578,0.18735299230993651687,0.19602099115115048655
0.09457433761754525936,0.12107625136276113642,0.14951251252636407751,0.17997767601953529315,0.21250777137260273841,0.24689951627763304098,0.28271436949560280194,0.31965083524321530328
0.10601679463570445883,0.14454345436487092691,0.18573583668632601129,0.22974293846270660291,0.27663079859015465845,0.32612930276061841139,0.37763311876415939228,0.43072956737861017862
0.17699080193893609869,0.21788088045066184018,0.26147114412302202568,0.30792568372223577677,0.35732321650255183254,0.40939882865394816580,0.46354107827441765055,0.51933486183587806995
0.24484002734520352029,0.28311426227451236270,0.32389475967400527257,0.36735130577734087520,0.41357533212075414664,0.46234507201429131396,0.51311974685952843611,0.56553472214409528096
0.23673918410126199019,0.27066023623574020363,0.30689946664708389612,0.34563355425997011050,0.38696968547832777396,0.43073906751079432675,0.47648978662463620237,0.52392054258655640364
0.13618350698856060421,0.16355970943503972403,0.19289941352197606528,0.22437092103571876223,0.25808671470910332646,0.29393940055175699078,0.33159388972026676567,0.37083016866178408755
-0.01718672785875144729,-0.00000129065341170313,0.01840257714852489013,0.03815000865794911794,0.05933342543330544228,0.08191902151753184536,0.10573827770923013847,0.13068389707723679360
-0.14428466981356616317,-0.14100934971101894422,-0.13767196607705586842,-0.13422608133134431019,-0.13062492844320583441,-0.12681461049972120314,-0.12274354863925873715,-0.11837234507833106767
-0.18513722222366854608,-0.19509807141559865062,-0.20616382261726237668,-0.21836935377590926954,-0.23171604203136272893,-0.24606412198881780218,-0.26114370533008823827,-0.27677103690187593310
-0.15708353139969288836,-0.17295866315434996197,-0.19052644863324780244,-0.20985903661453997326,-0.23097761275438746797,-0.25369089343554895866,-0.27760847962629597863,-0.30246739140437117754
-0.11711497744630722240,-0.12908806661368932289,-0.14254928132643199246,-0.15754379383668445924,-0.17407078422454597133,-0.19193485775553090211,-0.21076297390623183192,-0.23030303274408070457
-0.11870952336573381558,-0.11850741749548421300,-0.11887222329241378671,-0.11977339595677850836,-0.12116001104361308338,-0.12288789880721702474,-0.12473912805466852438,-0.12656382068375751637
-0.18535552487065798388,-0.17127964682483734493,-0.15657807600776454948,-0.14114555459869299048,-0.12488988556341332203,-0.10776141370563065147,-0.08977015426153597821,-0.07091949028867136628
-0.27811395552269302378,-0.25998770018830019701,-0.24069058294758166605,-0.22010545783613361115,-0.19814296849984983084,-0.17481958685396109532,-0.15026785448982879489,-0.12457618284840332734
-0.33010054793971066456,-0.32217476932021815728,-0.31363222262951601094,-0.30442013378888371777,-0.29449601440720268863,-0.28385701292035325771,-0.27254293882423247242,-0.26058353759011881889
-0.32485227823294116067,-0.33386931954932147493,-0.34348616312221735836,-0.35374246014234278501,-0.36465158056176277812,-0.37612093907784338587,-0.38795230270496977587,-0.40001761878871494593
-0.31438031718096431932,-0.33481162669838676615,-0.35682009349611382154,-0.38050218078250336307,-0.40589922009139944858,-0.43282877866259533706,-0.46088779323756062789,-0.48981060138305876350
-0.36146165387620565745,-0.37869358538054481711,-0.39741250418003098988,-0.41770592197363021203,-0.43960843128946736069,-0.46293834725935534280,-0.48730369579086629805,-0.51244811987399918607
-0.47448155940817632326,-0.47623929451056351558,-0.47835724463572587561,-0.48087370932084683162,-0.48380594597182419170,-0.48708559374708504386,-0.49056194138210501565,-0.49414765898759882568
-0.58399185731390990117,-0.56899881887090486554,-0.55299971521447777167,-0.53598953669596549609,-0.51798110356002080579,-0.49906380520827536840,-0.47939878180808237484,-0.45911775207935068277
-0.59155312627591893904,-0.56969276467705753930,-0.54615026230506646954,-0.52091624917188517063,-0.49401959435291004086,-0.46565346784210215336,-0.43616212781299568135,-0.40580624011621396763
-0.45772735180588158821,-0.44449266486439409363,-0.43016832564426860097,-0.41478775395718947561,-0.39840861366834140478,-0.38119771684920850108,-0.36341564456288255602,-0.34526419794348700565
-0.24570702217885301288,-0.24929920811777595002,-0.25319863994930402740,-0.25748991903309481621,-0.26224625039719201558,-0.26750172553566459177,-0.27324274838065470972,-0.27947592459046666225
-0.07955501248647431356,-0.09299257246174337521,-0.10773808456108729947,-0.12387810569866099242,-0.14146522714998127634,-0.16041397466693421703,-0.18050422877428812241,-0.20158885375526616746
-0.02449629906036212071,-0.03125165892024250880,-0.03904540865393778259,-0.04789372531106780850,-0.05779343654769791838,-0.06865543390711018046,-0.08031821369551560286,-0.09266139496134567777
-0.04309212378101062724,-0.02912572730506313504,-0.01472258118324527160,0.00021979940884968568,0.01577612012202464498,0.03191983781544643906,0.04850566889461917913,0.06545370451170402781
-0.06747691414220985395,-0.03225198005332301915,0.00506162903113909716,0.04467687704124462950,0.08673054447927633359,0.13106305994068678800,0.17720132134123375844,0.22484586412356472040
-0.05003869923721639135,-0.00596453509369668580,0.04096013044336649367,0.09100121476237767182,0.14433023216979046222,0.20074890821131893826,0.25967219078454428782,0.32072416833167199934
-0.02826891209140391936,0.00974075277390350561,0.05021819612206898653,0.09340851178260253795,0.13948019212181894666,0.18830409689563110121,0.23943577571184465613,0.29259103166661043494
-0.09655380769073516889,-0.07375429027344657107,-0.04956862149695445696,-0.02383605895975492509,0.00356493787387414125,0.03260755692486317497,0.06310093410899135502,0.09492545788630434023
-0.24443066129202048464,-0.23663523869132049859,-0.22847861686909343160,-0.21991255046142677010,-0.21089410556143078912,-0.20139731251694786840,-0.19142123685149406431,-0.18096723159330854735
-0.35922440224944868215,-0.35816721356577380098,-0.35710767670674220531,-0.35608314918016575890,-0.35512323208743751257,-0.35422915888199002499,-0.35337091691424243889,-0.35254309217930268616
-0.33611515181298240451,-0.33115758999329708567,-0.32578399720323447664,-0.32005079243041845150,-0.31401769071951829426,-0.30776616433041947829,-0.30138817325871497532,-0.29496920858044145541
-0.14438765640620082609,-0.12911302462339360742,-0.11264788829264969772,-0.09501009079004293922,-0.07624422687334185544,-0.05651253343171861593,-0.03608177825710959935,-0.01515717549809481209
0.11698598361982631699,0.14032295966212968152,0.16532000266848928538,0.19200695297385139693,0.22037083658416073417,0.25021876849304741652,0.28118687825400240365,0.31300788388219469294
0.27091608095774477594,0.29188530116662070313,0.31418731233567431804,0.33784981372827388446,0.36286537433204635317,0.38908044370258837441,0.41619955230653521427,0.44400483549880798151
0.18544177047203114217,0.19245991025975667243,0.19976750167750145781,0.20731328141531177311,0.21504212724471205576,0.22287765157886096912,0.23072802984494805711,0.23850989171015901658
-0.11873157041082309238,-0.12832159912329588192,-0.13863977298752991341,-0.14984830782876712441,-0.16207943296604293559,-0.17535619935626328703,-0.18957724482111093511,-0.20470482175119539270
-0.45136977481713186355,-0.46731139100423235710,-0.48409919916493809877,-0.50194974313887008588,-0.52103976184820954831,-0.54140406278903818738,-0.56290910848443476144,-0.58550487559563768603
-0.60493927323992047196,-0.61083046328551671156,-0.61653049366167478329,-0.62219767888978494419,-0.62797529780712968428,-0.63396691420369566394,-0.64020538398752735443,-0.64675498588053115245
-0.49835077937362654010,-0.48396451400647960694,-0.46782085626366431974,-0.44993931736367576146,-0.43036904824463156904,-0.40929578878188815905,-0.38701595737395128038,-0.36376408272115801079
-0.21025904866305689112,-0.17842670259427992341,-0.14374818046645515546,-0.10611911673493017172,-0.06550181076554557891,-0.02213766206530851793,0.02346843963102205124,0.07095321677955178374
0.06630194639000926149,0.10463832295412713036,0.14595401576916694486,0.19040027070183920821,0.23804812069350714254,0.28864056452892850047,0.34159890461214031943,0.39652028540786277144
0.18111995604722008757,0.21659387720528458510,0.25456999896840704078,0.29518565646567146432,0.33850346165386024921,0.38428304162362286744,0.43198244794759538268,0.48122981963629263280
0.13322912895571786818,0.16226086781627624411,0.19328073292118130855,0.22639657529440035399,0.26165416610183744872,0.29884772988788010917,0.33752077922227169404,0.37736126772339201318
0.01367339363343628850,0.03625027221228704910,0.06048025761338326339,0.08644765043460858611,0.11418815046184188633,0.14353937597344842980,0.17414357800833199508,0.20575427379441740827
-0.08052658360999584430,-0.06299688146495789620,-0.04401056375523287878,-0.02350363286512895111,-0.00144930082393576179,0.02202546110280724154,0.04664550031245442291,0.07221680562870375075
-0.11197776631249636847,-0.09732487605313934476,-0.08134552615207528425,-0.06400072897749764511,-0.04528266922018041318,-0.02531518873181444473,-0.00434485309678979414,0.01744970467374583681
-0.11080420940424254295,-0.09736601609969190718,-0.08274522348917287551,-0.06693237106251286039,-0.04994856917810940045,-0.03194634222045440036,-0.01319783031427726808,0.00609886744936654832
-0.11020504813278418632,-0.09489387317956815560,-0.07837213098450834803,-0.06063798173704261496,-0.04172753767083609011,-0.02183892312526269572,-0.00131957199304316361,0.01958303520514381377
-0.13191411840727865212,-0.11007060144007405067,-0.08659311724304995239,-0.06143875105032951117,-0.03461988841380305576,-0.00637937437339258177,0.02282007598526175282,0.05265886570965806757
-0.20566844635128725405,-0.17602777479603923250,-0.14416781929478222901,-0.10997429598711710996,-0.07340642172988151581,-0.03472375478639618679,0.00551965428805695647,0.04695037958015377266
-0.33828035813996815140,-0.30405017669669998082,-0.26722464801069151230,-0.22763703581982727697,-0.18520233633066313095,-0.14016607127740207672,-0.09310262045476618009,-0.04439491889578862927
-0.47426320842471803019,-0.44367552854986364030,-0.41075139525452109002,-0.37533796451144818551,-0.33735167146999350818,-0.29698871488200434543,-0.25472449281374287544,-0.21087805348837768138
-0.52020981945439226379,-0.50437267398680918351,-0.48734194428384158826,-0.46905016911620583953,-0.44946129170862758606,-0.42866700364687942981,-0.40688584988552684019,-0.38426984340933517670
-0.43169945669783371667,-0.43372625047021928779,-0.43593586669187905924,-0.43835871585841085230,-0.44101366407403802539,-0.44387467936465385687,-0.44686966177691106461,-0.44995891675910754115
-0.25321501706638471774,-0.26425840422957863618,-0.27610133390109031781,-0.28882018371340545393,-0.30246002062486848638,-0.31694219995981204319,-0.33206170049410305145,-0.34769087128275594223
-0.08472141232174967840,-0.09098998831924644259,-0.09752440056703211291,-0.10437810239924603939,-0.11158678857792354855,-0.11911923864703392872,-0.12687066406870800561,-0.13478252518242569979
-0.02119466903794493123,-0.01473200535121182639,-0.00737952422896512653,0.00086481408177944638,0.00998965127163179735,0.01992188069642526413,0.03053866795908010204,0.04174180029496134953
-0.06614970041926564182,-0.05163792335196419614,-0.03550946144220040734,-0.01773189345952479526,0.00169579985696130596,0.02263809586051029887,0.04483863684737972310,0.06810492393279699019
-0.12990633033982287858,-0.11653994313455151577,-0.10160630411646345839,-0.08508281079600445163,-0.06697304955067091836,-0.04739671099117841180,-0.02657306757694475122,-0.00467332232831392958
-0.13048402716446916294,-0.12224959601751383964,-0.11284667728870149961,-0.10227870339699404734,-0.09056084049189937202,-0.07776579247947869311,-0.06400796990178372892,-0.04939018877219176346
-0.05714226560995354365,-0.05131787794773787909,-0.04452501332245650811,-0.03678016899376205379,-0.02810528561260850627,-0.01855437882883877870,-0.00819805365122565528,0.00288980272189094493
0.01995738346179480593,0.03077778336331713979,0.04297557162308499740,0.05655395830586099765,0.07149741594633547692,0.08770363690431597081,0.10500078713377751505,0.12324678312137660185
0.00419627770281148175,0.02234230772939736070,0.04249619928923429463,0.06468710582022263456,0.08890549626601598754,0.11497236717923624283,0.14256019781759488030,0.17142107547383922395
-0.13466235780443452930,-0.11775314082792369408,-0.09886685678122281162,-0.07798961967422507469,-0.05514538120914763003,-0.03052598604408683289,-0.00446729940119430010,0.02277529952172077307
-0.32566463939080325662,-0.32194503511907512916,-0.31725715608174470672,-0.31164908451434547576,-0.30517551041151291802,-0.29793247388250854168,-0.29003457741486798893,-0.28158881351936793092
-0.42652061248727307641,-0.44212584287465922506,-0.45833334882544846112,-0.47526594851263670449,-0.49300516532270072245,-0.51147690173036186589,-0.53043479738738152918,-0.54973992820438610796
-0.33529809784341713108,-0.36613385940693088383,-0.39887794190800018868,-0.43369779047665935057,-0.47068054260340902450,-0.50959502545536161655,-0.54988361396193574659,-0.59119202521047964360
-0.09231488522360771498,-0.12597556994454561785,-0.16188437979660819099,-0.20020133737345433000,-0.24099722208700585790,-0.28398459848569268527,-0.32851576491740142050,-0.37417060389271183940
0.15215525040957578184,0.12899797753336811335,0.10432628504155380678,0.07802948911014680189,0.05006123149411510764,0.02063314943457602788,-0.00978354075070084379,-0.04088555202233766506
0.24758335721535107421,0.23987614452422323374,0.23180329114914216548,0.22331228193001453897,0.21437587996530510503,0.20506527793888096323,0.19555490766122449187,0.18594844672684726627
0.16793770779397271253,0.16833487445003272875,0.16891102118878389970,0.16964496689346492131,0.17051911922064805216,0.17152637373497692241,0.17267560216466615319,0.17396143848436906865
0.00811330423320962002,0.00432550902136124259,0.00023271052596426762,-0.00418686313534955695,-0.00894267047662344362,-0.01399453956564243422,-0.01925327981223752538,-0.02466197793833033169
-0.15111325564756222795,-0.16469674651290369671,-0.17952992976135942471,-0.19564237035092829631,-0.21302928915374069740,-0.23154077358471242265,-0.25089239523129558407,-0.27088316927826538993
-0.27368476405269109852,-0.28876978568904232425,-0.30530558524044848490,-0.32330289520132637904,-0.34273729980424288977,-0.36343235031736864649,-0.38507528431915288847,-0.40743679579833441684
-0.32409832842620367455,-0.32320156725641757678,-0.32240443143342245591,-0.32164989840394514475,-0.32088779365896596962,-0.32008846403631019406,-0.31925284589282043601,-0.31836333677388301000
-0.25607604328894173484,-0.22959796096713891433,-0.20101868353878815654,-0.17018926469797973633,-0.13703026553696573409,-0.10174248288629338111,-0.06480564305711332407,-0.02653296757968974864
-0.05257510746194314633,-0.00952520489914770140,0.03702127453674979723,0.08727067191570207771,0.14132410376881784919,0.19885432985257331384,0.25911324708472682765,0.32159802351806193732
0.20193788683414126695,0.24180493205873296314,0.28483706508605410868,0.33122909118242138682,0.38108572722544292732,0.43414644928381435074,0.48978909311576607211,0.54759241166172933912
0.36262305096743840949,0.38442045483393255667,0.40780721296834371303,0.43291161910316228179,0.45982108651568831537,0.48846166504774346517,0.51859249821558195404,0.55005147343148508288
0.33560554954665461347,0.33916072590790558028,0.34279586077638585229,0.34657075591554586946,0.35054834859391231783,0.35481172175473218999,0.35945216383293332463,0.36453581696440406912
0.14514260058908906581,0.14332016626895185962,0.14123210391249255147,0.13892299210617545246,0.13644851949971162353,0.13391690944462378288,0.13147722015627966163,0.12923849553880920049
-0.08045578591463285745,-0.07502239789581087448,-0.06911108018987892343,-0.06263767009018156307,-0.05552991538302674140,-0.04775814657342705716,-0.03934244862964425549,-0.03028586740382688963
-0.20987471002806681875,-0.19797598497244503490,-0.18496905674718205903,-0.17073168934559818100,-0.15517099368297690432,-0.13830811223609387750,-0.12028297083186699490,-0.10117872239073073815
-0.17587283855496030349,-0.17013633290766227990,-0.16382831579615783624,-0.15684446425240242129,-0.14909158803485772493,-0.14051458196385402388,-0.13110525916908630228,-0.12084631766924447405
-0.02457736858635082081,-0.03468393039567685410,-0.04564702133539567941,-0.05743379442120494921,-0.06997822841085300782,-0.08306971890055066254,-0.09636911125068194084,-0.10963679308473585350
0.10227517436881888857,0.08235778658885116454,0.06066954287359341280,0.03717919652912916872,0.01191633088752200136,-0.01483266483591669932,-0.04254278577048453691,-0.07085329097143247545
0.10208240951140486186,0.09038405923638148654,0.07758676421939779411,0.06365961038750950207,0.04861223850978756145,0.03262430379844569878,0.01603459292575155903,-0.00092950583550471247
-0.04107267026754132105,-0.03146882578168829631,-0.02108715451662619700,-0.00990096873970420892,0.00210196259320010207,0.01487336873602842884,0.02830725597187462930,0.04232171384368260680
-0.25227244494464129421,-0.22518918365196818887,-0.19571700660471963440,-0.16377237940010541672,-0.12933136582397944392,-0.09261948493007747529,-0.05409775268557584504,-0.01409468791501284658
-0.40383487788643962491,-0.37845656039443376084,-0.35072324531490212118,-0.32055532553059462586,-0.28792742835545370728,-0.25304253296558470998,-0.21631712415937107141,-0.17805200157399622696
-0.44276295094392731366,-0.43924943607302135984,-0.43517482404006302410,-0.43054022993524165841,-0.42534370181754127538,-0.41957549032322921656,-0.41321161919267762608,-0.40625420517036731072
-0.39339506820747477400,-0.41388565597911153304,-0.43587992089837956922,-0.45948144082407493816,-0.48472884346771499819,-0.51139829830416616563,-0.53900594676647595183,-0.56724204101685593571
-0.31420792049318391204,-0.33882418314551393523,-0.36542241094124849887,-0.39414304576422176662,-0.42505077943245717087,-0.45790407087728668412,-0.49215868334938911444,-0.52746535302899044684
-0.26337816776263445195,-0.26853158145385924715,-0.27417348064864149881,-0.28038521612810274330,-0.28722124768657242289,-0.29463140660865966280,-0.30245746065073009223,-0.31061399397020700297
-0.22145455679567252472,-0.20237876809669036460,-0.18184891616563128580,-0.15985442238727867736,-0.13641836500784912389,-0.11170799766131714326,-0.08602378061606594239,-0.05959219422258629079
-0.13466231372261952548,-0.10747589255286869869,-0.07817730875079061115,-0.04671141270714570387,-0.01307635911072858870,0.02250618809566334172,0.05960254663466552777,0.09789777291942537707
0.00273147306727741096,0.01923070325950272663,0.03697233635083987946,0.05599316256782239931,0.07630375151450831395,0.09780499742698960108,0.12029269347594731543,0.14361239294190281113
0.13967206391164940782,0.14040446021442798408,0.14105754401078923754,0.14163038649607326280,0.14213389319283423196,0.14262871046834388333,0.14322077322866963445,0.14397330650192324830
0.21132916175102184342,0.20722235768464053463,0.20254781160708340559,0.19730481303753436007,0.19151401485503763422,0.18528811804106420924,0.17882170802244221064,0.17224625672589380376
0.20863318744418088424,0.21359727386941712579,0.21865389019950326466,0.22384832104491841909,0.22922235198377230447,0.23480966072371306508,0.24062588019223038471,0.24668634063498248721
0.16847492171049166521,0.18501815046320430058,0.20263730539729649105,0.22142014634878565138,0.24142088887006638021,0.26256137086187109064,0.28462621059667730927,0.30747308426739400344
0.14694751463669919467,0.16731606979141996905,0.18924741142735870825,0.21283323458503974890,0.23812284689319074271,0.26499360824719181418,0.29315220386431917188,0.32239676336888561936
0.19062114875724694985,0.20402372452908998368,0.21864354572707628277,0.23453235471927394440,0.25171825795221908217,0.27013055785929590558,0.28960473522630719723,0.31001813920569826211
0.28232992932188621937,0.28248611662384187637,0.28290597140789325303,0.28357567919698889458,0.28449042082072700799,0.28567779265910386854,0.28720311376064033837,0.28909498462967253563
0.37896751727567018486,0.37161130668414704692,0.36384891654125584015,0.35562197054098526605,0.34689825561428605516,0.33774762599726160239,0.32834632156427462357,0.31879784030112701121
0.42850958920936216279,0.42517980884262901453,0.42160650908026758854,0.41772757297663942744,0.41349588813734294845,0.40892043371443276278,0.40407173661814393961,0.39898184949774428976
0.36398927573828870896,0.37183453449033138094,0.38023340418823903253,0.38915003980540641138,0.39853514498348002748,0.40827809275308257764,0.41821639562591772510,0.42822291610718282717
0.19724421966728070132,0.21710066889785295530,0.23852995488086933817,0.26154200789759268764,0.28610325365331756853,0.31199479378792394080,0.33882665585088711513,0.36631587158007161698
0.02375103354701022310,0.04790741581338777560,0.07418626568565049595,0.10262788105654309379,0.13321830169636528218,0.16571331757570600951,0.19965594219228602335,0.23471610489532832022
-0.06697622332924507704,-0.05094504091145914820,-0.03319728499070673244,-0.01370880351518508240,0.00751044194690013607,0.03030182444480983978,0.05437561992326749721,0.07951334857565910130
-0.04363832238556626664,-0.04442321267122356643,-0.04468713389308333339,-0.04446744754442590736,-0.04379307756851415906,-0.04266827746056081616,-0.04105776433839558592,-0.03896223810139627652
0.03059063574275129940,0.00978869843986888283,-0.01208913778956795596,-0.03517437363993623778,-0.05953900332293910608,-0.08502259017939391150,-0.11122097662621033276,-0.13788872714027669564
0.05468647307085672260,0.02017232032336213621,-0.01662991983224743758,-0.05592745766389031065,-0.09783297391792974973,-0.14208410920240036046,-0.18803526735715145324,-0.23527982985589107612
-0.01323381097370261369,-0.04517705441055080984,-0.07938203223793287300,-0.11605388253707615842,-0.15530936164472836092,-0.19691427591257396057,-0.24027688132921257158,-0.28502511137229874505
-0.13679703589267361297,-0.15290125880158267346,-0.17018559967872612382,-0.18879045768257965432,-0.20880809323248397669,-0.23014261147423911713,-0.25250263395743050010,-0.27571483192309259591
-0.23252078056378480686,-0.23220349199670328733,-0.23190759310817024574,-0.23171099079262336140,-0.23168616767090804975,-0.23189124739255925767,-0.23236031649562738366,-0.23313657944009164025
-0.24300667222161273506,-0.23701909923497357924,-0.23069356092993553720,-0.22410026744759106720,-0.21732020978276830880,-0.21048711339228323713,-0.20377540643506059093,-0.19732282778918230903
-0.17675665815997465558,-0.18002718396885081242,-0.18371882763050964571,-0.18796021155409373127,-0.19286970566341199440,-0.19853440071395636601,-0.20499743564260874962,-0.21230991827736639399
-0.08300865141394379865,-0.10201153767705685438,-0.12265270074501716246,-0.14513567333413698868,-0.16961563707384466615,-0.19606216732783621204,-0.22424810856861943087,-0.25404380431203288371
-0.02013609022689092157,-0.04480499705367634034,-0.07148499227224822117,-0.10039187209065714157,-0.13167774642946034058,-0.16524610349681448374,-0.20074243766424387792,-0.23795130450994855797
-0.01753709011465292428,-0.02989840350953675008,-0.04320752801964199141,-0.05759424686153837708,-0.07315243754471889570,-0.08983818189978635960,-0.10746143213289904850,-0.12591464052435227816
-0.04945419219642246261,-0.04008867183381575883,-0.02991000840919379872,-0.01890898548080015978,-0.00709221120520494176,0.00546482986384408571,0.01862441057360723559,0.03228017033630100480
-0.04266836249640965778,-0.01873830156510098224,0.00715297974766176264,0.03511204234964155485,0.06519325535693112905,0.09723748636638079867,0.13087666265588901449,0.16585669601523778116
0.06277052103700413166,0.08313111814502993635,0.10518681605043611604,0.12903270404699385132,0.15471683538100686195,0.18209500571009004655,0.21083498235924361119,0.24071006134116090802
0.24491522453920083757,0.24762906649248719870,0.25070578578005869863,0.25414147953220800336,0.25792353487917363264,0.26200022688860419295,0.26628685945061730811,0.27072144570952916265
0.41626493293540117735,0.40180270888099939297,0.38640654443793409634,0.36997727689390519368,0.35244579930638886278,0.33385905259885007013,0.31438759447396641411,0.29413854873355366193
0.48649362280532010283,0.46684609438128310543,0.44585175185475967030,0.42339406462467954473,0.39939912964271562235,0.37396097801404587502,0.34734731756825343307,0.31973204617290873486
0.41902214030782553023,0.40721071748699805282,0.39460244183066500723,0.38113655512818356286,0.36677926368746177621,0.35160407025640433298,0.33579385578925929901,0.31946861452826014194
0.26936777513580950627,0.27076249943047281388,0.27232233948229284115,0.27405763856831072411,0.27597985544537156910,0.27810492527417129960,0.28045312730165272708,0.28303443533075400840
0.13065684391925411201,0.14252251448635075426,0.15531909564226031861,0.16909798460476022086,0.18389317497746004992,0.19966804323305317737,0.21631540942199856126,0.23375425305631428174
0.03558995991622000005,0.05289574023757863397,0.07152774106188955483,0.09154608392319120436,0.11298441410412779495,0.13576766673289208942,0.15971393470545630633,0.18468620066116994693
-0.03318889637730357278,-0.01300451822034552445,0.00875694677183701774,0.03215912782673772258,0.05723176903087024564,0.08386441198700514410,0.11181068513814247656,0.14088798596029411536
-0.10031044189359140939,-0.07891215299704688879,-0.05576879595323364081,-0.03080773885238622528,-0.00399587360649070016,0.02453616035045290411,0.05449986070504732327,0.08568546625253690985
-0.20096628996192231198,-0.18481035642113688433,-0.16728727437330045968,-0.14834217870641724923,-0.12794944569532498702,-0.10620523477167086168,-0.08332219087398932966,-0.05945669236418834463
-0.33612825977920179898,-0.33462051022649830223,-0.33296059242428804881,-0.33116429981541145589,-0.32924267278855101626,-0.32719001833557387338,-0.32498123882708218613,-0.32261113479946523785
-0.45755527561816472515,-0.47358293312075638859,-0.49098693457043984800,-0.50987696963300577213,-0.53031600699040093438,-0.55217937753508239407,-0.57515555132516260617,-0.59904599139511904848
-0.52877253601042550901,-0.55444848318967232537,-0.58244348081164432074,-0.61292658906985353351,-0.64599720847485730957,-0.68147336023718962927,-0.71889516813391252104,-0.75796327760996018430
-0.52704853475292212650,-0.54994326674355209494,-0.57506778023868776462,-0.60259027846186197230,-0.63261666378412773071,-0.66500121175611226487,-0.69935027568269636511,-0.73540831591216448970
-0.43396270369338391104,-0.44801424230842090690,-0.46362153806897127284,-0.48091712883436699144,-0.49999255775739015473,-0.52077465873257999807,-0.54302765065795977062,-0.56660280409510521693
-0.26458186555963980613,-0.27303147528814197820,-0.28254822177557048501,-0.29322932321614769702,-0.30514325139090148209,-0.31824301684294364900,-0.33236816065027668943,-0.34742058077897891577
-0.05215876646252932958,-0.06094845935800253384,-0.07076436164434744824,-0.08168509182259275914,-0.09375772720147208805,-0.10690102021742556304,-0.12090947334139162672,-0.13565336011943895933
0.16146475197064757978,0.14877188824158441016,0.13479650809119375632,0.11945638305215966479,0.10271048423121931226,0.08468634606264892339,0.06567424462274978891,0.04586268958133669915
0.31714365693268814494,0.30268510450376523435,0.28679401583878888493,0.26938445821438405936,0.25041246001918282538,0.23000613009616044380,0.20845937202692244039,0.18596689572920285793
0.37312313949614617226,0.36638364821032004537,0.35876143895117373894,0.35020952496392204756,0.34069813268515902749,0.33026965842511757376,0.31903305158376515926,0.30706509230754036599
0.31315966805430772713,0.32187428191789224652,0.33088756844048083927,0.34023230985634295154,0.34991471424884973418,0.35983612028606348776,0.36978892901563431561,0.37964435480247549215
0.15810270904340575915,0.17775798907181730724,0.19862118799192771124,0.22078800538037668399,0.24429665915785009345,0.26895541997780209043,0.29434008171225156669,0.32018109624981516692
0.01059967502471361941,0.02947378182570969604,0.04964877476374577464,0.07122108543895264154,0.09423163582710970820,0.11849815671810179363,0.14361487790145754939,0.16932219497855921508
-0.01673996202459715824,-0.00525022509489702065,0.00715875811099037432,0.02053667868589602319,0.03490078267832005116,0.05013555153782327245,0.06599605927427179553,0.08232006716796269608
0.08590778029241114000,0.09427319582140419874,0.10346140343534017403,0.11348911740244274626,0.12435567489247824347,0.13598560639963777619,0.14823574778120188200,0.16099963251909357731
0.23377605585798216792,0.24936264825255174959,0.26639621961783432891,0.28491834087065531778,0.30494136345314676317,0.32635342132027556072,0.34892786964073085887,0.37249499247618211850
0.31387826808994651051,0.34085936778743419762,0.37014208320168662247,0.40182471687397169902,0.43595022088391116588,0.47233208396583142852,0.51056374045521002447,0.55035523210307568664
0.26213937255714681029,0.29322608200702804382,0.32681360644681645145,0.36302771382264198419,0.40192674461551397558,0.44329269127846077092,0.48663795559940598023,0.53162412527657909589
0.11763153695694023027,0.14039428613697152448,0.16481011708144918670,0.19097098241826895859,0.21891843727485787996,0.24848944469600975360,0.27931809111510402799,0.31115514772341096306
-0.01793182961552857932,-0.01041039510812408544,-0.00265564998368080256,0.00535257520136325510,0.01361961239881163098,0.02209302881257770024,0.03065830804103818891,0.03924060464653422731
-0.08243857136072382796,-0.08458279377646725494,-0.08738626691861729745,-0.09087794361870983606,-0.09507728111723538766,-0.09996155779059472113,-0.10547366769441079981,-0.11157190459781522740
-0.09440717587876647221,-0.09506076107735474123,-0.09621440279879969748,-0.09789559950416476530,-0.10012390717614728930,-0.10288401308586189731,-0.10613208093204540283,-0.10983887053535962286
-0.09785980982394643091,-0.09184281976199486219,-0.08562010278110526729,-0.07919751776742824101,-0.07258636383442955420,-0.06582038538389506366,-0.05895680747263287030,-0.05204215086866821605
-0.10776789996070325339,-0.09871276775653535507,-0.08902226565415873039,-0.07870216786994978231,-0.06776785303321772314,-0.05627754159874628903,-0.04432774733666887401,-0.03200076438249957467
-0.09432995781134054236,-0.09179293088421376645,-0.08906943618818984054,-0.08621042979105308923,-0.08325819003762868764,-0.08022566801113034662,-0.07708991167619076712,-0.07385931281965729678
0.00045280998722790395,-0.00952427909244769194,-0.02038904114924059569,-0.03226403512414764002,-0.04523197066791699583,-0.05921987430658137708,-0.07399421287761034915,-0.08942348731852982346
0.20066842749621541242,0.18314099691411425685,0.16395859245676416838,0.14295677597206038478,0.12002854790383560291,0.09529528377778778703,0.06910831508655146393,0.04168104951560217680
0.43287973709841237602,0.41751911778412953424,0.40052245729537272467,0.38174566371883517091,0.36109466920932653533,0.33867634281697039933,0.31479633902037046367,0.28964438010873827523
0.55706230940077450242,0.54977297763890942139,0.54146986225337379040,0.53207649037694415561,0.52154253700034491903,0.50992476441722844882,0.49738214028083621576,0.48401564740954139410
0.49962951036587321951,0.50105658601326885648,0.50232208435930902901,0.50342335524865344798,0.50435719922837451978,0.50512049289806837393,0.50570589480393191018,0.50611022837042762834
0.31987552225339943579,0.32817230507193390077,0.33711257938220207109,0.34673512126198158256,0.35705774490288821887,0.36801327387374238587,0.37945064644031684109,0.39126925007060597839
0.14512588370390863690,0.15939731587378827560,0.17499522797073210900,0.19196497959534766786,0.21031611034747973998,0.22990805622360199756,0.25045942511420149490,0.27177332007099125333
0.06516962209035968845,0.08783505899089211200,0.11253614224952090961,0.13932729129612672625,0.16820869514657704746,0.19895184213654218408,0.23111499966861637212,0.26438480701826327923
0.06422193626024032265,0.09800080868821767210,0.13458997929307581209,0.17407962037996330129,0.21648046915558882830,0.26147151313706856746,0.30841715423772209093,0.35687134388394736728
0.07303923707747667082,0.11133078413401110984,0.15265554257478641809,0.19712461328948738259,0.24475756398211831466,0.29519441403306129201,0.34771111595512094183,0.40180588614226625532
0.05698505431014490308,0.08355580457125888483,0.11220859781613685968,0.14300002368979750078,0.17591944938391812503,0.21067562607232362404,0.24671072034882582380,0.28363819705370663105
0.02819354932829246790,0.03030736116934578880,0.03269730792948064013,0.03529363279662300901,0.03801455534855303214,0.04071915880787700670,0.04322287030272718711,0.04538763027633190700
0.02929197892934717190,0.00617814513560721763,-0.01847534031536471680,-0.04487613342209857692,-0.07318386271971684398,-0.10337738147611394424,-0.13523635092847996475,-0.16863404709087378985
0.08936804349061543140,0.05088118677793349032,0.00974717001331723738,-0.03432380148076407539,-0.08153311910559374320,-0.13173945466051953379,-0.18443956059972860251,-0.23932341074382262880
0.16412563617938191740,0.12426886749297713641,0.08166117896777702612,0.03602271314236193955,-0.01282877943490850006,-0.06469345369583985594,-0.11897379218443640547,-0.17529739302192978712
0.16209589296142179471,0.13130748029712649427,0.09844622234808408923,0.06330955968615176177,0.02577562474860832162,-0.01395969980802490469,-0.05537273222232256403,-0.09813618227544471107
0.06155795443735211092,0.04171761885842898560,0.02065813011773135963,-0.00175130035344293281,-0.02558577897771581455,-0.05070187079982019229,-0.07672951642498733460,-0.10344115221804538185
-0.04797416948582202550,-0.06378167484144742216,-0.08045962936895870166,-0.09813780832931576215,-0.11690239752744654989,-0.13667246928424767183,-0.15718768593009391221,-0.17829691470911979145
-0.05060935480988996288,-0.07198602926846119077,-0.09461767517864343169,-0.11871129395887898561,-0.14442061761102087392,-0.17169912179486324089,-0.20027921514332899799,-0.23001410866109547881
0.09957191270099183256,0.06701844971756421021,0.03236828534649129063,-0.00469467048866594513,-0.04440733227428195207,-0.08670761618973744922,-0.13120585623902450423,-0.17768529127355658925
0.30628743448708251051,0.26429578996172536920,0.21947527485929158031,0.17143081176493443762,0.11987289184222997551,0.06491458240625373743,0.00710348140173341306,-0.05324779174637437468
0.38078245622257961278,0.33634923607057565231,0.28892953447107827536,0.23811529084643875964,0.18361592210793289959,0.12559155498123958372,0.06468441406035074781,0.00126521008700824860
0.22887155247618667930,0.18655160721119279366,0.14148811238280148417,0.09330678386022135673,0.04174938825337567994,-0.01299549231846824741,-0.07026351658184754045,-0.12966840291745090896
-0.05558396257347595487,-0.09385469344578427353,-0.13448237370863794227,-0.17779433681740272610,-0.22401350798092695138,-0.27296113660327503414,-0.32402976512271991494,-0.37686549482731429572
-0.26033804083785244687,-0.29058743671192244218,-0.32258744123502558487,-0.35660890306922055082,-0.39284366721933056121,-0.43118314219276226984,-0.47119231030898084400,-0.51262414044428095128
-0.21371333326596589353,-0.23111655640571071579,-0.24942600711915396960,-0.26883613514876414374,-0.28949971394906498512,-0.31141752845376324821,-0.33441505772606061608,-0.35840860906359184312
0.05800793678991502528,0.05817658630061185027,0.05857357803471632818,0.05911765325170899310,0.05972333260395995547,0.06027647467927648578,0.06065128839697152274,0.06074415729905387890
0.36594937101429553250,0.38552037230602298479,0.40662485233663875350,0.42932347231156670064,0.45362579580381967581,0.47933017317646231525,0.50603158457335106757,0.53345443462745223417
0.54360827110452247801,0.57647459227974706675,0.61180143645593454416,0.64975529738703574623,0.69042066409388991310,0.73355131505925841306,0.77857100953192703852,0.82510003617145422083
0.54600561670852565399,0.57901147034527911117,0.61447404479664102794,0.65256680907519049040,0.69338131321040696875,0.73667964286346354630,0.78189382620005187796,0.82865104357210839225
0.45437300533018853965,0.47455096682064557001,0.49618046606966093037,0.51935009966664946734,0.54409749867819068303,0.57025391543968995123,0.59744562689142355350,0.62542495495446026599
0.39653906897116353303,0.40047251341697365223,0.40452517119877240415,0.40868146234127816774,0.41291485056928595165,0.41715261746480580829,0.42127801066622688753,0.42521058168785713649
0.41055488252406324712,0.40592704365577159109,0.40063936274332717646,0.39462718785778516661,0.38783745350784748496,0.38026279646361621500,0.37194147937343352561,0.36289615678053421810
0.43646788209974246575,0.43514146007515458470,0.43334952704288959291,0.43105029652877263624,0.42820742876970119273,0.42480692634502215110,0.42085480881223358285,0.41635370606874128052
0.39138636770296791889,0.40090588182837932907,0.41089882678165068342,0.42137496127096174536,0.43232424680734871103,0.44365555249592980580,0.45519717177006635556,0.46683001575059851485
0.22399458044473766205,0.23978955052498429623,0.25677102584073346891,0.27495679991973759337,0.29433029566320989545,0.31472989741895135429,0.33585760142199660994,0.35749987168097863144
-0.02645613571692945198,-0.01973715061832643711,-0.01233914023317304702,-0.00432370811822232071,0.00423634906596319274,0.01321118005067824577,0.02243049406755467934,0.03175338597726527073
-0.24059356420041588809,-0.25839334070900438212,-0.27736648692333421007,-0.29771481151923123720,-0.31958956543253602689,-0.34295158039437323438,-0.36755323259946304226,-0.39326362505205714193
-0.30043829388787773871,-0.34713839107451771593,-0.39735682013843426352,-0.45142653107758529130,-0.50955662330942652627,-0.57146655197110840518,-0.63637466014400811964,-0.70379154924940701132
-0.17582932283839353138,-0.24007173083743074682,-0.30935369343904650652,-0.38407103718271201620,-0.46445014790017785655,-0.55003874255460372122,-0.63970294910772240726,-0.73271208951288435696
0.04867044065793764418,-0.01472730980177389820,-0.08320149729971236530,-0.15713154569092066537,-0.23672870059476330828,-0.32152815217686625537,-0.41038997768168089531,-0.50257516029180615558
0.24280073122932238627,0.19228696640658204942,0.13768139614227814516,0.07866235948061488237,0.01504176382241955746,-0.05283313983612379638,-0.12407848658790483765,-0.19812459865783144108
0.31169303231409356547,0.27509242518025450730,0.23553023062057054648,0.19273603578031048289,0.14653257043224504619,0.09711150363455103851,0.04504060533962092605,-0.00932145616509133350
0.25023525779664995694,0.22157663417948830764,0.19067640025097307155,0.15728450521507011950,0.12121782982313407395,0.08255252681029612294,0.04163789206437162882,-0.00131459180239035744
0.12583686716369377190,0.09971855407983681863,0.07168986174639468967,0.04149878349013791379,0.00894997985849347449,-0.02593751297760882660,-0.06291070279555725786,-0.10182549880342516013
0.00180145267680754321,-0.02216356297329391892,-0.04773747550964765191,-0.07516257965359941784,-0.10462900533294697270,-0.13613236995847580180,-0.16945141197972610203,-0.20446675117324455973
-0.08502757318332865299,-0.10289594686697128845,-0.12179848913265414745,-0.14192784684063483591,-0.16343446598504951517,-0.18631340507922414251,-0.21038329435476174623,-0.23555258562336209294
-0.12688345632752273673,-0.13440449880942337280,-0.14214437064183649273,-0.15021332930895883728,-0.15869831432202607946,-0.16760369101044436668,-0.17683493034321096093,-0.18635611916800745580
-0.14643758247059796007,-0.14357879614476506958,-0.14023158592313109128,-0.13642453726361311594,-0.13218308403104137017,-0.12752698027627293320,-0.12246049135789267848,-0.11700831069370733195
-0.16339379293279324146,-0.15450372614894247736,-0.14478984345772766273,-0.13423193731428628706,-0.12282006055838276537,-0.11058923827048416921,-0.09761478407608328856,-0.08396263372724871443
-0.17226649829876294895,-0.16453356573284583231,-0.15616402161104325774,-0.14714237931543117099,-0.13746426161692176793,-0.12717276122123774562,-0.11635518875779056469,-0.10508066703096705097
-0.15702936149196511373,-0.15877779045455978069,-0.16070333428149763400,-0.16284831083629386361,-0.16524980761223159731,-0.16792703306427603227,-0.17087744413741953742,-0.17410640474663380273
-0.12451899697105213438,-0.13900401784890542567,-0.15473417245913534401,-0.17182327726483076491,-0.19035530982204657002,-0.21029722616241547373,-0.23149518391586385024,-0.25384953571001644956
-0.10673781686085413722,-0.12722052356312724131,-0.14948734368291649588,-0.17367614009702722622,-0.19988235620106709067,-0.22803216430457817765,-0.25788104434463970938,-0.28926477700428476769
-0.13987057816592932125,-0.15373273872858794764,-0.16888563809936796289,-0.18541500070376965015,-0.20337651421377114791,-0.22270408790640028318,-0.24321187210701517012,-0.26477263946018164686
-0.22488862854457730700,-0.22477951908618629129,-0.22478081386062109814,-0.22489093063521320426,-0.22510656476286580729,-0.22541593076080262970,-0.22580157258153846223,-0.22625043588853060994
-0.29197933186324837029,-0.28459581606996625647,-0.27658113265348949206,-0.26790044093132342473,-0.25853219301127039476,-0.24850923250605527759,-0.23791770456163313652,-0.22681978684832224125
-0.26667104814429049009,-0.26719102766171654029,-0.26752342668868744902,-0.26770371432008432944,-0.26776391923980485954,-0.26772818215142907272,-0.26760393281013233890,-0.26740961096949217302
-0.14334845841783294684,-0.16051263362177758953,-0.17865075656987686181,-0.19792500067169843669,-0.21845964516330915184,-0.24023826067990744493,-0.26308601128105513212,-0.28690820498943875316
0.00871388143361675332,-0.02030012995142567445,-0.05112897960647191237,-0.08402651590156187678,-0.11918525113249578418,-0.15656685152213928314,-0.19587797850351684747,-0.23695018388183561320
0.07857956017818072680,0.05042104373903001646,0.02054526413952450364,-0.01130355168241506392,-0.04532353870334153434,-0.08149799008909554277,-0.11956932988900795256,-0.15939384769369624451
0.03115598545048412285,0.01180698896969886204,-0.00857322685416083731,-0.03017119836557503876,-0.05313411184282732652,-0.07746535359117413810,-0.10300211823416015322,-0.12966046522144858422
-0.06260015639546202826,-0.07725824568965526662,-0.09262650002276362482,-0.10882525358096191426,-0.12593993702532857437,-0.14392467225951369181,-0.16258797880269226788,-0.18182130417424316460
-0.12409100644432469185,-0.14438700288926803461,-0.16593142123280485434,-0.18884675587619564885,-0.21319963470191163890,-0.23883627222713074700,-0.26537570862566467467,-0.29258034548843325773
-0.10464818281095455976,-0.13559167604715699484,-0.16871789871348888412,-0.20421332842630318671,-0.24217881558598775005,-0.28237417475475662387,-0.32421340298512368872,-0.36732506305906420518
-0.01420962349770704680,-0.04965983649583760595,-0.08770108422319064512,-0.12857666180043683668,-0.17243405828075455966,-0.21904161733634802678,-0.26778001336794782228,-0.31826131563782722456
0.07683424163546652419,0.04902867651550803924,0.01922461745061476712,-0.01281825697954128845,-0.04726773123515779634,-0.08401056066746047379,-0.12263735984622091413,-0.16290443826951986339
0.09589393446205077276,0.08438538322924186985,0.07219117849244077734,0.05913174929259851914,0.04505452341572868669,0.02990071034102678021,0.01372665104788710171,-0.00346050777327487581
0.01099430302620656857,0.01454888737917649742,0.01865020185061630129,0.02319524300701957670,0.02806780741850734701,0.03308213009285143613,0.03800700775746792409,0.04265952228648658279
-0.10989661537565079130,-0.10352674680353636527,-0.09637855303056588885,-0.08851663168898087075,-0.08002469117210407601,-0.07107736644575766982,-0.06191940577747091085,-0.05273836058795522419
-0.15266101055982220225,-0.15779173929277398591,-0.16309150971724445389,-0.16863673477487664543,-0.17448999824421063121,-0.18066575717180494154,-0.18711907090036045131,-0.19383691537852473785
-0.10868440805725600173,-0.12934054330488894968,-0.15142337606877115386,-0.17503554406131557886,-0.20022243997932565041,-0.22679930470056255953,-0.25435070993638192460,-0.28260853822790404921
-0.06870179143201597671,-0.09585818682153141035,-0.12492090316222737023,-0.15599669327827811460,-0.18911668336941600543,-0.22400463466697970172,-0.26008106126638436129,-0.29696473308537774116
-0.11025410007823825687,-0.12922256464329409664,-0.14937101843769812204,-0.17077791034284661720,-0.19346763768140995410,-0.21724702284653402140,-0.24170490718304812883,-0.26657566309628710766
-0.21938013653522378532,-0.22127527070227626105,-0.22295301257499838821,-0.22445446306598193509,-0.22581268526599107549,-0.22703551492407136880,-0.22809462248643663784,-0.22898815457215460079
-0.30400243776473528934,-0.29171033046708710890,-0.27811868855160437608,-0.26325338188975117015,-0.24717116531243280009,-0.23006697262250366820,-0.21225330992892951776,-0.19396392497070086280
-0.30080876643568998929,-0.28460669955622813765,-0.26689561736884648280,-0.24771790425855025330,-0.22715814812614323892,-0.20548774924431414957,-0.18314021439741501318,-0.16043445615134357962
-0.23344360033784700148,-0.22252434164591780585,-0.21057374795332525763,-0.19767103178730935364,-0.18392363119337945543,-0.16956952826083745989,-0.15495291017424148161,-0.14033482518912324122
-0.17542544280714142402,-0.17422781454567931592,-0.17271738917602616481,-0.17101085772458252121,-0.16922691110804627401,-0.16750782320464654984,-0.16599722024405577647,-0.16482274307308125705
-0.17460118962878631854,-0.18651091878643502597,-0.19903071102030592265,-0.21231595843885298081,-0.22649027781848687924,-0.24156244255784226072,-0.25740754645221652908,-0.27397194305871958031
-0.20263023130884899592,-0.22996076463054501704,-0.25907184217147927185,-0.29016441752412247546,-0.32336979674625038195,-0.35854825352541552785,-0.39527548061733319695,-0.43329248582259644040
-0.19110141908623509699,-0.22892362904048157990,-0.26943636943427701214,-0.31287027522503157995,-0.35936077722732601147,-0.40866540271133017237,-0.46015618826001070119,-0.51343160828250922201
-0.10635072665278307025,-0.14443895981867260758,-0.18537730262020496452,-0.22939343520902141793,-0.27661842369888089976,-0.32679759949774539463,-0.37928646566335355583,-0.43366910933670477224
0.01288225378021680932,-0.01721274986769721904,-0.04958391404396424867,-0.08443111040465402228,-0.12187575345766522850,-0.16172758673928394613,-0.20347938029780374136,-0.24680911524966100967
0.09347249791819489673,0.07292259800400768821,0.05095984392319551082,0.02741803947108270231,0.00218689282464084667,-0.02462624916578961057,-0.05268610492171794946,-0.08179123353661271745
0.10773549791680464560,0.08983608500761919302,0.07093677748371687852,0.05088786154929949429,0.02958786581172416844,0.00711986262144698265,-0.01623427461152739809,-0.04031155725801274098
0.08475372667122836601,0.06268054680784933275,0.03941294475168942435,0.01480630342299061111,-0.01122835686785376812,-0.03856448796237493121,-0.06684684386593785221,-0.09585884240769511344
0.06034287751947139955,0.03654973582761352618,0.01140269543659945539,-0.01522153969417013204,-0.04338912095010880737,-0.07294130116578573242,-0.10348578758436834113,-0.13477245252762937167
0.04937083910624244509,0.03268810463958296553,0.01506476103274802074,-0.00357505444960359462,-0.02326847916758246690,-0.04389948976202121683,-0.06519397054407274905,-0.08697413641385470795
0.03185620092871139369,0.02835208114294253054,0.02480758097078457694,0.02119877009390429973,0.01750874647241165358,0.01374550922093499550,0.00994743997533171012,0.00613476239421220908
-0.03617565007461714249,-0.03092141037182768656,-0.02502755155913054252,-0.01850608328315168222,-0.01138358082369371124,-0.00375245697377674103,0.00423989212790617815,0.01248328694210604391
-0.15317061053235586643,-0.14975085958272138509,-0.14570463874142278171,-0.14108240801304167134,-0.13594670056574445494,-0.13042050067743110597,-0.12466934013379950275,-0.11882328288671678562
-0.24283896713182220872,-0.24763185486991609596,-0.25224845853551663977,-0.25679308267908468322,-0.26136444193856211982,-0.26605387447833978021,-0.27092208536103318250,-0.27603459758455983764
-0.23323938954681727731,-0.24585704864460269925,-0.25877756546435703999,-0.27214213520294566750,-0.28606882928774229891,-0.30059871391114084682,-0.31567072036029319992,-0.33127056746197491854
-0.14058031287135122622,-0.15536217348762265678,-0.17062657956133212012,-0.18651524748715328506,-0.20314177066137878436,-0.22052128733392023507,-0.23854720202822679576,-0.25717226102458878856
-0.05781418868360921337,-0.06919027747398269479,-0.08092451825663804499,-0.09313152067848466664,-0.10590502949657183696,-0.11926696744974435438,-0.13314830050923817661,-0.14752227889720162524
-0.06409883367466093218,-0.07030254824472695341,-0.07665789127068173281,-0.08324993954975030974,-0.09015353758712353616,-0.09741200237255434602,-0.10502229927793865771,-0.11299795133931596347
-0.14594241359181611695,-0.14740026010728876638,-0.14878211972298838184,-0.15015249100015432004,-0.15157552951821839926,-0.15312249811982364678,-0.15485917689160283439,-0.15684368405291684856
-0.19438073042414055758,-0.19440848000111188298,-0.19425507969554201004,-0.19398574200849968974,-0.19366916445626111698,-0.19339741901536602886,-0.19327215157873253726,-0.19337670543351734298
-0.10352366384151058532,-0.10695843198530914642,-0.11035536480543810256,-0.11380733697656852943,-0.11740486539892776297,-0.12124088052206674626,-0.12539279761264265911,-0.12993108556901686312
0.10824394993255410935,0.09767911815762528316,0.08675681523978084897,0.07534133415221055952,0.06331385865743807684,0.05060916248688255431,0.03723768398077284547,0.02318438542618693129
0.30688387872198902295,0.28774046437097150486,0.26763490002388101718,0.24639293743123716340,0.22387727876640359237,0.20008503203342126175,0.17516987560282773484,0.14921229890061601941
0.34328793898031972898,0.31729122145168942026,0.28970559289020386684,0.26033870756327354146,0.22905360660500939662,0.19592523035146411359,0.16125754176528547812,0.12523541124284029435
0.17175549574799767183,0.14113443622110985465,0.10839371761652157045,0.07334308144136082730,0.03586083856455712232,-0.00390464838708123397,-0.04552558948090877633,-0.08872684863475288619
-0.07503249528727241879,-0.10779776168702930039,-0.14298872133910536797,-0.18077830577708217663,-0.22126486784288151854,-0.26424767136806814882,-0.30922467249274249168,-0.35586276846895892323
-0.20071838750200476920,-0.23165968598894068342,-0.26491712975512615724,-0.30064122222295541764,-0.33891220166201607711,-0.37952680057907356437,-0.42199851334876758990,-0.46600108837912790349
-0.12186229862455126571,-0.14756233294991866201,-0.17506838941812630228,-0.20451925334870382778,-0.23599659917988949354,-0.26935456769097609886,-0.30421544320969878816,-0.34033047064830135309
0.09496297442294347746,0.07561128642765081731,0.05512011147587638632,0.03334873895798369514,0.01019779042327690309,-0.01427409592482167117,-0.03983707948035630775,-0.06635163512643238448
0.30391851207406039848,0.28977479120564347825,0.27503338472485439059,0.25955457810685333975,0.24322723230760590063,0.22604225781578937693,0.20811256729233479357,0.18949154184235031395
0.39895590356900556550,0.39161402634542591406,0.38422706657064098490,0.37670059037523012657,0.36895246921326091405,0.36093768726540770286,0.35266755980883629507,0.34412959912938295703
0.37422633383268322227,0.37960934753343478221,0.38584174674364563051,0.39294198242764716289,0.40091071971467473478,0.40967044626223503290,0.41907636987929841599,0.42902423693272645489
0.29616754439739367832,0.31693285304408463920,0.33963143371232151768,0.36442298934561923041,0.39141191944333431074,0.42048094863004259469,0.45129151019237756515,0.48362679721475537731
0.25736114691781980524,0.28777365832734480566,0.32083625501483270526,0.35680766564831356558,0.39586522863379758341,0.43786484767580691191,0.48233443244379381465,0.52898180561416663359
0.31058649319003195366,0.33787774754732652349,0.36759363217612212038,0.39999290562978401242,0.43525529735278156718,0.47324985794795443317,0.51352716919411256491,0.55581671676709643037
0.43260940919732798760,0.44572921151113492622,0.46014614247227830779,0.47602469198233643422,0.49347870132025811740,0.51242352673428204213,0.53257129542002457079,0.55375862200649472733
0.54501543771266214300,0.54474977605376595502,0.54462461940276118977,0.54468819923591327292,0.54496720179131330486,0.54540332115805589819,0.54585320278864679633,0.54624376539699148747
0.56639336817650576261,0.56343566806034317551,0.56024246341631633861,0.55680130600676414065,0.55308662094553151523,0.54901879831435218549,0.54446732213075554885,0.53935968907335751776
0.46362492099924984545,0.46888444585339805748,0.47440497765480676984,0.48020445196696992518,0.48627499689777620162,0.49250433357045841909,0.49867696279384787772,0.50465957258889793113
0.24673631762674932966,0.26289657895970242052,0.28010343658994973914,0.29846554493431087796,0.31804820863737304215,0.33874656131930319658,0.36027933276791984651,0.38247254541199321443
-0.03098704720354823403,-0.01145853344806853184,0.00939948364851914131,0.03177312896953695537,0.05580258309842787284,0.08145403786593370665,0.10850412630749067810,0.13682636130566377952
-0.27299493480665520950,-0.26058597178313369636,-0.24736190664211291090,-0.23312447252051202162,-0.21770361790883074882,-0.20102682857124395954,-0.18314158368945654409,-0.16404800726483526052
-0.40211936408526438580,-0.40304492267075431311,-0.40419009719075349452,-0.40542207522243389750,-0.40660779125653595534,-0.40759672293445003977,-0.40824372680783155287,-0.40841777819859509391
-0.39300225752091794140,-0.40738222975001114889,-0.42305290271860218621,-0.43999707678609212280,-0.45816979762145498833,-0.47740271807537143500,-0.49742029725924219452,-0.51801113171830293069
-0.27899480451225916466,-0.30099002425132076466,-0.32486511437086573739,-0.35070547352978864719,-0.37855271174793675426,-0.40826740976345310408,-0.43953583057096506925,-0.47213354083691033702
-0.16182299254509854847,-0.18188590679263688665,-0.20359563691142229525,-0.22706642534069629291,-0.25237210997276143809,-0.27942425684840860312,-0.30797168145643721848,-0.33784262366987843906
-0.13996567333504300601,-0.14890015590533939305,-0.15847059871469951209,-0.16872302271175182442,-0.17968622073743800716,-0.19132051390761445342,-0.20351621202545314149,-0.21619876946205801582
-0.21881166468528484570,-0.21268508608738390109,-0.20589134118142560226,-0.19834838426484344143,-0.18998904441300135115,-0.18080299342121461392,-0.17084017327647546547,-0.16012674257515779885
-0.32243253712618502593,-0.30711535620690061377,-0.29036015145216614863,-0.27198718357868040263,-0.25185118682839924276,-0.22993779317056406430,-0.20637335517510760341,-0.18122673439486630675
-0.36079073816884460468,-0.35010991795271073634,-0.33837037184200241535,-0.32540253480451086787,-0.31106033185762954618,-0.29528245811145681365,-0.27810479081118266720,-0.25953254123436814149
-0.28336694061416056734,-0.28925735364473520450,-0.29541083345254276482,-0.30178152234010818811,-0.30830915272892628343,-0.31486905280789045936,-0.32127996425999888475,-0.32740908735306384347
-0.13376947061556723750,-0.15880664944761144208,-0.18558323841040685886,-0.21422814979759491338,-0.24481257106848541838,-0.27717696168175248728,-0.31092777963882389791,-0.34580614212773341798
-0.01779939742203933556,-0.05627170779261822520,-0.09746165020165359349,-0.14163630742498894977,-0.18897582399398857311,-0.23932012432696381232,-0.29215421949090153442,-0.34715287924045840073
0.02180906703509644107,-0.01881627238596755153,-0.06224300307224037154,-0.10877363896296202150,-0.15862069201483008918,-0.21164782514314270379,-0.26734964970501562398,-0.32541300593347988190
0.02837930334555196013,-0.00179400512747312558,-0.03390586535585864841,-0.06818322547249437704,-0.10478849132445131054,-0.14363620513310870752,-0.18437453789994251441,-0.22678855032893499577
0.08111503914698883766,0.06764628822183983703,0.05350378967883800269,0.03859572886701982675,0.02285577751517132647,0.00631364977044487647,-0.01089373925352983205,-0.02868366023611895396
0.23658402039783557602,0.23660970371180722882,0.23688785554140118217,0.23744578814974784398,0.23830569870089715612,0.23946923244550824550,0.24091920765493471390,0.24264811176892403521
0.44774903575667845956,0.45068988236606155606,0.45396897005418190840,0.45765501384878237712,0.46180462975531205716,0.46643010857545269543,0.47149465463404527377,0.47698647580196901208
0.60891433255144400416,0.60371535408157628311,0.59813087232419270833,0.59218643892638112014,0.58591207017838964344,0.57936088071103186703,0.57260295442247943765,0.56570127251292656734
0.65364416274494152592,0.63803896662289183439,0.62121263896454959053,0.60311842906744006498,0.58373578848145712961,0.56315288853901890320,0.54156290250629912642,0.51910936561632181618
0.57249415347781418273,0.55386854940397611813,0.53379772411417225619,0.51219819765121277211,0.48901947000313483738,0.46434451993400671643,0.43838939836016854734,0.41130834651896491794
0.42216688445598798962,0.41237731784475839536,0.40181953926983510206,0.39044492905212035971,0.37822035047666802132,0.36517467614028131795,0.35139947659307668726,0.33696160850426409850
0.27950683349875232730,0.28667735748960054831,0.29434516936764032469,0.30255508613979448240,0.31133279913438899333,0.32062803042251247776,0.33031291595070921829,0.34030673012855766624
0.17392699402266839637,0.19393873349348569879,0.21539845753965886077,0.23843752175716681485,0.26314135369919555707,0.28941432361800056849,0.31697401072973491187,0.34563965516387223920
0.10786844194606591552,0.12711349732028739967,0.14774984662339540886,0.16992519940718606164,0.19374301044664379856,0.21913462782712742061,0.24585060876477549119,0.27373659936442862328
0.07156000411866364486,0.07798733249353073660,0.08485017523883449375,0.09223546866253624910,0.10021346773375641726,0.10879348621971747513,0.11791524842028583420,0.12755263296054544786
0.02095645113050767852,0.01414284457556906974,0.00677928838846419187,-0.00113065799911169439,-0.00957208513563828287,-0.01848032929317114728,-0.02774641817409601377,-0.03728563375919018846
-0.08438074658464750355,-0.09244018840686518690,-0.10111527165446808352,-0.11044155296440412439,-0.12044214387116611298,-0.13109003772445515512,-0.14230782367117261744,-0.15403829808233379661
-0.21053220716685000502,-0.20663573452012287679,-0.20240610182487736579,-0.19785415585803564631,-0.19300671888683221256,-0.18795939240829645511,-0.18286997149225894810,-0.17784632980668077518
-0.25636080172341818573,-0.23589613744521753524,-0.21379480092617361708,-0.19001028883318682450,-0.16455058291328722442,-0.13765094357278087611,-0.10976239410334179269,-0.08119512075555787578
-0.14500249528236655583,-0.11453000260472451233,-0.08162825929782858980,-0.04621238624260386174,-0.00827476642472685202,0.03187157951903725472,0.07360693795468271905,0.11650489687199788724
0.10311811004193031927,0.13006337367067202782,0.15918828376528265656,0.19056504607954133368,0.22419770250945869616,0.25980681039888869899,0.29684276378354373938,0.33492601701070562337
0.38167547490497344409,0.39439496561466730329,0.40824779615713979730,0.42325320149037848338,0.43939630493362041852,0.45651774517078796967,0.47432452735098856733,0.49261098640330219789
0.56351581953259777258,0.56008105405209929195,0.55661174500843657587,0.55307301082739412923,0.54943338452632373148,0.54567044430171551816,0.54177858396710509847,0.53774858024647476107
0.57765098169306605680,0.56590719499167607687,0.55356553269762476255,0.54058191164065150236,0.52693270656355639669,0.51267457456594733856,0.49794904778918752664,0.48285227848482392687
0.44859455976540546507,0.44148794158111193120,0.43418833449422655768,0.42670369864299634299,0.41904792815322827737,0.41125879967203554655,0.40340012961002846836,0.39552386406901557381
0.25814996511250032363,0.26177021016050183722,0.26599948405547918506,0.27091685567502854504,0.27657990487727518447,0.28296130661238477755,0.28994883780258645656,0.29748263658252932506
0.10290877556287869599,0.11201628020225060101,0.12205089310571336225,0.13311993996342519342,0.14529754869913985571,0.15852703212356625273,0.17261876328189848517,0.18746273558504317203
0.06949018828721741092,0.07586333050001352329,0.08282551494218351462,0.09045332027592466184,0.09880058283265295838,0.10783251439474117461,0.11742273508289755024,0.12749972750814872469
0.17501608728133108417,0.17582787881235995009,0.17673464328185267691,0.17776261417713806745,0.17893191045972861586,0.18023983097017157173,0.18165900922984262733,0.18317815185708380410
0.36234046852524481874,0.36262025602671960067,0.36302120477455662728,0.36355322066133605174,0.36422132490195135990,0.36501047247362328196,0.36588700015894437545,0.36683104515030595660
0.55380111539023824108,0.56206163269173237129,0.57124612619965819960,0.58140734237016156172,0.59257067670993102126,0.60464857465469323827,0.61744625356226945367,0.63083540215451450184
0.66970751355582058828,0.68956640653060563562,0.71141414055377383274,0.73537933549192757710,0.76153130307311067693,0.78969686897955404525,0.81946819803396697690,0.85057809255610095089
0.66889954657920502878,0.69628812688286079169,0.72622441602867970900,0.75889487320239901180,0.79440708290001127434,0.83254932382985780137,0.87279570635070247153,0.91480625553910022152
0.56735882991505448558,0.59472410716905566019,0.62437552939932283724,0.65651271726529558670,0.69125926282441241266,0.72843552964722824150,0.76755627244715718405,0.80831512820206830039
0.39079763860852034796,0.41239735350770378997,0.43549350667563097028,0.46025968455003890556,0.48681191755157704470,0.51504225138477410795,0.54460806628744806712,0.57530284016842236916
0.18947739556907169933,0.20357804875031795810,0.21839128835894869307,0.23404937464025638016,0.25064725234274315424,0.26813980788237895547,0.28632692164170608917,0.30509903930680787321
0.06826616410035368787,0.07490341621831331231,0.08172736047491116484,0.08883260285526298206,0.09629291981994340943,0.10410796409543872365,0.11218917986334933645,0.12050117838117578584
0.11983203932853191132,0.11924952288154495872,0.11851668184849546706,0.11769307978742446497,0.11683283175282928312,0.11597553035143463862,0.11513623556228025357,0.11434545568843917929
0.31940337005247276814,0.31405258663160867671,0.30836316069923863648,0.30236628944457777379,0.29610064103537353519,0.28964008669636037707,0.28308730412678134725,0.27652536054984450109
0.50777105771627883968,0.50192794357358416768,0.49571455267958808300,0.48914873304040701329,0.48226200646713163200,0.47514521876430937386,0.46794291032743623449,0.46076012307957597836
0.50798956833636310648,0.50289710114890995296,0.49735719980190085110,0.49137560209334119055,0.48497478234201440994,0.47824906532476230137,0.47135784921822315718,0.46441220447121350778
0.27269954155741554791,0.26509361375486900636,0.25669296497296950621,0.24747394254722096529,0.23743697261955301614,0.22668404845175404994,0.21541106917900584850,0.20375215872677410189
-0.06485244576157611629,-0.07858851983308337563,-0.09363251743069475608,-0.11005808612561876481,-0.12790249923587970748,-0.14705352758376055711,-0.16725492767147095985,-0.18833405950042220178
-0.31257254465123651688,-0.33558331437894362015,-0.36050548948230526358,-0.38748283089773677412,-0.41660413256606371180,-0.44773760037364518372,-0.48053050732825325353,-0.51475097496558397392
-0.37024757921505324632,-0.40588115438388605583,-0.44421706745531780447,-0.48548445633828629653,-0.52982909146417422885,-0.57706597223131306240,-0.62667251141183422103,-0.67831110422246754244
-0.23503919998272290726,-0.28270049907636407571,-0.33384486030390153610,-0.38877894933413398304,-0.44769577407003968705,-0.51033859166967987520,-0.57598962173200229930,-0.64418909804652269013
0.01616228155619685303,-0.03770693189862700523,-0.09550503187306028097,-0.15757836102085512331,-0.22414066309710189984,-0.29488037954138307528,-0.36894856058213915118,-0.44580338838718752692
0.26288130509212032093,0.21294445822771090882,0.15931900217993674729,0.10167901422325177629,0.03982602108728334339,-0.02593281005531020492,-0.09477451100388191441,-0.16617599597234475328
0.43337360537452468412,0.40136627012541042925,0.36704248152161056407,0.33016737575652954639,0.29059233392704958421,0.24850832109336545850,0.20445627786769726697,0.15877066590253283151
0.52053978333546013779,0.51483015905429441172,0.50897462103785118259,0.50287131180992050705,0.49643980080116717479,0.48967576220091885153,0.48266568051896657776,0.47543967433159234348
0.56860993034977835858,0.58342232304271557375,0.59990001107824908466,0.61805290461622153231,0.63785862947709048854,0.65915192768157171432,0.68164442378251699495,0.70511662722330881170
0.65387717394226119172,0.67547481226798788967,0.69942019153879164683,0.72577683905519396745,0.75455476386934883237,0.78553520034083534895,0.81829187242044454376,0.85251766486948399315
0.80143934839973407502,0.81822168726331279132,0.83694557099442212778,0.85767793422868310316,0.88044130066588177641,0.90506935116506437300,0.93122366372948606195,0.95866404363612989226
0.93186583742538009467,0.93932674198320120773,0.94779274331950746912,0.95730808332195482802,0.96789472407738186277,0.97948020944099711826,0.99190619669421031812,1.00506248105364526246
0.93806042735342143324,0.93934106769390723901,0.94087555686443413716,0.94268995669594846110,0.94480210456861457580,0.94719663499741912904,0.94982611904735281261,0.95266341490062578234
0.81212052904849862944,0.81455616053209822791,0.81713523825653666677,0.81989846520671549879,0.82287375112022287382,0.82604040595398797731,0.82932551299272228018,0.83269236869934160072
0.62653072527009812109,0.63571297887433131368,0.64550530716732834602,0.65598967598319102290,0.66721667991728894620,0.67911441630164570693,0.69148354509841736260,0.70420755282057923008
0.44872138952631202002,0.46461741371598241912,0.48168165518817024351,0.50002994828700486618,0.51972808158441441417,0.54064315692231856847,0.56244026388598622468,0.58491353044706229092
0.32789873925581003444,0.34639455077638930947,0.36624843101079429530,0.38758582281165676608,0.41047416661144214833,0.43474958044463724027,0.46001431689182892271,0.48602131860441594169
0.26327629973285954224,0.27921491272462917177,0.29615332820428830196,0.31420635847718997313,0.33343606918250573434,0.35369638252730456474,0.37462712961904104381,0.39601081171922863922
0.21549358215295524865,0.22600205109663981662,0.23681812373031563279,0.24804481296269742518,0.25974529414442271147,0.27183154387014907272,0.28405054600896345596,0.29626545120758440710
0.17202079866324596069,0.18055083187284357016,0.18898813764598337839,0.19745753119774089868,0.20604986474889425141,0.21473491801092989273,0.22333779332032133169,0.23178508342535639186
0.13857195685757595083,0.15236293673757875244,0.16633969096078565775,0.18069472023104724001,0.19557647611795653253,0.21097771681976315583,0.22670314025113641465,0.24267570222746981390
0.12080644088917141810,0.14375739936938236596,0.16758865255464552857,0.19257457500444741250,0.21892706009460058403,0.24663207337545109410,0.27541158198731219287,0.30513908223783425822
0.12306184253531794737,0.15430772079878909975,0.18715299907982185790,0.22192123433079713468,0.25885662102959933195,0.29790925881300550637,0.33869739339632431996,0.38102333779772223910
0.14314120156329410150,0.17831332131514171513,0.21551830155166445957,0.25506600706770204967,0.29717889820773768506,0.34174777633597119841,0.38830144557602869204,0.43657167372338556710
0.19431409485445011454,0.22637178833399776434,0.26033944400446856760,0.29645640633064418434,0.33488207858940272077,0.37546710264701615989,0.41773322600494255941,0.46139309401153438817
0.29944558495686884880,0.32319492735532562300,0.34829960703887352658,0.37491745107286178484,0.40314560022066930900,0.43284499832830913846,0.46362747310144059032,0.49525562675608597596
0.44868097775487947310,0.46395789669537756961,0.48000964175706473114,0.49695287672014781810,0.51486382330989755030,0.53366375309072100475,0.55310682347156270300,0.57304920712744267242
0.59828022777399536558,0.60948521353952955781,0.62123223034057795111,0.63364727500472073363,0.64682681455459234421,0.66075897260661431432,0.67530809329908969563,0.69040766770579176104
0.70382489679640702906,0.71675923115056694446,0.73048568286605897182,0.74514828549029088478,0.76085853376058831810,0.77760732015528655214,0.79525023361384683529,0.81371367532432259395
0.74476232429400901491,0.76066363574129558511,0.77773503128074317203,0.79609261232479255899,0.81581206712043230489,0.83681040872667389330,0.85884075790055902644,0.88174927693101146087
0.74607696222910002692,0.76223518255180067182,0.77972625980712717553,0.79859093380683976449,0.81882614573869616503,0.84024646484402842894,0.86249346627800083098,0.88532118860461339604
0.73908767732304347930,0.75216042974679642175,0.76640120400277822466,0.78177851528920938584,0.79822163817002844688,0.81548875663818487514,0.83318649443752978989,0.85103365808007103155
0.70161579395336104437,0.70808089486158554138,0.71514549795187709602,0.72275246319827091135,0.73081995518202969020,0.73915517416429721287,0.74747153939823685054,0.75556277232893997997
0.61698601433579669528,0.61755535875769518306,0.61809466280871738775,0.61858427063254250999,0.61899502858732879940,0.61925747251604845722,0.61926523070328198806,0.61894964794641005312
0.52214766270084056465,0.52192655545953992036,0.52142637777606448690,0.52070354046496092337,0.51980966249271665092,0.51878599839777217451,0.51765083118738508539,0.51643802772575919668
0.46205177951941733827,0.46565677215319001281,0.46918265720920054873,0.47274649530579393453,0.47645342542452862045,0.48037508897659492169,0.48452888831954005200,0.48895774749458192909
0.46377073998340162531,0.47120732469862625091,0.47888352471343781369,0.48692302086069938483,0.49542806766518193706,0.50442735567956309417,0.51385784372987686197,0.52370585654189594216
0.52145504713912016470,0.52441751518035173429,0.52733954664426319070,0.53028573698033554251,0.53330808902429616136,0.53641588633328785019,0.53956431196502474545,0.54274377990722422194
0.58713056690137011007,0.57683101672496528423,0.56546677286044877420,0.55301247165607880785,0.53946127456379400211,0.52488676646612697496,0.50943443326105197766,0.49321686906881162527
0.56421505542480632212,0.54247083320540734341,0.51868542199862643916,0.49277594216148823403,0.46470790185568905395,0.43464909822294128805,0.40295823471615577205,0.36989027473386509870
0.35678688272091602096,0.33506681406449079219,0.31122799943345930140,0.28519429719618299979,0.25694110602739805849,0.22666068089936777796,0.19474763553142082628,0.16148180413208418349
0.00551256567741577330,-0.00280307126915033686,-0.01214843730762499123,-0.02253711260439790823,-0.03396234179846101958,-0.04632768716910293239,-0.05945922818053388931,-0.07322697273707511056
-0.30208125826949017156,-0.29096455561408346435,-0.27920562556076466976,-0.26673512498070606203,-0.25351134511903983260,-0.23960040085477118943,-0.22518163029635024364,-0.21036628039005672575
-0.37899996214215553314,-0.35128622985108826082,-0.32148522073004948130,-0.28945438455002647782,-0.25512044872589689781,-0.21868938329350173788,-0.18064588177786847223,-0.14130904131189656048
-0.18214250674029208721,-0.14560695031176848491,-0.10628413254808742605,-0.06398347450992919461,-0.01860565492216277247,0.02958064963407327358,0.07993974301623280043,0.13205291348523778838
0.13786482533486332791,0.17307963107954377202,0.21083122168821730180,0.25131314787893399565,0.29463029476303903564,0.34053265740184218702,0.38841207096608532101,0.43787382297600296877
0.34954212532420542159,0.37855481086595638152,0.40947483581647498019,0.44246467497703284577,0.47761035073980784293,0.51469385444451876133,0.55318711767228989640,0.59275383613316345865
0.33713859070517787631,0.36253526372367811392,0.38955034551722506064,0.41831960362212200488,0.44890567665736186287,0.48107942672555592534,0.51431578991272985935,0.54828245894529648030
0.19775859792803904269,0.22323564154179276198,0.25041770181448513855,0.27943860150716176571,0.31035387629085392502,0.34290497525906005194,0.37651794396813342836,0.41082905402166952635
0.13579541762446256659,0.16229127718365371491,0.19062283075676245137,0.22094498015838093252,0.25333166805807788569,0.28753312852913653908,0.32297331106102183940,0.35928959076180466692
0.26616977702751459800,0.28924476414613098374,0.31385371501408393380,0.34016684828078469494,0.36828716449218418250,0.39805385693467448815,0.42903298042016635439,0.46096065084248416532
0.52713930584008872327,0.54081876475996504272,0.55525240539304954179,0.57058989910891122488,0.58694386900679729191,0.60428912112346344632,0.62244638144661790236,0.64132314809333268446
0.75233991470885974717,0.75550071189212975042,0.75869335745736998788,0.76201391987305655551,0.76555149676337830300,0.76937819504679805238,0.77353323566059173366,0.77806426465382716451
0.82084382569848479694,0.81544372100635975631,0.80970873666004683500,0.80366251777187569516,0.79734268558883958367,0.79084807745060148321,0.78433234525325479236,0.77790639155382823589
0.73076783743969087048,0.71945110723660754548,0.70776237175442169303,0.69564774041738020038,0.68307947620882780715,0.67013025089778566201,0.65698197857235451913,0.64374639654404619549
0.56989782049061077362,0.55378563737897312791,0.53728914678627681667,0.52028450370677736814,0.50268441033906297033,0.48453494349869058455,0.46603802820825579456,0.44730186632877227959
0.43767899472854709941,0.41351334521921329079,0.38842977001570172524,0.36224185779309431288,0.33482049036104050144,0.30625054754620140152,0.27685763387865686136,0.24682466586640544604
0.38480388421699951440,0.34961062885164634340,0.31244143577130734091,0.27305938102946281099,0.23131360684461646504,0.18738665894887354679,0.14181544108703353357,0.09492750143275982544
0.43424777990481955303,0.39252103988860220785,0.34798727566256298926,0.30039634602802711694,0.24960104334184743391,0.19586170502322805542,0.13985735695580950311,0.08202063298399386859
0.54795304013036005841,0.50954539890244165967,0.46836581865048770856,0.42420142726014076207,0.37693335168069524999,0.32681881328852874224,0.27449531154933903832,0.22037768499874638151
0.61708894596179408865,0.58874376793386440365,0.55842280182957937384,0.52597682581603821816,0.49132328009880177344,0.45464609441547160218,0.41639947548267114419,0.37688079663335999347
0.57275797855916177337,0.55489456844661921853,0.53605976789487186362,0.51615973211383192609,0.49513917045645988724,0.47309341694600220984,0.45027674706706161123,0.42685181761651580512
0.40921663225086657434,0.39708327273370430666,0.38458886251959745195,0.37166264398621134957,0.35825804189849602688,0.34441836079848897612,0.33028964172316171988,0.31595805915766611571
0.18923475153686170058,0.17533602804046952151,0.16091700134153602564,0.14589052674603897319,0.13019899060370543342,0.11389579523292699126,0.09715857587364655490,0.08009265276860096094
0.03421259817467644376,0.01572964315536687016,-0.00385456619076140171,-0.02464864710800052788,-0.04671922230110527041,-0.06996861835562964704,-0.09412681284198071152,-0.11902276166512119893
0.01636409722500796818,-0.00094506868337659096,-0.01957598425112109727,-0.03961218257065321491,-0.06109695944954418589,-0.08391065279610329664,-0.10777160021955593805,-0.13249091749617983305
0.13331371998464455753,0.12484030439169761795,0.11547442865044402205,0.10520599515365570975,0.09404475401777036281,0.08208712417093361191,0.06950636769299899098,0.05643032406050840777
0.30990269400204240036,0.31197320112063359199,0.31385165103103246365,0.31560290400763379992,0.31728661692535720107,0.31895152312679431184,0.32062069131882531270,0.32232896361283819298
0.42013944186139973169,0.42548647508762099667,0.43089767852254340363,0.43646074276018603788,0.44224948756815513073,0.44829226801257054946,0.45455670542004900092,0.46104258734524106167
0.40050362462711330824,0.39669054710659812368,0.39225117546281168535,0.38721652931238542683,0.38162430710379674492,0.37554822971452794800,0.36908446244238435341,0.36231672954521182417
0.28534961792020163696,0.26665114325613015200,0.24614356353471894545,0.22376098584594369956,0.19947831660462742032,0.17344221555872940677,0.14595963372023193494,0.11725169603188803635
0.15705928015545736476,0.13097523758439455488,0.10244861775450668506,0.07135290040928495003,0.03761958256975035664,0.00141972915559377376,-0.03684556673021932571,-0.07689590053427812488
0.08269120680182122374,0.06102563427916558175,0.03723109232466256108,0.01118082750723560677,-0.01720241291668993255,-0.04779253956650388047,-0.08026706750200969520,-0.11440367308015302050
0.07793946511185911863,0.06479917044491444178,0.05027264115991998683,0.03425054515458410276,0.01665722136363454592,-0.00244690499749488808,-0.02286730952158806673,-0.04447738515062683168
0.12432062864769323485,0.11149256104298629899,0.09750926621453645526,0.08223431420213826726,0.06556958517465033554,0.04756668152859382104,0.02843219103209524562,0.00828644528951191957
0.18639791511669462354,0.15906778841853427831,0.12972516241375400825,0.09813427811269062606,0.06413517096781538862,0.02786328596585547351,-0.01023753163224684973,-0.04990208992092433349
0.25398014927339374047,0.20567460591646385959,0.15397927443991318852,0.09853684076245257384,0.03911437281020550827,-0.02403404066249414592,-0.09014800379560396204,-0.15875897061069593752
0.34198253479068618788,0.28183433384418132839,0.21755096842000620772,0.14871774473828366925,0.07506842478324603218,-0.00308091607789483767,-0.08480946444724007938,-0.16954202462171308330
0.42561828588182254451,0.37022382198939024489,0.31114520630867342765,0.24801222502097519662,0.18058711273285732446,0.10915080311968809734,0.03452504142712695817,-0.04277517237026871866
0.46561187632571365835,0.42666648315586058748,0.38532644447685160394,0.34133399573738970600,0.29452185341268444230,0.24507484003433832598,0.19354930259425212613,0.14029119934661793412
0.45427494234894066905,0.42990199642357324050,0.40424726549922168628,0.37715460230898084637,0.34852468056373780980,0.31847769702100231504,0.28736887802841787343,0.25541574327070593053
0.39922511571565549859,0.37597068377630060709,0.35151324391693011817,0.32571864613357542906,0.29851060750275343336,0.27003874943064820613,0.24069089434595375421,0.21070744743749514338
0.32890793457185690807,0.29395012054052738204,0.25688525015669877449,0.21751732817745222937,0.17573955596657647726,0.13179747527148558128,0.08630047716201917629,0.03963369381630395955
0.27324965024658526280,0.22443600781478770245,0.17242177837551403430,0.11692091592501006880,0.05777085055928576213,-0.00470211278064945268,-0.06966964968542235792,-0.13660541941710216407
0.22178137409388928858,0.16816691797736577074,0.11092062262374231818,0.04970581435864560027,-0.01568025098145246765,-0.08491155379106909984,-0.15711747022769637083,-0.23174720515788158060
0.14996220737521409605,0.10425038871270207730,0.05543068815125168358,0.00319098250041574766,-0.05266762409805050837,-0.11189974720994311230,-0.17379855567407292982,-0.23792260711993906686
0.04582857218666856747,0.01543172134373095410,-0.01698155004281889924,-0.05164030149316149038,-0.08869867412715619348,-0.12801975264717174730,-0.16915994542477483242,-0.21184880745972045624
-0.07535582028445649005,-0.09310023827686582376,-0.11196855659890440904,-0.13210372531941577678,-0.15360560789979418872,-0.17640835170737548254,-0.20026876946350544162,-0.22504219796984464841
-0.15875602275769573613,-0.17385974047101818152,-0.18998567319412260068,-0.20723408644030358317,-0.22566968537896159308,-0.24521763935628429487,-0.26565791304208274948,-0.28685187802423622871
-0.17180992355507099245,-0.19223930611299205884,-0.21424739116317279009,-0.23793384183742244398,-0.26335103433663964445,-0.29035993473782079066,-0.31863136253521229246,-0.34794422132733460185
-0.13132539689852840148,-0.15669777099524348496,-0.18420086308193367453,-0.21393928267715281444,-0.24595976759542051426,-0.28007093726157156199,-0.31585080717376201598,-0.35300762918372469157
-0.07023689621090850599,-0.09223286406457656406,-0.11624365864261022863,-0.14234723544609204082,-0.17057267801196004942,-0.20074474719426455005,-0.23249526960674724019,-0.26556251912796530190
-0.03508847064670839871,-0.04366044106083432491,-0.05326073996430332608,-0.06390526710683461231,-0.07559316677016519881,-0.08824906741650195841,-0.10173393411972400657,-0.11593882546360592678
-0.04922009804714404940,-0.04137148271206735062,-0.03319588588367024251,-0.02464768278451748632,-0.01570254395095876596,-0.00641850263311479798,0.00305860485185499315,0.01264062590013917929
-0.09345559367754703584,-0.07469970400046066494,-0.05457108809543404632,-0.03299871235489436339,-0.00995662537425594588,0.01439741739902522001,0.03972491606011533533,0.06579701862875564355
-0.13738360711107908130,-0.11908781801565765379,-0.09921892055875372596,-0.07773375956858111224,-0.05463105492386511469,-0.03008546999032928049,-0.00443674423713100521,0.02207340343851678030
-0.14771562063982754398,-0.14364968855529464120,-0.13896521937051872775,-0.13369637797895969622,-0.12788415762169741408,-0.12160603789441039313,-0.11496240880306557441,-0.10804053311979941454
-0.11350448330977350175,-0.13134885610011676205,-0.15026782636073029997,-0.17038465059192231532,-0.19177725986991786544,-0.21434711290532199035,-0.23780983784850465157,-0.26199153993789153771
-0.04418932079032143745,-0.07873474230298305176,-0.11572688556778766567,-0.15533889423783159289,-0.19766005138396749996,-0.24244303293042437919,-0.28910176383867053351,-0.33725118065781134469
0.06207070891930160927,0.02788927078939941462,-0.00878437591421083776,-0.04810143996044141668,-0.09013185146944618920,-0.13461652413598429456,-0.18096925404333405463,-0.22879778340609038811
0.19518022627072056929,0.17780774194559673118,0.15922016097521235478,0.13934546409385725751,0.11815166387741535270,0.09576875894673249345,0.07248828024600513509,0.04850612989712185796
0.31426521839742838083,0.31463043201463686271,0.31516046094161936919,0.31585848835903612697,0.31672579300368419730,0.31775469060522582021,0.31893115632426827233,0.32024389004280567894
0.36895431258281374820,0.37364036448827780967,0.37884472535487340172,0.38458331236161091837,0.39086177562285628895,0.39764201337135662850,0.40484634899422128340,0.41241733918399897663
0.32912454707761584771,0.32254694199798444876,0.31566035254359342543,0.30841860759242034629,0.30079416063213371135,0.29283149195702729006,0.28465196495495287410,0.27632734509111589460
0.20350717987361369166,0.18028842530699457081,0.15552300307132446711,0.12908025185015453706,0.10088853986747635394,0.07111086253353524067,0.04014977044301583364,0.00826280576643567861
0.04540748756372204459,0.01560662687156365996,-0.01622498782534605860,-0.05025043061860882260,-0.08655948236844936139,-0.12495000830622476906,-0.16492271984734305224,-0.20615496693918403115
-0.05334918965048542766,-0.07353392284559809311,-0.09501635865255676772,-0.11791363471658564133,-0.14229495547481471607,-0.16804036972631689051,-0.19483442160080605143,-0.22247566873504159846
-0.02396216404951294343,-0.02607494553755907926,-0.02813103542749336231,-0.03015936050431968982,-0.03218452113199168907,-0.03421793320820501472,-0.03625088427834006338,-0.03828577422785073292
0.12003980091385861584,0.12902609849691570876,0.13889345779326509045,0.14966572533076558105,0.16134623531123390427,0.17385136597618386367,0.18701754396691555593,0.20072643422966651716
0.30769963689955875941,0.31008418904330820043,0.31283778768990294639,0.31595262467985024690,0.31941808325115400580,0.32320843831352608078,0.32728888954168622316,0.33162598485775673929
0.44736294345907196002,0.43148872976845931149,0.41458287005807453740,0.39655734063002834322,0.37736586027218704809,0.35712818312372368590,0.33613349921222324124,0.31456597088119642169
0.46729206980964521634,0.43847674855620955015,0.40764419953585101508,0.37465301879097667737,0.33943351402287685881,0.30220407795823106545,0.26347265608788178470,0.22357210114054498762
0.37602692842889290370,0.35220798923056373386,0.32676641529996908186,0.29959069108757857558,0.27062747587030550056,0.24005709332473706974,0.20829502921460885112,0.17561445991729454641
0.24583959739866767524,0.24346579001209367465,0.24111415769543786958,0.23878063700197232899,0.23646729850995457101,0.23419966688308554992,0.23202930890620215854,0.22998757043455958504
0.16201765784715482788,0.18277599063558913617,0.20532867036215701750,0.22978265398861855151,0.25619440003442311982,0.28441454420365908096,0.31409243458248914393,0.34499143928235398437
0.19470268814956662173,0.22714060404047908825,0.26229533600083998479,0.30032324162359125275,0.34129930226283478056,0.38496649207327454656,0.43074324355181337065,0.47823859976413424233
0.33590083558758332405,0.36800801795698895313,0.40286287354071548261,0.44060968018110230338,0.48130834956430679217,0.52467264339018848673,0.57008096721253842531,0.61711481450858352016
0.49672136808254813145,0.52467237864049021123,0.55508879142010647545,0.58809116487052393030,0.62372295186255166666,0.66170979466671508984,0.70147178362429707388,0.74261858965801552657
0.58515313152682812969,0.61415262715621043998,0.64566595903806811574,0.67983020124753623659,0.71670385594494068204,0.75602329675744917026,0.79721260697428097952,0.83988654751514602026
0.53140594108651817429,0.56636413384220973821,0.60417806110100158445,0.64503681902632847844,0.68904164319574134900,0.73593817222159596536,0.78512012071124370749,0.83618593690932163653
0.31638744697627962932,0.35064823991461413488,0.38754931770327422091,0.42730369073605556363,0.47004406954660726825,0.51558333656945798396,0.56340989786222717139,0.61319067406143890064
0.01599194621907283273,0.03574955389011608836,0.05690474173179408540,0.07961849936024706365,0.10400966915225687281,0.13003531452205960295,0.15747920364331904897,0.18620986237242076466
-0.23095524080675769452,-0.23292450060572181259,-0.23524924414848713550,-0.23787407812741964697,-0.24073432432844935058,-0.24371807492836011777,-0.24668073487801123189,-0.24951057421878519715
-0.29533827467503226405,-0.31315454487686911200,-0.33265316355554880312,-0.35386686879992174104,-0.37678449147271014796,-0.40120773132468767752,-0.42676665771506261393,-0.45319677231931076999
-0.15284392296167317871,-0.16890313881219587433,-0.18665171342185177261,-0.20612362842430773102,-0.22731646192877305590,-0.25007070627006339203,-0.27408583107230277687,-0.29914045773212638579
0.08564545150780820959,0.08949685245672767131,0.09310253029500173416,0.09652369389931221566,0.09980878080694442767,0.10296499135657954938,0.10594247149828972532,0.10873113136483508745
0.27476854349100615638,0.30091656874714983738,0.32859084605242683264,0.35796289064187819529,0.38913806666864558803,0.42196393985433677809,0.45601689085969338011,0.49103635815435070500
0.32859698514373819611,0.36246098300670298586,0.39864911750624670850,0.43736213896631792597,0.47871607607086996694,0.52249065469233524350,0.56812168582263566918,0.61524864350372543420
0.27107676867634089568,0.29474164596151536388,0.32019157022082761488,0.34755713301707902296,0.37690810403413033125,0.40806954036902998162,0.44062135136991736895,0.47428997256608346200
0.20966326074560179271,0.21293482491502735421,0.21657936998299737175,0.22060862123962343695,0.22502287168866338951,0.22977370676391856152,0.23476795122534221960,0.23994243878876939102
0.21150106262578205474,0.19688344234313318037,0.18125460624530109754,0.16453340729820803423,0.14667285899829629603,0.12776150086589624366,0.10802624547492860330,0.08761471043307141049
0.25970864260417397817,0.23885821544535276728,0.21634711901996628303,0.19207282436100758805,0.16598614803445865817,0.13825438019488534014,0.10925824968828701245,0.07925068171177503118
0.30337200138530573401,0.28583571542632896234,0.26665211351087231284,0.24574361110864764712,0.22308113304791296616,0.19883652691523906464,0.17337317515804445689,0.14693729855170034604
0.30548199052599872561,0.29471859566810898468,0.28267522057860938745,0.26930092786175496844,0.25457659908446139685,0.23861759732289580804,0.22166288800107106227,0.20387783651561888765
0.27777220184936246561,0.27475080893216147215,0.27113857566433990920,0.26690337257372115376,0.26202210474087217484,0.25651059156104466519,0.25041862828671418439,0.24378212698167620043
0.27066276899556568347,0.27495969491999555645,0.27956621641374668208,0.28446960378156432858,0.28964203982899211498,0.29499097926519862733,0.30036490328368598002,0.30565916044918139960
0.34167300024953761728,0.35298515519275658336,0.36550229906162401416,0.37924739852020628028,0.39420579460091620394,0.41020263933106887455,0.42691689290989598415,0.44412740941574357922
0.51301001703882698202,0.53119445367049944462,0.55121784781642635398,0.57315577613108004140,0.59702828149300835037,0.62262353254611724207,0.64951179407573123026,0.67740220250249083556
0.72212575525444655522,0.74380047439330387871,0.76735175315520631756,0.79289360759276317214,0.82047944634573077849,0.84991543800856039770,0.88076647010585773501,0.91274534637297866091
0.85166646706238768871,0.87260402726527164230,0.89498903562276721502,0.91894574242183690860,0.94454505074435135548,0.97164607913135869754,0.99989178028090897055,1.02905420311380457754
0.82158689873154400196,0.84153052189567278951,0.86264865053125505678,0.88506602240075005206,0.90886028340083868660,0.93392563218387936175,0.95996305311110041725,0.98678600440718533537
0.63826311199076146696,0.66054733991840797191,0.68432315373810237435,0.70972746665819275158,0.73684412226001183566,0.76554779266532990700,0.79549699409812357764,0.82647432382789975946
0.38395503839230155085,0.41310812076097785939,0.44464672736260218988,0.47874126348971401956,0.51548843737045846325,0.55468789336784352084,0.59584357471249782545,0.63862994861489053022
0.17475168977792718272,0.21149050183081163912,0.25153401354323479122,0.29508313262223462292,0.34224148834553036469,0.39271540223177764384,0.44582424925193575582,0.50111443441942504773
0.09453008497887870065,0.13204603047809371219,0.17301436974901560073,0.21762259245239401473,0.26595576353506278355,0.31767779609412061248,0.37204671616878060014,0.42856465639884916419
0.14642530679315213238,0.17478239928943575809,0.20568436395226330493,0.23925417029645115741,0.27553574169777944602,0.31424672638972472871,0.35479184551248948987,0.39677024928379989177
0.28384783844577898826,0.29651588779342985536,0.31017317389294429830,0.32485644201550689658,0.34056727103589173877,0.35716181519735662464,0.37435655665351241783,0.39195981436247839813
0.45187619865167988342,0.45059737263106697247,0.44899146487126834204,0.44703191017004839658,0.44469849740951755690,0.44199732346056025412,0.43895865419891744175,0.43560092564724833819
0.57282311937100172106,0.56631777197016086589,0.55911722821319431720,0.55117772534366005210,0.54247899079873485029,0.53309711011013427573,0.52320061067443690561,0.51289811551840680526
0.58977066592460902772,0.58322424429686847702,0.57622540070279160140,0.56872696145867518425,0.56070340304019306021,0.55221475945067821645,0.54340832379493497761,0.53437395203721804737
0.52915042154925751028,0.52061710898422552951,0.51169386285500295664,0.50230183703527953032,0.49238274161408474017,0.48195417843310806028,0.47111972708225413609,0.45993479570558298830
0.45140253781111655540,0.43764286473150992851,0.42306974406507402708,0.40754810725970058716,0.39097166057158583286,0.37333995364817007534,0.35477301778246839170,0.33533407460144204482
0.40298140540190868775,0.38247010428064864840,0.36036522405966853189,0.33648487175253810610,0.31069273132303182328,0.28302794208775833296,0.25371612305856178216,0.22289313091946180712
0.39600131892414147661,0.37088111193177603075,0.34351305433336315476,0.31371146896600660137,0.28135155712569864805,0.24655170847937052381,0.20967481695712283929,0.17095585709927046958
0.38380597074257777335,0.35794028442739356244,0.32963256974357457718,0.29873436061228869631,0.26516312022380772451,0.22910615639945058897,0.19101258835938755842,0.15118441086182715649
0.32354970956745010557,0.29741969188348121866,0.26888282977683869435,0.23782058862436430968,0.20418010276489326205,0.16817993611830234224,0.13029867802403927168,0.09086416593519981710
0.21193431004137419649,0.18338343741142901222,0.15239600216959151013,0.11883524914123295979,0.08263196026635198643,0.04399311404143776971,0.00339504309420140832,-0.03883790391443973228
0.06863859059598031997,0.03561490296193865757,-0.00003671970760849450,-0.03850958114642899499,-0.07992168280946403136,-0.12408909631318115752,-0.17052447845774892921,-0.21890481776776668510
-0.03163298142324268147,-0.06849168337726493916,-0.10817992946562254852,-0.15093586000621131427,-0.19691199881544849126,-0.24592093952308305416,-0.29742868849623410599,-0.35108950222596518875
0.00438199543349238919,-0.03166708548495666270,-0.07042687695243991797,-0.11212595007321343732,-0.15690524594211843756,-0.20455728011575022296,-0.25451992831544534290,-0.30643143055560889687
0.23074407397479623771,0.20005781775994072036,0.16712810920556181449,0.13178136229385253864,0.09392206340390839292,0.05376725269791846062,0.01184928401675320805,-0.03148722719477977522
0.60229236623895987535,0.57712300297355323409,0.55018322076429082568,0.52134692676759564200,0.49055309708355215870,0.45800233113689553521,0.42415786168201768946,0.38932139251858094431
0.91880337239891662904,0.89650807661802844883,0.87269407583829516906,0.84723605913608435181,0.82006309477153271903,0.79132051884578391565,0.76137442003214039765,0.73046078748981535522
1.00308534536674942572,0.98375047132858672860,0.96311611934823671000,0.94103360315468931319,0.91739610560866635680,0.89225803797626568326,0.86584617542321873351,0.83829930132323471348
0.84812431539756438781,0.83627910916905756622,0.82363289551708918079,0.81004573389108880388,0.79539821215976802549,0.77964343794525181597,0.76282192800459658333,0.74494613692079414413
0.56337724823583656963,0.56497801098765343397,0.56667844883302387338,0.56841684722615071212,0.57011931301910911962,0.57165503468522682606,0.57284773260183241561,0.57357101317730818657
0.35047036904666639678,0.36956485024775576065,0.38997588324413534622,0.41178184492064096034,0.43500918000864308155,0.45947415522381451769,0.48478452993177689745,0.51068273967851796069
0.36179091666133877947,0.39642430434561709562,0.43350761551284855422,0.47325154422934545551,0.51578083547360509264,0.56087948317908131735,0.60798332892727280363,0.65673126682372640062
0.55927712664865647518,0.60070743792294489793,0.64512888769111043086,0.69279799616764536907,0.74387109090034220227,0.79810741826769315832,0.85486031558504416150,0.91371450069431359164
0.78230859849392297978,0.82043505373448177842,0.86135960161923874612,0.90528842619881000342,0.95233604099515190011,1.00224997576057783810,1.05440784362705786137,1.10840147947684775076
0.86171458509426490657,0.89101807313332026528,0.92250227031983844661,0.95628050512389695115,0.99239476749741872830,1.03059612117660903685,1.07034986168399992579,1.11129490598767977083
0.74328954118441548093,0.76532641209813634386,0.78902343594045787345,0.81443013435708155878,0.84154056285325773423,0.87011835581193308631,0.89970661883962621541,0.92999038305864023535
0.49824828478975097257,0.51833573132271026918,0.53997295053273774990,0.56320678264911605559,0.58803199534282812877,0.61422673718457643233,0.64136231918637720550,0.66914413802731009806
0.24318298490423218006,0.26432814099937523844,0.28717919450918422131,0.31180998698613993092,0.33823863573385815062,0.36625318742757645429,0.39541993104784617374,0.42544480886976587808
0.11090068451775632330,0.13288938132979799533,0.15671130587495374353,0.18245373184619256834,0.21014637655696530305,0.23958173105582650231,0.27032324151232273168,0.30207549946081635461
0.16719708370433872258,0.18790306337737000542,0.21029695640149351221,0.23444044572030217632,0.26034324749114395869,0.28779909700906991521,0.31639531182094227102,0.34584750288159388232
0.36809957230007162021,0.38320797254594984871,0.39936774570999306055,0.41657620385667160079,0.43479604748971950601,0.45384286467714746172,0.47339503098093932421,0.49322262936859956328
0.60064087909020091871,0.60646692901792276231,0.61231956731862857701,0.61813505902908472134,0.62384077466505416520,0.62932309260284513552,0.63443230346292833755,0.63905411073338591610
0.73071609950470994832,0.72795393638845851125,0.72429454056137099194,0.71966187623471888912,0.71399194377396191236,0.70727059024748828442,0.69952829776814839935,0.69078285103744752060
0.71179113896205215006,0.70598352110724027497,0.69897934767929170707,0.69074780500230437141,0.68127443914073104736,0.67061907168532153278,0.65890083217473349730,0.64621310915245966378
0.59889612269992242854,0.59792606719663488057,0.59629424006051734430,0.59404564415272820277,0.59122649475811561715,0.58789948963459770503,0.58412530757337599585,0.57996855923941503796
0.45120527806670873705,0.46107546307124730456,0.47139135854134284198,0.48225882827320509794,0.49375658185280191237,0.50586267169471821337,0.51844131097812651277,0.53142345358629472507
0.31865090449664273953,0.34071421288386422033,0.36438826306543303790,0.38979793956616087813,0.41701081540825035709,0.44586490384153842914,0.47596684277161255272,0.50706266529813071031
0.23775855233780815445,0.26630526389109138163,0.29706870237799937184,0.33014881441486237934,0.36557239946979197542,0.40306541114248661817,0.44206204394509229783,0.48217890174430932948
0.20213221269601869268,0.22509083826581746668,0.24987039161311569435,0.27651087742988600393,0.30499181060590507819,0.33503917476295885791,0.36613972744454115205,0.39793790341063339788
0.18529925814800546346,0.19190295046165647963,0.19910363747212386776,0.20687086844772681338,0.21515248776768405858,0.22380032477763917020,0.23258272851479153132,0.24133371836426190105
0.17426853416128007535,0.16162263853699707083,0.14813471618880358349,0.13371551097276401787,0.11830121580088323596,0.10192616122443487470,0.08472945885069843586,0.06679864754391888482
0.19369955838196045717,0.16873858903509539320,0.14202764287979877111,0.11344473925874097586,0.08292524705209840252,0.05063441816204898582,0.01696945538651206675,-0.01780638620202123351
0.28081805303352919134,0.25748276226773958442,0.23255951631813145952,0.20593797321577533843,0.17756422246146419397,0.14761073339341085342,0.11647813917373196768,0.08442991737820682019
0.41909970797166795631,0.40923826692035630836,0.39885985694039249871,0.38790919653353406193,0.37635720506177450240,0.36427747947949101759,0.35185086419052713502,0.33918961094904231945
0.53333504471910941902,0.53945263651933006432,0.54632607189208204357,0.55396832484581337575,0.56238047407741587058,0.57151059595400710567,0.58126168295224567295,0.59155730635662595596
0.54491569723759591959,0.55969664545027841829,0.57593043050988479425,0.59367250300514118333,0.61294444678151416284,0.63362552103959213223,0.65546197171580422580,0.67827294630153633914
0.44106653324064409860,0.45287740122589137393,0.46587451641472654718,0.48010663351107862873,0.49559440536144777623,0.51224067251059002270,0.52983793452770955312,0.54823965693667742194
0.29590960244741476570,0.29778820021906687865,0.29994660752254431735,0.30239459241493843455,0.30513757143801578664,0.30816191567980433241,0.31143758078732525219,0.31494163559409155129
0.20356616411432429392,0.19581654540615484050,0.18736995840324488505,0.17820105531638044671,0.16830467003281282534,0.15775996716163093181,0.14672579548293540608,0.13531192768224853396
0.20088165424892523436,0.18641359467453269549,0.17047890231099172009,0.15303239187535253030,0.13406733319208352651,0.11373972280159201642,0.09235594607842541326,0.07013096098047492954
0.23958294071416422200,0.22148532272915030794,0.20148301608126420459,0.17952212403867448542,0.15559806209363422069,0.12991583238228476826,0.10287262095408009066,0.07474784384836506701
0.22200536521093450215,0.20360256167859563936,0.18326792860024995746,0.16094808897806042736,0.13664083380669811429,0.11056135977375684820,0.08312427107911792012,0.05462034591064606620
0.10285537537197811386,0.08747304159678626068,0.07051838075705131603,0.05194233032320789284,0.03173917896815284245,0.01008636493962456783,-0.01266919888463465850,-0.03628648991386813211
-0.03639188007237179751,-0.04557064335902613617,-0.05566339802266007802,-0.06671536725136351098,-0.07874526808603712902,-0.09166186019970350152,-0.10526941236804562840,-0.11943603535192053033
-0.04894328548203201457,-0.04975535174983592573,-0.05068466222331886872,-0.05177156581970565608,-0.05305243766665804911,-0.05455063341617479022,-0.05627264275633629687,-0.05823089170337312354
0.12547300520027171444,0.13342880436944806744,0.14201822296642940824,0.15121940375056336370,0.16099178012085182954,0.17121241547952306683,0.18168583605072863296,0.19226773083109974238
0.38320721548298891657,0.39726682740604390975,0.41240694674634514882,0.42865033613111636068,0.44598603783399143330,0.46426178822195296458,0.48319172468510956930,0.50257513562809197349
0.55652032564488507216,0.57010371707374063455,0.58460653143757379535,0.60010318198546297452,0.61663565581876134125,0.63411710481946415019,0.65232912208261661924,0.67113021830877161999
0.56761301837868138875,0.57430104605759579872,0.58120976843218086216,0.58843945632349725638,0.59607479449266731475,0.60414813937402234156,0.61262421904968566988,0.62150001575776125939
0.46888194352861228831,0.46791144810982343571,0.46643797467505104803,0.46455811565226939885,0.46237219896830783483,0.46001164084645773666,0.45761535532857872122,0.45530608601106453692
0.39721239535573599211,0.39468443948308773450,0.39148691715266137336,0.38770577465439909348,0.38343663825417168001,0.37883057955054327826,0.37406955170606354111,0.36930384706814661788
0.45408280765029596093,0.45893154783626605164,0.46376162608698917600,0.46866290943676719438,0.47372031901685163202,0.47901072143876705089,0.48458467005732669408,0.49049392343164205377
0.58410259178087309273,0.59979082644374404065,0.61646320270399035390,0.63422638566848033026,0.65315815333470195192,0.67322555376013493156,0.69427563497799238412,0.71621149209148282644
0.64198288782270829245,0.66192882186606660788,0.68331190229169547212,0.70624825064575402767,0.73081463336278373877,0.75693201402077303630,0.78436073902813463476,0.81294108421515676177
0.54649621298431549921,0.56021478796275414602,0.57488161667069126448,0.59060616944192934064,0.60747172618460265614,0.62546165206904347222,0.64445077982318910159,0.66436236400839665528
0.35198173807649651978,0.35447672165067262151,0.35690679356865173677,0.35936485005264739989,0.36194264222486871585,0.36473920333118159398,0.36784323760141340864,0.37133349370071844220
0.21604673699283002963,0.21073545511443200762,0.20455989097288615475,0.19758960175529932668,0.18991078285083251576,0.18169281200962578149,0.17316421280060836918,0.16450513981516756701
0.24566196723042132977,0.23951322379084000191,0.23232510939194728206,0.22413559819900150116,0.21500157806603845123,0.20507068333725114728,0.19455905078983914969,0.18363481377444512699
0.39392296219707778615,0.38903758845948371858,0.38323747947651315426,0.37651718267164835385,0.36888798716281023804,0.36043745062629278797,0.35131494250870454188,0.34163216384830136230
0.50473178476387303704,0.49716441338098610325,0.48855383306347022199,0.47884545326189220660,0.46800908611139063753,0.45611697587683264210,0.44333577569636850590,0.42977845907420586524
0.42040973509565709998,0.40712864727344333371,0.39238898205607436465,0.37610376467944389711,0.35822497630575383942,0.33886511588973533549,0.31828976949144388575,0.29667589566225405218
0.15409322631897220957,0.13628992154115640578,0.11662908461544979621,0.09502543034124780186,0.07144328606394448333,0.04605373868095835599,0.01922243278190922250,-0.00880052866587917489
-0.10383864842284708241,-0.12105624592402840223,-0.14016925942776856107,-0.16122140334790915905,-0.18420800948882479209,-0.20891745062052083370,-0.23495065947790808036,-0.26202523193941135160
-0.19884642322953613447,-0.20867964497195218287,-0.21987597372979778010,-0.23240710075245818445,-0.24621346794674897618,-0.26109353174400240505,-0.27672888138195955721,-0.29288284450598112141
-0.09222986888814800610,-0.09115071300565873169,-0.09055733998395348872,-0.09034962887301369039,-0.09042274613504999725,-0.09063574236090675418,-0.09083783759134617108,-0.09090082131068331905
0.13278672214058279133,0.14423734278290833988,0.15606764987831514557,0.16842676701737868683,0.18144172596985730372,0.19516606995391963530,0.20955621551724390450,0.22461017372179534202
0.30032434726269646719,0.31705209377410986660,0.33464689017070664567,0.35327165934516741030,0.37304997710459864013,0.39395954164070129400,0.41581311771201734384,0.43851169913384913102
0.32845277860368715661,0.34009753981950147095,0.35228039610309958007,0.36512651659335698673,0.37872853950728385675,0.39305834975420045341,0.40795179243586437989,0.42332488614510027647
0.28316786972895185981,0.28340473584916847649,0.28331389897095998753,0.28294867095933923240,0.28235541331465180415,0.28156128612474207173,0.28056110959556146422,0.27937452524425759881
0.26152975401114209042,0.25510312509550620019,0.24785331659373918689,0.23978305176952333100,0.23090686574695296063,0.22129408384340373828,0.21105768663861851353,0.20029000310804043195
0.31459148230184269535,0.31109406694968910756,0.30702983923687582335,0.30240888334764809420,0.29725125266432023130,0.29162356181230891794,0.28562870742217011388,0.27934653041597595768
0.40509711604968073884,0.41131483762606135812,0.41770915085563981028,0.42434470074665980865,0.43127664838641138756,0.43852902428176809835,0.44608327959186239164,0.45393713736994595331
0.42747324214462045777,0.44194610988055366141,0.45718779929898906156,0.47331524854468737251,0.49041565869290376645,0.50846485949334563337,0.52731392775793672900,0.54687737264887315014
0.31134353671657383211,0.32477157015734614554,0.33879993604377239835,0.35355049949411210264,0.36911467335956937852,0.38547147230170653032,0.40247147843552238955,0.42003515328204993340
0.10801636038843037690,0.11361000850346415769,0.11909515854176450089,0.12455957839894224448,0.13007740989291147193,0.13568003340198200868,0.14133718456829572063,0.14705339290593763546
-0.06658678515412208565,-0.06757996421468458192,-0.06923032679850489590,-0.07148331253684379882,-0.07428104625182362086,-0.07753941128338771860,-0.08116826635913876320,-0.08508282680752812799
-0.13380325483461760760,-0.13542686677714194099,-0.13770292708336265286,-0.14058231717985544829,-0.14400813173954288282,-0.14787982631024462754,-0.15207264825266866848,-0.15648240556536865964
-0.07423131063739263347,-0.07004975587325025510,-0.06596214076657108683,-0.06189161468018511414,-0.05776518671524303455,-0.05351460424215043893,-0.04909353812726534316,-0.04445424619879229100
0.05962352733781815101,0.07038351993139110863,0.08163031412720803126,0.09347595635370263556,0.10601285104984592422,0.11926425856545445903,0.13316856587600017781,0.14770052984379453132
0.18313382411239043090,0.19270691460105976445,0.20261296487388058551,0.21295967756925673897,0.22383604583964011869,0.23526650134356713595,0.24719402418716285297,0.25959940658942393110
0.23309043307575258441,0.23079764246923695215,0.22776861130587153226,0.22404637621997439134,0.21968118338985037630,0.21476463380962204641,0.20941038145480661559,0.20371678958080471911
0.18739171074420163388,0.16876498677096704593,0.14804103412839775267,0.12517380476938250178,0.10016178410312838454,0.07319606693615783588,0.04463959206529357487,0.01475862027689361748
0.10944297784655734884,0.08163530227343965273,0.05106090724561544725,0.01762713536502089756,-0.01869203163268756684,-0.05764105355089532701,-0.09870329349904087557,-0.14151113216185318144
0.08748407659294120398,0.06428180021698715052,0.03884382678689447116,0.01110697581685789193,-0.01893480047869433927,-0.05104561846382582591,-0.08476569903536157469,-0.11976871889220455647
0.14047279072991178395,0.13030687873293472778,0.11914232028626027537,0.10698513736052145395,0.09386848908781161849,0.07994401225113104137,0.06546818913851060184,0.05062695015733483656
0.21556866553064762959,0.21427034939679101555,0.21284741939848791925,0.21134083378762411054,0.20979742484654392842,0.20829326968360550865,0.20692564407041455499,0.20576830566246581689
0.22069974824385923950,0.21559013078820637999,0.21016317744294357728,0.20442049556892791240,0.19837752843138514725,0.19210769114247328027,0.18573929398990507433,0.17936101690692590749
0.13869942117183001185,0.11991331387526049657,0.09974489662219521158,0.07810816425674282915,0.05496277679434128510,0.03045307171231389359,0.00490703068559981970,-0.02145692372143863727
0.05751899666729636679,0.02557400125656697498,-0.00885559400363924477,-0.04593236262547860382,-0.08574186615909079601,-0.12805834205315638763,-0.17234656009701193602,-0.21825034580490476621
0.05475085101835343998,0.01989690996095795639,-0.01773079343367982980,-0.05830673153016224797,-0.10192197846657846672,-0.14832941122334900030,-0.19694727829378474993,-0.24738605573048935704
0.14109267189564350664,0.11566532773949034230,0.08821750383992320310,0.05863785433338714048,0.02687485498339528892,-0.00687876222892492770,-0.04219071847456414698,-0.07876751597061239230
0.24258960549467631362,0.23034312765843328874,0.21718707845233498066,0.20309504563552557843,0.18806882139424413447,0.17222758483913230831,0.15580296126936965528,0.13895687156553165886
0.25555051956893198861,0.24964798839915031126,0.24339763329573851913,0.23681669902695040575,0.22993768654457583112,0.22285873016919735545,0.21573823633659017229,0.20868883621028677666
0.15178592315305952654,0.14249444324114746152,0.13258359697609500838,0.12205562321475325882,0.11094055787767656551,0.09938539964404270732,0.08764724570905005341,0.07590210933175393915
-0.00569157803398776668,-0.02465497609246554075,-0.04507635115872903053,-0.06700939291394894526,-0.09045248845738489141,-0.11517531987414864059,-0.14072776338534800922,-0.16680779655612559820
-0.10077237051486027941,-0.12920711333530940368,-0.15996500529685450664,-0.19316159594996995530,-0.22883240180125985486,-0.26668414380629057447,-0.30610503022143253915,-0.34668696192384862442
-0.06099777797407773816,-0.09367023492392267947,-0.12907626403246560964,-0.16736619254293189085,-0.20860105941681755803,-0.25247626408078832627,-0.29833153374670662306,-0.34572700731250238793
0.07798638629433016223,0.04592385175811571768,0.01120579707680586720,-0.02632067169932507042,-0.06672342236569414609,-0.10972305083688010940,-0.15470086124821824658,-0.20124466716985495163
0.21589550968712348245,0.18654350992136128906,0.15485328762313532724,0.12068941229996676956,0.08399188989525659121,0.04500824559941029451,0.00428779118401565427,-0.03780288011371080170
0.25612857474592293228,0.22821364268801144770,0.19816571613526029472,0.16587050928902752345,0.13128290549468801807,0.09464024900149856090,0.05645698693341272972,0.01707941182562106724
0.19183588660326689190,0.16377260184573291801,0.13357283483834297977,0.10113482647312334317,0.06642434579056810673,0.02968418493896219854,-0.00857263306711004286,-0.04799669237505589658
0.10949337358061209113,0.08531040662845180977,0.05920950300915964193,0.03110381033509914198,0.00096458816657374639,-0.03099759848343671895,-0.06434032090429935014,-0.09876036300659921108
0.09984282530260236987,0.08390601679737748342,0.06656521665181486247,0.04775552606673728190,0.02745228790749000905,0.00579720256519240633,-0.01690850592783656875,-0.04045855903175229334
0.18395451328015499648,0.17252011682410772764,0.15992264629528729625,0.14610242031395159756,0.13103171605093844043,0.11481502211927176182,0.09768250652936226464,0.07978993347260250613
0.28104066071242289615,0.26612898498710896300,0.24972675997937615611,0.23175467565422500082,0.21217492136113194623,0.19112086242134110337,0.16888929109827410802,0.14568034151180386804
0.30142894736784159315,0.27917264637475369682,0.25483600657232008402,0.22831796570293452775,0.19957589823257917971,0.16880867066353011374,0.13644594601564211112,0.10278059715031001575
0.24651320168969803603,0.22244480630424515177,0.19614787504181008249,0.16752892815472877897,0.13655550062745686057,0.10344894515723393469,0.06867132474146545040,0.03254207883021420500
0.17742067967103361537,0.16313861185178563096,0.14736197308470169731,0.13004589883481854073,0.11118122385077415515,0.09091050898786766366,0.06951544054909609971,0.04719688447085422511
0.14811965581501945755,0.15034370591095055913,0.15230774904309510309,0.15402892909599805171,0.15551940362286356678,0.15677684088843646393,0.15777521093437532618,0.15850745424505341408
0.14299081428532445237,0.16004835525555297093,0.17795728388643042295,0.19678286052530141736,0.21655013190190280925,0.23712484918664000766,0.25820823070477705308,0.27960628977849838472
0.10211815461071137301,0.12535121378308375362,0.14987787031139246374,0.17578921041741751852,0.20312348190754705990,0.23170855087184041854,0.26115669191751322842,0.29121280157890272466
0.00090449806186059119,0.01650108515834050257,0.03274233443680188427,0.04971409460731820301,0.06747069907258418375,0.08594668244702134696,0.10494456771013940810,0.12434239645573562372
-0.16093840234757192387,-0.16103182367251553386,-0.16176664272740290396,-0.16307828385428041473,-0.16489419619869263856,-0.16709485338600107984,-0.16953709455357049429,-0.17210315144592069903
-0.35951845283189015623,-0.37051707001294592603,-0.38300676415097123506,-0.39693475468564759501,-0.41221535228442379717,-0.42861044131191361473,-0.44575967721432219193,-0.46339030070615866430
-0.52437099386954355573,-0.53575238196910379695,-0.54851328128103515880,-0.56260707286082523026,-0.57795806043870989743,-0.59435592598942099674,-0.61148170892291131562,-0.62909092982335257371
-0.59055912793028042529,-0.59574686643934537944,-0.60159495442205856985,-0.60807662626207714673,-0.61515599958221756083,-0.62275176554803512996,-0.63074970070379976494,-0.63905445295366491987
-0.55156614415926297212,-0.55346148257752303401,-0.55552685676555568772,-0.55778419676557722262,-0.56025592402351476196,-0.56296767430680128008,-0.56594611953004692051,-0.56920780958377459324
-0.45462276904233911434,-0.46020131288019144877,-0.46607435590198448283,-0.47232358369420307520,-0.47901939883895572336,-0.48619390630243353169,-0.49383030174122938272,-0.50193055194889124593
-0.36239836028764954579,-0.37276105964607653132,-0.38374582262772582997,-0.39546120558042641147,-0.40798639278689391441,-0.42128950657376645905,-0.43521726373548885736,-0.44968673326145086611
-0.31930689705559078817,-0.33048329461754949454,-0.34238709716520404625,-0.35510877803835344535,-0.36870122939454386124,-0.38306979390427098320,-0.39796723394618577219,-0.41324657359696281844
-0.33530040788507470273,-0.34276783263671445345,-0.35073667328128504961,-0.35925556870189501169,-0.36834198135890944270,-0.37788831279229373461,-0.38766173818435722964,-0.39752025463027773622
-0.37745285090479407941,-0.37987061593516818769,-0.38247450452365483464,-0.38527892714598449553,-0.38827960182422688318,-0.39139581214742980020,-0.39447266045500167797,-0.39741628593257860569
-0.38707223632330561847,-0.38915216084992143575,-0.39151959362111926621,-0.39418817259716321111,-0.39715470753764581247,-0.40034581955008502474,-0.40362231468484782715,-0.40689755141341377165
-0.32619334160556262558,-0.33505166472400316202,-0.34492155316171951851,-0.35584754456365702557,-0.36784182825865735511,-0.38078118583500880634,-0.39441593343734437926,-0.40858034260682868366
-0.20453268303910537851,-0.22449683277365106715,-0.24658059536566609427,-0.27087191566945856280,-0.29740075217383615813,-0.32595409051825557922,-0.35609195057197623457,-0.38751309630107488857
-0.07504070095356238368,-0.10370838708819872520,-0.13539933352292576885,-0.17022848466132570189,-0.20823436445976326037,-0.24913395554425638023,-0.29234563715464312317,-0.33746355100340036381
-0.01537219210353796793,-0.04416329143499451992,-0.07613417395515198471,-0.11138531521517458511,-0.14994408557205696209,-0.19152681108396271692,-0.23556608696585148999,-0.28165662545071867839
-0.05304418151733687747,-0.07363217459250691321,-0.09682483744752229393,-0.12267408891221404099,-0.15118175911278192158,-0.18213045507160963155,-0.21511201141234542744,-0.24982209107141006843
-0.12319401633757182113,-0.13032406898736725864,-0.13901266391950123369,-0.14924850716995935462,-0.16100441278707502968,-0.17417277332119390776,-0.18859215511387431019,-0.20412238157129730665
-0.14213314060816700790,-0.13337167599068372459,-0.12487769030968834394,-0.11656494415634538475,-0.10836976130317596545,-0.10030461239021909448,-0.09248184790689117918,-0.08494587806740659663
-0.06773009999657028657,-0.04376375599834950864,-0.01877749779766235347,0.00740465555014532990,0.03489996640234344777,0.06360367551890039328,0.09316624749399507466,0.12338553310253369544
0.06483520457308943052,0.09850440579187476342,0.13409377212853385020,0.17186197951067141987,0.21198495828987640177,0.25432138435754936268,0.29838851678532540834,0.34390013443799688497
0.15751711630936179875,0.18870651308657646061,0.22177294589717974627,0.25699603932613690471,0.29457597180898204003,0.33441067043933286884,0.37606997286173343698,0.41930857383365538471
0.15784349200689831716,0.17366457585814948361,0.19025162566993472635,0.20781295403015417889,0.22651135170236255667,0.24634402412472120036,0.26711707085035052422,0.28874422731047355573
0.09218911083683761776,0.08743234831199932222,0.08183072031818362790,0.07546627901655945936,0.06842375087195808059,0.06081483872581082417,0.05275474030675031401,0.04435936382049959770
0.02690186560963972809,0.00720437330644386337,-0.01455786467559123422,-0.03840704859316399628,-0.06432554183155897443,-0.09212073435794222720,-0.12144658117942283559,-0.15203924552044634222
0.01627311867518400901,-0.00420004264128127219,-0.02681297884544785529,-0.05160903571862771738,-0.07858697312309616267,-0.10755280557865183610,-0.13813968734464718291,-0.17007532357668725398
0.04399000659319224349,0.03389710807821375710,0.02257039988235159944,0.01001927561626109013,-0.00372538864277774905,-0.01853434554552028241,-0.03419769861867526239,-0.05055102457978043196
0.07385495161616591198,0.07306206965691580679,0.07194731116340279120,0.07057563073766277839,0.06901073655395567608,0.06732152655585964263,0.06556741064848009559,0.06381063993480647067
0.10679797090497503143,0.10594467545237767903,0.10494276930009933946,0.10385311181287459892,0.10273535258402609338,0.10165202233500598983,0.10065788335342040760,0.09980753895276575638
0.15033775516122263594,0.13993807572563538022,0.12871644545299940066,0.11665896792212361588,0.10377613914413320872,0.09018143799065102273,0.07608482894118891171,0.06163526473632000013
0.20026016214600023124,0.17723772101045418004,0.15234760026135976685,0.12547495633318492270,0.09656470503581521259,0.06580490378497354242,0.03362275187414293098,0.00030179244821014055
0.23647406425582087608,0.20733175299014541815,0.17574726253514655339,0.14155039717705400482,0.10464970772957161993,0.06527251642759714090,0.02396141276238061141,-0.01892930648760596593
0.22587371516971546659,0.20157761748867666918,0.17521030266065021341,0.14662583960670344529,0.11574511223563746509,0.08275957484956399102,0.04812801491745942462,0.01214916727738959805
0.13270871177853055256,0.11697504443875680891,0.09992522567789313692,0.08147279799768154807,0.06157289926291061033,0.04034963255639689023,0.01809357683906245851,-0.00500381588721868480
-0.04167479371958761336,-0.05354443466444673561,-0.06631738644757943779,-0.08003935727674836575,-0.09472933660623740482,-0.11029696438944673609,-0.12654466666549502030,-0.14333692463689259866
