F3,F4,FC5,FC6,P7,P8,T7,T8
0.16381218632337535279,0.17461764941931579020,0.18604059410118817253,0.19813505920845581043,0.21093216743020321013,0.22437304781100136930,0.23830469607925136577,0.25262773860842446805
0.12586115645204878910,0.14220087947180268251,0.15959252915661714667,0.17811762177002965490,0.19782293369080172774,0.21861742630545541455,0.24026832365968020522,0.26262190789339123764
0.01346679969371168857,0.03936967505446735405,0.06706544203307437946,0.09670763220725579756,0.12839370569328673044,0.16199980123932836151,0.19717353844407484176,0.23368558105331785346
-0.12591259981775373977,-0.09744269659839004116,-0.06705116524747418982,-0.03453237396953545008,0.00025895689005577644,0.03723472253038855040,0.07605887886538552356,0.11652167812732897034
-0.18738403903174893905,-0.16805401268969674677,-0.14764709675370066289,-0.12596856224546848502,-0.10286131127702637100,-0.07830431207098853541,-0.05243567126956767688,-0.02532326974169099923
-0.14851016911234216078,-0.13988130958741679111,-0.13115268003057717339,-0.12216207917509808167,-0.11276077719349482387,-0.10283456407815978750,-0.09233317470064443533,-0.08119015289444528327
-0.06299769173151803514,-0.05768743463635533225,-0.05261944802377272606,-0.04764544799121814972,-0.04262556860416678167,-0.03743304006069696210,-0.03198530444542956735,-0.02618997320585694441
-0.00328087993155622279,0.00547727982126207467,0.01431688698630211032,0.02338832471445986133,0.03282329396313454772,0.04269640012813800956,0.05299797284910324341,0.06375580222710890144
-0.03645407279058667654,-0.02369569035086163331,-0.01040041173691990881,0.00357841545260430315,0.01836018154003506847,0.03396830731676848264,0.05030945108577671021,0.06734667488263931800
-0.18129162666505840851,-0.16657981888118666980,-0.15108048801877047018,-0.13465767395797725858,-0.11720321246376418090,-0.09871008576969175774,-0.07928893776197765142,-0.05899765014250936412
-0.37584188031431720045,-0.35803813865564554364,-0.33921848746442401223,-0.31924328838587084922,-0.29800333102630394144,-0.27550193449999582640,-0.25187066141284314424,-0.22718694936371980342
-0.47965261015239013531,-0.45670393685755461544,-0.43241000780373506363,-0.40661130075501822345,-0.37918913654030461657,-0.35017910642187111137,-0.31978732317145008857,-0.28814204826295225503
-0.37377159063487286339,-0.34700629767299701056,-0.31857707887269093305,-0.28831275094456676467,-0.25609495312935054434,-0.22200920571722115859,-0.18635886794071296335,-0.14933720892121984947
-0.09986709914567148960,-0.07303774358714100468,-0.04436162464430057351,-0.01367863455900658089,0.01911207183356773004,0.05387781247739975576,0.09024471912991581524,0.12797054904379542850
0.15038446115671702530,0.17318155266737930709,0.19771121701086133426,0.22410466242611945531,0.25243781432699968770,0.28256562183381311870,0.31412033850788873002,0.34686157792841476599
0.20895440252999505915,0.22284615640799612657,0.23784153861938803209,0.25402360598728507268,0.27144031585403710638,0.28999909839817300528,0.30946651819903586711,0.32969046010427505156
0.08526243245238833424,0.08376976960787091420,0.08207312364654220649,0.08017416199913562913,0.07808034543015182627,0.07582503586403979701,0.07346386694213928592,0.07103622957868974130
-0.08202157449585863180,-0.10375128160082826290,-0.12746411673756602445,-0.15326889405269009115,-0.18121353404650825114,-0.21109545531399145912,-0.24247041915711395332,-0.27504192575141361843
-0.17272907838643283829,-0.21087988604253019020,-0.25245940264492255922,-0.29767005538046059643,-0.34660862798041247590,-0.39893941618309491925,-0.45390676102630872490,-0.51100898188054089122
-0.15575459340404224085,-0.19504446811296502484,-0.23790773473446039099,-0.28455927094680005807,-0.33510409634089044495,-0.38919775120920807598,-0.44605926590706490575,-0.50517134814769981688
-0.08823053469839713114,-0.10949662269130520931,-0.13287930812876838638,-0.15850140468433290830,-0.18642154634110957856,-0.21643429079419096439,-0.24808060633333242628,-0.28105703495098088851
-0.04664727133012674942,-0.03957397829647855969,-0.03228395972440541856,-0.02475254108545060436,-0.01696319324184179453,-0.00892901944707731599,-0.00069883060589925005,0.00769352639490820858
-0.04609950103917294373,-0.01744091829450332767,0.01326529682164615843,0.04615342424398817534,0.08129418404491579875,0.11850275376814675687,0.15733754972046209986,0.19750231175293456176
-0.04750474726521274754,-0.01889775088680928361,0.01186265388680762638,0.04490515231576484162,0.08029411172897102378,0.11783347734681735852,0.15706861821726234019,0.19769166856031220036
-0.02200245311967131967,-0.01539121510239979326,-0.00833211529829892307,-0.00081249032989494602,0.00717076074764608998,0.01558128238851315926,0.02434420878371065453,0.03340222574205602840
0.01829393946247532404,-0.00373401206728044173,-0.02764489365427431899,-0.05356345165013644966,-0.08155224871881669446,-0.11142109484469986391,-0.14273149071955915090,-0.17519691340685850101
0.03110561145366535010,-0.00843229729003943350,-0.05135252143823852700,-0.09784474142607460512,-0.14799226519734531848,-0.20144282944971492189,-0.25742064048620472150,-0.31540782976906983626
-0.00352926931883010492,-0.04218208985269583655,-0.08421586454281114464,-0.12978780966404976360,-0.17895053158164678231,-0.23132447824997345864,-0.28611541187266259501,-0.34278589457216429581
-0.02018839343393718719,-0.04744426232861081311,-0.07713062148067925672,-0.10933487992621494789,-0.14406869373133843193,-0.18102780030315135384,-0.21960906226090265436,-0.25940007215214894165
0.05111327457415206638,0.03378205424581999516,0.01494247489265804196,-0.00545545459477158202,-0.02741256979391835588,-0.05072459511585622471,-0.07499326975507422666,-0.09994678603320049370
0.18150409447400780993,0.16885191449614378456,0.15516780457044596075,0.14040207424570982919,0.12453983832615239669,0.10770931025622301758,0.09017716856398605429,0.07212220047529424582
0.29054047439782698659,0.27905043814291097259,0.26660278773868872904,0.25314288357465203338,0.23864626803587943304,0.22321178031516314411,0.20705862311250569641,0.19033319750590182995
0.28174994151713989021,0.27215157536234990676,0.26159343615087105039,0.25004501125368117087,0.23750259928456840530,0.22407549682224586762,0.20997792297665268668,0.19535851202146847783
0.09902065011848523723,0.09564422786881615623,0.09156976944844663624,0.08683390031494972461,0.08148927857047100209,0.07566461110500444232,0.06954661298763831212,0.06327524598551623192
-0.17789045998936572901,-0.17231800982958009327,-0.16695291229954492551,-0.16167627283397206783,-0.15636992081365572171,-0.15090075692696147680,-0.14514857260022454022,-0.13900852454564521787
-0.37710050916255721809,-0.36498423736605761780,-0.35267534027381414186,-0.34000261625537819832,-0.32680980361835554326,-0.31297978435100654027,-0.29846723097335298158,-0.28321171386817817206
-0.35995421291226642468,-0.34993876321145100938,-0.33988202478668594342,-0.32962799988516067184,-0.31903448533854872338,-0.30799469744043095343,-0.29646840334156299157,-0.28439715639510315670
-0.14580648653574304618,-0.14833403096159067380,-0.15173300639622086528,-0.15592925545005201227,-0.16083978908658602691,-0.16632878618783211722,-0.17223414441954049137,-0.17841643898754261377
0.07252891526614489714,0.05319418877481649210,0.03168501547221794917,0.00797767267414848692,-0.01790899489640261286,-0.04576882195497017358,-0.07523266648632062625,-0.10602152004368117777
0.09496633580628618954,0.06442037245941242829,0.03075814364621144367,-0.00610131781612958512,-0.04617113890627341788,-0.08917430823202454615,-0.13456966722758223476,-0.18196109970111562504
-0.09895704605263497267,-0.12803963241445451282,-0.16017703325480822651,-0.19544113393741588403,-0.23383564504234186088,-0.27507167130530124632,-0.31859561307980355238,-0.36400421809549760033
-0.32117035102430641080,-0.33785203890588477726,-0.35657664727047538866,-0.37736153156102825168,-0.40017993736871781962,-0.42481073029100846483,-0.45086450990192178390,-0.47805412804611513433
-0.38598331747582415030,-0.38590636892423529902,-0.38645176550335280652,-0.38757389117000090595,-0.38921954807275876975,-0.39129221060480928740,-0.39367234760270447547,-0.39626239074437652476
-0.29106223892143967547,-0.27418719880322872662,-0.25656434874760292164,-0.23808789702174196212,-0.21868399638489499637,-0.19839865317910498899,-0.17741228832005276339,-0.15583446752426399762
-0.17256642375267028378,-0.14233768232920035457,-0.11038805661376341338,-0.07655653505064780040,-0.04074649551725294250,-0.00311306653196823145,0.03592375941005572504,0.07609380152365124994
-0.18723630718658254568,-0.15021509672655891654,-0.11109367750699142285,-0.06967169405328962895,-0.02582857280510896317,0.02024445940036384561,0.06802789847784704302,0.11718891974780006049
-0.33881700659190577829,-0.30259762744803347934,-0.26445838209776634242,-0.22418807564000986510,-0.18165072749991070800,-0.13700060680908665578,-0.09070372933563113083,-0.04305332513743084094
-0.47012928783372304187,-0.44054456465224639539,-0.40953945654171131086,-0.37692434766501964338,-0.34256685768638278633,-0.30655088692496856861,-0.26920035234258210544,-0.23071296615473885216
-0.46107700058809192312,-0.44034931406313837510,-0.41871795153013136037,-0.39603878051821772566,-0.37220408687624595423,-0.34724025422052073875,-0.32132852848013720992,-0.29457509921828228805
-0.30235918636580078056,-0.28892719273258810064,-0.27490441087110645269,-0.26019808122477106060,-0.24473676137923119911,-0.22852659508209768879,-0.21166501075763111128,-0.19420929714038376313
-0.11396251544328372951,-0.10304488753954370306,-0.09151853973483434213,-0.07932347577915352388,-0.06641701650359745079,-0.05282259017929949452,-0.03863611284090612968,-0.02392139394374795044
-0.04034538669574785907,-0.02781057059071918164,-0.01447610462782762501,-0.00028952034548928099,0.01478107047927248140,0.03068583629973038740,0.04729041084989955845,0.06450014659621017277
-0.05191499313762912987,-0.03702126570613440554,-0.02123938401617311844,-0.00451078177869963272,0.01319974910392393390,0.03183503945891051623,0.05124136136708077466,0.07130997324972790374
-0.01101892871738185085,0.00452882170769032706,0.02085557299279255580,0.03803102015540802544,0.05610240741169311707,0.07503100787086054713,0.09468327838051183998,0.11496736661446704808
0.16350821396107959038,0.17602415810352864400,0.18900149144038499993,0.20251317829330633957,0.21661732885913997926,0.23131967791229163245,0.24656018144439453832,0.26230153690560653601
0.40986369561617735924,0.41642232682620472506,0.42306372140461206977,0.42985170284531487583,0.43684834563654645345,0.44411753228613720657,0.45170996501532045819,0.45966569120755590427
0.55470915119705443974,0.55497996696365836655,0.55502624605070349784,0.55490009530230843815,0.55466626338052948952,0.55444956816429991076,0.55442021652520423469,0.55469882776577683625
0.48443313968110884860,0.48117362068146712906,0.47753004478476701600,0.47355347194780555986,0.46931729586355952488,0.46499478766761570547,0.46084371834779813693,0.45704340027979312167
0.23559626875860628648,0.23806412006505467405,0.24055266621583276665,0.24315070187384985045,0.24595804753515573826,0.24913026789955056151,0.25286109827221742163,0.25728828871966663572
0.01145473540959157308,0.03210859775507794722,0.05406046317413427255,0.07748696893601403346,0.10253313054314132369,0.12922843721276314199,0.15746814590712795989,0.18719248231970680996
0.05687484776930519514,0.10040397040021556418,0.14692481695490774984,0.19670880517651126440,0.24993830349919779477,0.30644648178798911120,0.36570189687527787648,0.42735947787866201963
0.37461242829345209326,0.43246285954713487021,0.49447013212938117910,0.56094833078355121891,0.63208305879268900096,0.70754714438664068066,0.78649242780486250393,0.86835871058937419420
0.70632954180510343356,0.76375996466993878453,0.82545062908962163473,0.89169289070549617726,0.96264647637844003025,1.03794157612496795728,1.11667705854266197107,1.19825288627884485315
0.79686621789612999134,0.84448659562446926063,0.89571286774309089029,0.95078640576733397527,1.00984008969758098928,1.07256953463406601301,1.13823294447365586102,1.20633432038844001788
0.61303901970542462596,0.64873489025449626588,0.68710892548398905255,0.72836049075135567143,0.77261199091335852618,0.81967823441743337121,0.86906231221327578940,0.92043338366393956385
0.35935191144392497620,0.38468475801186363672,0.41178501038463377615,0.44082327238033103267,0.47192116481357782032,0.50500975978982476366,0.53981873455140516604,0.57617347838431320906
0.27213370816148158005,0.29089012614003423307,0.31077051020187296260,0.33192366888461061203,0.35446612122318738036,0.37839409106649968262,0.40356785027485375661,0.42990449808265779330
0.41862925801110423274,0.43519385761105511268,0.45261476287411861463,0.47102202977750889934,0.49051740927425468985,0.51109861694807545707,0.53264303740416407695,0.55508046493286578027
0.67641212345995205268,0.69528964006556059907,0.71513214697758853422,0.73606312394945905275,0.75817019003924734921,0.78140504874943395031,0.80556903020486025913,0.83054018517720462622
0.84884571613940906776,0.87172231095754315611,0.89578539303090987111,0.92116648465836314941,0.94795041535188229176,0.97604189120870343821,1.00515157868988813661,1.03509723728056224346
0.83298024544498672217,0.85461729985573431367,0.87722555597506812752,0.90093559545032420033,0.92583377576043501822,0.95183815849736419512,0.97868153175074712458,1.00620044477146231010
0.67772933254987166585,0.69203051091867284761,0.70661938391165024509,0.72160982352827951480,0.73708790271720625586,0.75304115595411236228,0.76933619249082652036,0.78590638136938795189
0.50142436271888080057,0.50824588087000721615,0.51471909779790847583,0.52094382989676824014,0.52700770319838152744,0.53296589462069998699,0.53881418159707195059,0.54457992211442696195
0.41415234847317328182,0.41638971555188991625,0.41795623907116175033,0.41894359689739713026,0.41943990025888339135,0.41953674632851373216,0.41930087796746695616,0.41881110014239214534
0.46517869127515248939,0.46633362185241861164,0.46681182216426841958,0.46670011147278250840,0.46608365394807710347,0.46505797847998298078,0.46370212531744842144,0.46210201824019914163
0.60894773270531699083,0.61234123723573252729,0.61527610679298538887,0.61784041575524961676,0.62011724885305308241,0.62218515029054599630,0.62409335662781439957,0.62590341356086398594
0.72840268582757827787,0.73779006977704664205,0.74716711140823055537,0.75664119667589480045,0.76630419016291539958,0.77620012573316621296,0.78630135271894496807,0.79661354806368223080
0.70237636579674556092,0.72337382249910742171,0.74522421916298320355,0.76808918302279693968,0.79209071454557478109,0.81720575580926335668,0.84324222272891102836,0.87009353693911417604
0.50501439833868677631,0.53725460771923394532,0.57125103264716881046,0.60722156182175368588,0.64531983875875575940,0.68545471497098220404,0.72726716018789094864,0.77053699045058221540
0.23752080196889696628,0.27116894751271275465,0.30682989565589713354,0.34472387381664632011,0.38500396091598332315,0.42756461816769825157,0.47202213855668556652,0.51813537879888404980
0.04624900363456036639,0.07243769998943755395,0.10024940914165315908,0.12985695790055262755,0.16138313932745296242,0.19475814282903980423,0.22970480240495316782,0.26604732292294008822
0.04712991236442638093,0.06480829014629703455,0.08356264652844481999,0.10351429950797477741,0.12475396771902508286,0.14725610081269366325,0.17086726557813058935,0.19549048943220131980
0.26540532146825163151,0.28014004636560713157,0.29570871244741281370,0.31221286335594711225,0.32972978260350271906,0.34824567386583216155,0.36764447479019113363,0.38785383108908855210
0.59806424479412134687,0.61607575269437264698,0.63509291977317938738,0.65522847819647844769,0.67656273422430779352,0.69905219525103012845,0.72251782958387622546,0.74684614813983618564
0.84980970750135798042,0.87254885771374890435,0.89661910618786755389,0.92214675067205198467,0.94921442071782380356,0.97773484229731333350,1.00744007386490874723,1.03815597657541958121
0.83530472810002198703,0.86103813214759372663,0.88836634781226209157,0.91741612971613861749,0.94826422883827099497,0.98079004541287739816,1.01466764072136217401,1.04967979983249781739
0.53402456198327352688,0.56040856353344037366,0.58848866648242026400,0.61838299199734281242,0.65016013887408008465,0.68369167927839891163,0.71864654802618166407,0.75479903517811475222
0.13224100963601356784,0.15758655799802370745,0.18453924939268606664,0.21321282462662591306,0.24367639863962650693,0.27582230292277770678,0.30935965583221414210,0.34408823126334131537
-0.12425470504769198232,-0.09952242719520043579,-0.07334411188272436932,-0.04559317172389620865,-0.01618476193243383043,0.01480397149992871558,0.04712260492896416797,0.08060278584677858793
-0.11785360967147404110,-0.09144517670357615868,-0.06361474695588255346,-0.03420639404487662433,-0.00311007834066868560,0.02960945667684995383,0.06369545888473565620,0.09898327299152205605
0.06895592722983874545,0.09826293453383685983,0.12913785502838481811,0.16176360921407645366,0.19626898356304878224,0.23257672805858090048,0.27038339777690095778,0.30949849021574959984
0.26941600129151088705,0.29834936675239065451,0.32887230968468417203,0.36116414714501687833,0.39534943863846605527,0.43134328399448207403,0.46883266988830135658,0.50762030558638482347
0.37903873121573178340,0.40073527676245962459,0.42360440691584277939,0.44778031979477739277,0.47335868078608950293,0.50028862532367746052,0.52835796801154322200,0.55743241815141086892
0.41698564198272747294,0.42442834699793469122,0.43206479479386927789,0.43995364137958592465,0.44814825710219430288,0.45668797903651286996,0.46558566553856206571,0.47485411144017752871
0.48575483824233084418,0.47626454757606073720,0.46567518693305787192,0.45396590209316567410,0.44115002831457822419,0.42738675607732196093,0.41296744940966584325,0.39809208644480198469
0.63042761879494746413,0.60956064655292818699,0.58664552592604546355,0.56161305225430324661,0.53445431462277070978,0.50541342210450779238,0.47497076328834009207,0.44345645457922622246
0.78325736279471724899,0.76112738615215635996,0.73678419744846557204,0.71015117223719281814,0.68121456087011744707,0.65022470297233725400,0.61767814934318865383,0.58391729586417484565
0.82458006825211316304,0.80870914436633256628,0.79110636669539702304,0.77171079773819706293,0.75051003132780791383,0.72769619815261132878,0.70365057770501271417,0.67863494109295052770
0.70485066119344297331,0.69810222973315461115,0.69036474133642522499,0.68160171446570017029,0.67180402345733014613,0.66107884974770303455,0.64963854240935037243,0.63762639933340503617
0.54375752348004902093,0.54563335170161719745,0.54718111730069374232,0.54839374438014476532,0.54926978803217607616,0.54983479214500230459,0.55013276831619439822,0.55019267480749445287
0.50658101773324071271,0.51323843016529169248,0.51985206061965982816,0.52644109033440389389,0.53301561095159277759,0.53955413717210343183,0.54599398870996029842,0.55229757917519906041
0.63366733067620684139,0.63792332975059562461,0.64185515775689772067,0.64548228826420761539,0.64881677717846186759,0.65184791949292697488,0.65452961867641934468,0.65684284191920205842
0.80637040220007905056,0.80241223646358705857,0.79750671187450872246,0.79164079652345376026,0.78481072409046337413,0.77705797913658958276,0.76845571530218292899,0.75906805738391969207
0.82199619042583460526,0.81162770036327025469,0.79997842290104792529,0.78700322899124763865,0.77268085695358390552,0.75709248135495221810,0.74041103542673991633,0.72276419615846165811
0.62162189661464484214,0.61216729545859027706,0.60172917018530491795,0.59025942286086030553,0.57773282342141574208,0.56421932373228633750,0.54987869755813612027,0.53482254154641351018
0.38230870536629074641,0.37657163322892145407,0.37027731163326410568,0.36338675350524568541,0.35587659411353139705,0.34778693712969749319,0.33921997989269359053,0.33024276518658363111
0.29618513492705933476,0.28996632372957081847,0.28310511348125849684,0.27555563072780225875,0.26728972960156821559,0.25835135192287378425,0.24885468165071089608,0.23887415715001614203
0.37346544958700117478,0.36563017365803879288,0.35680910937076404377,0.34695227107268777900,0.33603125998582228373,0.32410817893181165239,0.31132889353172926716,0.29779451587393851453
0.45966948484876046788,0.45646540942255964257,0.45236890673825819187,0.44736979425604134208,0.44146758870162766675,0.43470888102599608560,0.42717345561637498630,0.41892819565362771073
0.39897028302140141731,0.40575176661788514565,0.41225614746359862117,0.41855154926621912503,0.42469069742502008058,0.43067663005222300843,0.43644241501130509597,0.44196743493487938848
0.18292216884108941644,0.19872409870225388184,0.21496566428872776466,0.23179060964275041701,0.24930416838912744515,0.26747145201606892240,0.28609384917707370022,0.30507017682103598766
-0.04994589099046407854,-0.03096582060648390283,-0.01116077009448401651,0.00965027558276912271,0.03159983447086856662,0.05464057340719951500,0.07852187849394919039,0.10311115705825298072
-0.12596101560095718241,-0.11277336473051656485,-0.09907150126342852137,-0.08470057676833742111,-0.06954377005688511248,-0.05362318866766270509,-0.03712077045098375466,-0.02012332494354472298
0.02673185958705993556,0.02618724793508752854,0.02512787621786419581,0.02362354561441678061,0.02173521380382782697,0.01950054049176362311,0.01691591668295514342,0.01401171300502362591
0.30761259694252712782,0.29255193853941147131,0.27576614275953637012,0.25722815286765327025,0.23693403605399948608,0.21498397428197565939,0.19156583933891438432,0.16683621122215472332
0.49516902740827745122,0.47418983868250319524,0.45088337228486580210,0.42517787299087267394,0.39703812141174960049,0.36658714844265943844,0.33408903807184153756,0.29975153199127474446
0.41697192511977315688,0.40345799239057761332,0.38808016523238858531,0.37081083338534903682,0.35164245789286807664,0.33066126605015172535,0.30802702451868246847,0.28388087293515618104
0.12368929762777852721,0.12473837662262404757,0.12503444900985746790,0.12464599040780209582,0.12362938789918644089,0.12200763293235428186,0.11974672062651288418,0.11686210039108956005
-0.14097140161990964757,-0.13135746517626042951,-0.12172719076798389770,-0.11195069993248381313,-0.10192748909425501658,-0.09165928284001481630,-0.08127440637334952533,-0.07082078338638517212
-0.16431200243390670090,-0.15824840716207627667,-0.15227030124104773412,-0.14626696466897379234,-0.14014494967741733533,-0.13386589138445031955,-0.12746822568891366667,-0.12094642726435887725
0.04736740693449997819,0.04239319191427688011,0.03662482188822769463,0.03009796552014696452,0.02286171031418871361,0.01503071328529032545,0.00676775507447242939,-0.00179781465480719459
0.30642246450990673345,0.29173446893385196477,0.27556384902778841006,0.25787329603546560453,0.23866659385087229950,0.21812194947579421900,0.19657795499624378111,0.17427152249583002797
0.44895821394866392007,0.43202979331743773805,0.41342040786484751669,0.39306755944404830894,0.37095817381817108860,0.34728621480613869332,0.32243954048782180744,0.29668338915363451358
0.44289695815382656985,0.42907404486261230270,0.41376446351766127396,0.39691938828502032477,0.37853282970151735931,0.35877951934024426839,0.33800118613596435990,0.31643231803855548234
0.32342529271804948410,0.31117227789708090668,0.29759862999003627859,0.28266260020238148654,0.26636157373757179956,0.24885808837707390495,0.23046717474589945018,0.21140436143613744457
0.13122868026110387496,0.11606293660870582729,0.09952242108413444921,0.08154188221067558417,0.06210349342324378991,0.04138534213768637476,0.01975297477032577145,-0.00255090589804905224
-0.06768468415527231774,-0.08676126789006259610,-0.10730918024470108285,-0.12942873901667500958,-0.15316030417767192984,-0.17830135196148211296,-0.20440949557933010827,-0.23120074945034377323
-0.18750263942898909297,-0.20404943137808506659,-0.22178515351242930609,-0.24080854200349657845,-0.26116135058655803869,-0.28265639316914109580,-0.30487768999433395578,-0.32756523681340377063
-0.17002749108679934831,-0.17508050502408245563,-0.18053978247556118353,-0.18644557218709045809,-0.19280818148388634281,-0.19951698825766053802,-0.20634219938643871828,-0.21314578182109686355
-0.00969461932453449284,-0.00148235618705116665,0.00713731505567091057,0.01619846374344959331,0.02573017344500636017,0.03574421109524262424,0.04622937394500791636,0.05717146734792680207
0.22764112065660652151,0.24229379848725482449,0.25770541683050335324,0.27394847746273831568,0.29106889652053863360,0.30900977668437118462,0.32760355240418737033,0.34674051290423379967
0.41987185165813839527,0.43147392883943885833,0.44362513415464499555,0.45638574555031646840,0.46979011420433913759,0.48377200252726010321,0.49815785921181315876,0.51283864578463600470
0.43750456242130919549,0.44179394122415666102,0.44619982691906751038,0.45075219403136601581,0.45546891334177558308,0.46032212709971742637,0.46523342561071340251,0.47015824092978136806
0.22571221551466336130,0.22773049925249647107,0.22975599985875955200,0.23182267391744124096,0.23395851151569901916,0.23617161408374962028,0.23844411533772699729,0.24077322323802838322
-0.09955735001603389922,-0.09029643787190531901,-0.08057076925786495203,-0.07029113997142742709,-0.05938850201915502058,-0.04786760091266931832,-0.03581801821735562663,-0.02328621746911617441
-0.33373150971179132984,-0.31056211917639703346,-0.28607943583899492213,-0.26011530888922240745,-0.23255305700461723073,-0.20347270855126062261,-0.17316737403848656007,-0.14181368598919893986
-0.36021661618442546438,-0.32319743312173709882,-0.28399764988449871517,-0.24238898840750913721,-0.19822884384152311688,-0.15170845266437388288,-0.10337083504127039801,-0.05355613428750423399
-0.18974516208037728315,-0.14530619411477366243,-0.09814737519832572588,-0.04802957502371574261,0.00518068889666007965,0.06119961401754620001,0.11931224245638480386,0.17906038245294797484
0.05981319946757350514,0.10200234898978509379,0.14691486610630730136,0.19474702780344405051,0.24559500699266145762,0.29915467808795653815,0.35471568728267943715,0.41181217069993830693
0.23065773861014549073,0.26158448024510061458,0.29468017462196360867,0.33006385279119238030,0.36778536170112169357,0.40761376648244040943,0.44903921782315459055,0.49171550796768642710
0.23875924760178429684,0.25470361777246630641,0.27196187000953997437,0.29057550243228835729,0.31055831038937231625,0.33180780693626349409,0.35411139559235921270,0.37731012868641472524
0.11500599567181213345,0.11951795750083062109,0.12460568570506889985,0.13026250616521639625,0.13648474793356449308,0.14327624052185991554,0.15065466973280539076,0.15861114703696405082
-0.01600357000602035951,-0.01499844611429152451,-0.01372799263300883942,-0.01220889167070092485,-0.01044784267918445406,-0.00841465432700722743,-0.00603770329204479130,-0.00328647600245734030
-0.03419817371304795239,-0.03127820337602085082,-0.02808742410702164474,-0.02463440259918327907,-0.02092778064138174632,-0.01697894375430721373,-0.01279887751739423873,-0.00840564597024808825
0.07049644898919228686,0.07408080903835452535,0.07785895437454014301,0.08181775090104985437,0.08593587019022405626,0.09015650374348746499,0.09439045956482233768,0.09857306235741802869
0.22009520686176381465,0.22223285450942073527,0.22442680494217726039,0.22664924672426761676,0.22886351924827683102,0.23099401318800369398,0.23293056178759388719,0.23459627390241666323
0.30265681565719082524,0.30577441244878494908,0.30909000012769111132,0.31257773159954826969,0.31620098619022563025,0.31987540533076364024,0.32347496824781973856,0.32690987482756339588
0.24019086213154763887,0.24788787035987838725,0.25622064694965590581,0.26518734026315532448,0.27476880302035855408,0.28487130234745500212,0.29533348224815259009,0.30603737451217399856
0.06744682495937764921,0.08012607270750768396,0.09387388856820143290,0.10871572582371487325,0.12465368793096121003,0.14159097169985665476,0.15933858191045482955,0.17775558476497471672
-0.11868254457353467901,-0.10313904208495926207,-0.08634977868965723613,-0.06826890851080343048,-0.04887638718940304217,-0.02825952879392296460,-0.00660870405676362589,0.01593347159293311346
-0.23732611260730515634,-0.22013041849619865986,-0.20172975091091105426,-0.18205373787188475210,-0.16106071169720159730,-0.13882440553485450585,-0.11553540814615646803,-0.09133007226011211066
-0.23140365875697205267,-0.21298097279248107139,-0.19347780624828320173,-0.17279489944122247702,-0.15086651922080748789,-0.12775708198588206499,-0.10366977550567148258,-0.07873843347640829826
-0.08946846006686706709,-0.07150229877501763920,-0.05261222083791231713,-0.03268765373836770433,-0.01165329406503314881,0.01043158109916496150,0.03336064993069944723,0.05700547687895270166
0.13569308180414121900,0.15148946182181979858,0.16812964406662928019,0.18570824200373747814,0.20428698763249727999,0.22380096413682923351,0.24404898987789205855,0.26490500129097088733
0.33543751337502519805,0.35241394628947086964,0.37057953088731937497,0.39002192434934868093,0.41079018795895605454,0.43277919908322637355,0.45572746004181979851,0.47946245510402257795
0.39275667267270836236,0.42075332670183684947,0.45102029940915783213,0.48369891596734621020,0.51886296489705829860,0.55631213734951823202,0.59557561146018478393,0.63633785236293261001
0.25195971762197216792,0.29578463984959674216,0.34312978124964121918,0.39422983091610408479,0.44921322232348120940,0.50777894189660499613,0.56919960713948491993,0.63299171204846627070
-0.04798063358864107508,0.00352640684332784131,0.05893169460125649572,0.11852750572254602823,0.18248372124992626175,0.25048021217151872353,0.32170293258577981055,0.39561781474106511025
-0.35999782747215430811,-0.31343953447189404349,-0.26370906199240468082,-0.21052898211135384621,-0.15372792673513871464,-0.09355320124866500775,-0.03068394339805067747,0.03444212773810390038
-0.49234156648591387295,-0.45706124181307883347,-0.41974030382998839261,-0.38016665778396863118,-0.33820385950209752579,-0.29400897618299542957,-0.24805076148163834882,-0.20062539124828213111
-0.35583434661053842119,-0.32732702283693998480,-0.29730060935532826027,-0.26560225854601848816,-0.23213897988647239079,-0.19705025041032761535,-0.16072272215252214611,-0.12340307879541939640
-0.03535845553070825903,-0.00495373986773962448,0.02740871857330619624,0.06186355722473972640,0.09847703999380749695,0.13704196210449087756,0.17707354085010126865,0.21825015660128874173
0.27184305128329999679,0.30686435963185121345,0.34463822049281572779,0.38531181980177381385,0.42894786403556461885,0.47526409176601952522,0.52364041060294708174,0.57365680298589938335
0.39746042037632728361,0.43336435080172758250,0.47243317046445632013,0.51483450820659470981,0.56064602881228953191,0.60957596711613937224,0.66097523264040880520,0.71440288333950274779
0.32802807556716118143,0.35839161253777962468,0.39155596043634394166,0.42769276838609432412,0.46689700488364216380,0.50895070430842825893,0.55333129276004344721,0.59968764415047748351
0.19321630576968998327,0.21568993999734070721,0.24011768200144228969,0.26666029716175859710,0.29542391258839145740,0.32629681926484865873,0.35894794370442162368,0.39316291734416725090
0.13290188025233953817,0.15286720439072029598,0.17419435255298404419,0.19704465784469643586,0.22153473338323387276,0.24760952897860954991,0.27503029180599275483,0.30365289318462423962
0.19056773915278160669,0.21525280831518772695,0.24132928540853898491,0.26898056222876398635,0.29833560781299944820,0.32931604761745408849,0.36161786789177929879,0.39505919842594855451
0.29553836961496454672,0.32733935117884715993,0.36098895374013184600,0.39669886341475824043,0.43460808900296493684,0.47457451946164358469,0.51615657808756232328,0.55908194807213118516
0.32795659387711467714,0.36157609622076813949,0.39735151812497976342,0.43549289096317228553,0.47613197005442986498,0.51909359138669608491,0.56388248717547884148,0.61018551108556506879
0.23804066617544447637,0.26696459402954564322,0.29797384075927224600,0.33123760076980390821,0.36685933197833869857,0.40468127515437929409,0.44427895647293258463,0.48537551230434788918
0.08899675630698776485,0.11387081543558300045,0.14075618372861217753,0.16978054978837686662,0.20101933500766577811,0.23433661452863294161,0.26938641004531749257,0.30593186493465907017
-0.01283523265934623063,0.01414619551613013025,0.04339248628257519336,0.07502658167120004884,0.10911753677117652650,0.14551418282609895893,0.18384988839429483587,0.22386641320449254811
-0.01410080022480993643,0.02259728517606119855,0.06226210183729751629,0.10506994679288980676,0.15111979140121775678,0.20019668817695382423,0.25177547466363664475,0.30549442327220410753
0.03984590434847155860,0.08875906495783272843,0.14143684105052445332,0.19814775754143035269,0.25904992889215783247,0.32385846626453956842,0.39184320373020559147,0.46251825791195960713
0.08153310197139311544,0.13487027319037667161,0.19215867895794846998,0.25372894734172601883,0.31978620552874076344,0.39003725073420897340,0.46368049041356618201,0.54019749795173244156
0.11399330523019357564,0.16009215286734454486,0.20950881038231849995,0.26255791292987040730,0.31944412219623824489,0.37993942943783531874,0.44336860251202497851,0.50930465075799113972
0.18076598797404619390,0.21431834097241800330,0.25023876857293225751,0.28876939899083908792,0.33007450394905823998,0.37401444424548391243,0.42013181300129454065,0.46814086396821991132
0.29183152511923315942,0.31916886465962951425,0.34848416662833431312,0.37996241900048893791,0.41372935338873312316,0.44967846232135311180,0.48746166281036779067,0.52685596032109305309
0.42002158672904732484,0.45205226528282371756,0.48655709981417477605,0.52372453842968147431,0.56367405789181868059,0.60625007551985576892,0.65101813214391290874,0.69768941471766332540
0.53455109199468497927,0.57155409597371642505,0.61157979404020279546,0.65483976585287761996,0.70146186542441846257,0.75123700644130098070,0.80361960589252712239,0.85824483272795071276
0.58230430476073247181,0.61321245501215404516,0.64686677203689779692,0.68345970780712794745,0.72310866410716734265,0.76562783493275832214,0.81053149455771233978,0.85749706773551426231
0.50360595703424027025,0.52024845104943240326,0.53870464412176410907,0.55910793038297490476,0.58154525559823677661,0.60591510078018384622,0.63193245096988404086,0.65941135768271230688
0.31180177588525498367,0.31657810564315647106,0.32229843903796678850,0.32903917515214359257,0.33685626713245442332,0.34572199736512576607,0.35553025887629424728,0.36621550527070917402
0.08903138781959238357,0.09123814557895813804,0.09406192752386324796,0.09755431586188142989,0.10175389092088739373,0.10664601688117872347,0.11216698839070592120,0.11827878046007019031
-0.07831033397320193157,-0.07024822464059021776,-0.06136478273335836675,-0.05159637903118548946,-0.04090341366433004888,-0.02934287218995174779,-0.01706667818181641441,-0.00417215184600750865
-0.13825077986892395088,-0.12394306299910498592,-0.10855620766440973735,-0.09200352806275155504,-0.07423554892039405106,-0.05535090535333842682,-0.03559781174820281918,-0.01513595585739887887
-0.08528361171722283196,-0.07077028402653640082,-0.05524194921066855057,-0.03860464919969464059,-0.02080303271708078966,-0.00193407981556388249,0.01774915792427492200,0.03808746459487863389
0.04007787229176144883,0.04972246819064447126,0.06006471404756556082,0.07119033993957570028,0.08315570168266279982,0.09590292113180474975,0.10925510755732670276,0.12310773108043078505
0.17357657016843688891,0.17677270177312709443,0.18024094971912910101,0.18405081020492797261,0.18825661631244924865,0.19285660491793063520,0.19778706723450645288,0.20302169929811395011
0.27833867009422513794,0.27822139206604201700,0.27809250353141073964,0.27800997740310162687,0.27802592151291771749,0.27817477845550808713,0.27846576605532219473,0.27892196188861595463
0.35030786787227485846,0.35399681148513090223,0.35782545979092394983,0.36186007704511008454,0.36615508595303669637,0.37072367251341231675,0.37552868948392759130,0.38056089390399389094
0.40480947886155244086,0.41711966037487763215,0.43006370128221438343,0.44372875490552465827,0.45817236688721524329,0.47333871312692543665,0.48904941700242682279,0.50519798780125113602
0.48645889033310391047,0.50537863828778251118,0.52536590333409527442,0.54651733627763776635,0.56888476841380120064,0.59234351477347757520,0.61658544401092263421,0.64141369475378495757
0.61424815076958350080,0.63223553623829420456,0.65127258725510062121,0.67143566033962931439,0.69275702038353337286,0.71509297257884385512,0.73812051355770713634,0.76162935307200452240
0.72949118574450499963,0.74033118275291098787,0.75177480195118984163,0.76385820595553621803,0.77658923079853880989,0.78986175421099846794,0.80345489319565599473,0.81722411827490126779
0.76268394630296287851,0.76747898700235206437,0.77245834483432229689,0.77763259809998253047,0.78299886518829397986,0.78850043015447424111,0.79402575063142566414,0.79950289804053265019
0.69930039571627156114,0.70469482714108033772,0.71025364862068185445,0.71599968942549652162,0.72194254935880564084,0.72804078414476014469,0.73419798730645124962,0.74035459937138448083
0.57142248829931130416,0.58268249688111761753,0.59445349750717635384,0.60679536939275990903,0.61974222507069487431,0.63322855857059512363,0.64708218543702000769,0.66119595197033198541
0.46965317706206000103,0.48436886156379449497,0.49988489593463247829,0.51627834248407600271,0.53359221600514850081,0.55173616256000090896,0.57048004987473310834,0.58967760036233862753
0.49171906904039131003,0.50228254503305136414,0.51358518098858263468,0.52567467905934373018,0.53857252159006296921,0.55219451168509170458,0.56635080911959512218,0.58091602373061479447
0.61739352761107513246,0.62002715459647217422,0.62319349496974807412,0.62688951236435752623,0.63110168754306239514,0.63576853011659406611,0.64079025373826292711,0.64609262590969451789
0.73764628717537772395,0.73664990450922673837,0.73622417124942640676,0.73633989215313333521,0.73696347798579553423,0.73803343503645568724,0.73947765208451887720,0.74123357259791922136
0.76138952952109950623,0.76655296790783833405,0.77282983448999575948,0.78021776586396374142,0.78869446806706844377,0.79814572882298095990,0.80838508297277755776,0.81927198650220545151
0.64236703256880700597,0.66246071649148707827,0.68463729857754596075,0.70896976069661354902,0.73547632559970044230,0.76394467009644784206,0.79394862050142112064,0.82519129550626679759
0.41815085294201442823,0.45426011527755716379,0.49338056880850572616,0.53567434970264615757,0.58121156551741470775,0.62968555249644908578,0.68042298595438877040,0.73297007577119144273
0.21612007006972530632,0.25761489804832854444,0.30227927162443002373,0.35031762232684138247,0.40182931572326202607,0.45648870851146267080,0.51354835372793516957,0.57251400031612287300
0.14138148349266690951,0.17029091493418599401,0.20129077139483217418,0.23453219025165158995,0.27009048233385668514,0.30773633952901718880,0.34693499168544977840,0.38733895114277616667
0.19611557239128873942,0.20197036928824479984,0.20816684495792800447,0.21473455314243652947,0.22168217949776192199,0.22893500821935228173,0.23633433367024034299,0.24378146045491397298
0.30262724113647104796,0.29177627076073597845,0.28008142433346405742,0.26746603239607880109,0.25387393688903581168,0.23932944729529576078,0.22394088885182056314,0.20777945299629932419
0.33439964030876412338,0.32424035984063459548,0.31337990302716289825,0.30171856241348216088,0.28917892094292230176,0.27576764793357716465,0.26158406802923872547,0.24668336125404841108
0.20508243730327171961,0.21010394926185485542,0.21562061863958614794,0.22159713445670586873,0.22798935699876715644,0.23471024096092849009,0.24164045722265045657,0.24868284715167660037
-0.01612179990381556322,0.00343184462798413635,0.02457858403543886419,0.04736700837831714361,0.07180765746926155713,0.09775182751686853355,0.12489986079153911347,0.15303353732061486525
-0.16960791249529449942,-0.14965746581755715039,-0.12812396903074860233,-0.10492823771061707272,-0.08002582943498823265,-0.05351437133511197097,-0.02563104828367491692,0.00345171756761904419
-0.16188015113526610378,-0.15476560767976504929,-0.14710611007584678545,-0.13885165629135545751,-0.12995408640616448737,-0.12036982896834358403,-0.11006460185780446437,-0.09902277500474772343
0.00330190575413435170,-0.00389974573225110831,-0.01172450282561353363,-0.02016444762591953349,-0.02917953388944405022,-0.03859305989704806678,-0.04810269712932681296,-0.05750620756429849351
0.27956379018969335082,0.26713048513765735859,0.25360275932345627270,0.23897600350349290643,0.22328768597366077664,0.20675421487896741835,0.18975678009256183310,0.17255634526148094787
0.59688703132404075102,0.59051768540803850627,0.58351008622049360675,0.57588092521354383724,0.56767044255583976042,0.55902175396960818166,0.55016889594930484808,0.54127580132256214451
0.87355208002698092606,0.87899719295275025033,0.88481064200752657101,0.89103998397022510236,0.89772333655281588705,0.90486382871932802274,0.91242520132189397497,0.92038631702362916354
1.03895706070990412329,1.05453903693013595344,1.07144611915407095282,1.08974403365171457203,1.10946039903271853611,1.13046611940156638276,1.15248056343290827819,1.17531195491482676196
1.01986627054797041048,1.04031274640671345111,1.06261715328030548200,1.08685157938218157625,1.11303542029033408767,1.14096847933571376998,1.17024266939727539238,1.20057601435827843162
0.78258370394009058035,0.80339303987711652155,0.82613034660122619535,0.85087679859385711989,0.87765936492066720653,0.90627961812401613972,0.93632531160320331409,0.96751280727491939526
0.40813622133176336026,0.42860101856571469758,0.45085835415899694345,0.47501485647429853021,0.50112546813876146512,0.52903425773325052361,0.55837953369857706853,0.58891840146781637699
0.08182562766370643503,0.10365105109445145459,0.12716563599029062637,0.15251479737250725477,0.17979156701902399007,0.20888129535553520699,0.23945760258706866308,0.27131075966955120471
-0.00699198659251614070,0.01580157585797003703,0.04016422503909426733,0.06626659988531896639,0.09422621056871356704,0.12395437339572461244,0.15514514280987851125,0.18760991712238270224
0.16564007666084309967,0.18926415501891286075,0.21442397460164505651,0.24129597984581824255,0.27000147562888554553,0.30044868798946788857,0.33231962133068682075,0.36542010519367768007
0.42141904069228114382,0.44915626129466862393,0.47874951776260854519,0.51038552252403790455,0.54418531760960242583,0.58001306645374595128,0.61746485147458440856,0.65628741325796857708
0.53222347601803776662,0.56670172936485163628,0.60362857388394042246,0.64321174578879336536,0.68557778812738723317,0.73053146597880280755,0.77754809962449322747,0.82628922106700342098
0.37963924178743302384,0.41966503021221979175,0.46267634590794043392,0.50890032513172034356,0.55847262345565729103,0.61116364888949070711,0.66637397500241546400,0.72370912139719856260
0.05028829326667238336,0.09101275044592091468,0.13489018629308427433,0.18214736390693916923,0.23292220809499869505,0.28699674623000637208,0.34379450676030937073,0.40293007741325315152
-0.24022207189499150681,-0.20564971160047659793,-0.16832088019303095838,-0.12804744079331323303,-0.08471174376685332297,-0.03847925941357586282,0.01020045595430764743,0.06102071384974876861
-0.32889108150481866089,-0.30545651952582641986,-0.28012213126939006225,-0.25277258109082201276,-0.22333463589406080119,-0.19190514331959043770,-0.15875037811997327886,-0.12405981871120692894
-0.19477791128540192234,-0.18266192875321318745,-0.16956476844941115179,-0.15545104837626746996,-0.14030029255460982340,-0.12415414628731694102,-0.10711381163675841310,-0.08926290452711670154
0.04731350573348930277,0.05138069039402019117,0.05579653743553478207,0.06053628641287329276,0.06557873400072278258,0.07091310677996108536,0.07654404107869144935,0.08245495303736659343
0.23362987357514922171,0.23377506560719493733,0.23402975473058618139,0.23434643355707088230,0.23468908770317081780,0.23506302366158415840,0.23552160069723102054,0.23607967290082343403
0.27541633638764889680,0.27575283899668995291,0.27632856216285200945,0.27711451853736396300,0.27809081274636149317,0.27926960154226920796,0.28070184375219658923,0.28240347311248453765
0.21837071362708440625,0.22119996138495287563,0.22455584612403589606,0.22845299790941533957,0.23290632084005222224,0.23792920606578729648,0.24353820715030097266,0.24973299421711117607
0.18135088975135976730,0.18782483159171048381,0.19509478700692023390,0.20322953856350162161,0.21228501094504995117,0.22226620925623497005,0.23312740444915405758,0.24483781247301597550
0.25711913200044106409,0.26999920793727172352,0.28402219473802703398,0.29931896839068283800,0.31598701476098950414,0.33399437683555083245,0.35317389989793218641,0.37342710154831687541
0.46525916381717702386,0.48573176553071734096,0.50771750396054460275,0.53139812220933169140,0.55689958537642603176,0.58413134876341799018,0.61277575764314140550,0.64264432461100495786
0.72858579078477458957,0.75177063513897190994,0.77651175489076273983,0.80299742186281775069,0.83135187203497018515,0.86145037622084774664,0.89290695371799000402,0.92549082547788985575
0.91202425998647629335,0.92902806108297164567,0.94707149671822377091,0.96629595501715226380,0.98679424605398258219,1.00847149488647569449,1.03103396752299625305,1.05430930246801524142
0.90657496184315833343,0.91216405752839413434,0.91796262128532279956,0.92404907767943023078,0.93048157676767451196,0.93724396502561690969,0.94423561858551652293,0.95140984679335938168
0.70342487259929753485,0.70011709175246439329,0.69635195202733679576,0.69217914862087182026,0.68764859852815385377,0.68282030941527205314,0.67775190288642717107,0.67250568900801432903
0.42573457972253331283,0.41860987558180712265,0.41064510635219236834,0.40189869430629149294,0.39243585371338518542,0.38236232402246200790,0.37180634351785646352,0.36088695247702390345
0.22931401864657469103,0.22264748396884259662,0.21503089113857834502,0.20654024841860860184,0.19725478108275479316,0.18728288146168514672,0.17673950888251854785,0.16574297666949786012
0.18941806680011000208,0.18749627162769197386,0.18490452105766255753,0.18172978784904542104,0.17805070099899791836,0.17392783851636084425,0.16938165830575821480,0.16446670897630824570
0.26852147380284269174,0.27452925703223718390,0.28054027564260802796,0.28664785796259595330,0.29292045098357644139,0.29933744954652774517,0.30577321408588648000,0.31217472005782592737
0.34782147490725373595,0.36472682548979468153,0.38270114279749622987,0.40186130506540218565,0.42227632438430184880,0.44382761958275640524,0.46620197039928651384,0.48920768047732460237
0.36697967617483806535,0.39511989285626342161,0.42550699132114816470,0.45830262112405700803,0.49359499258921690767,0.53117678795622069732,0.57054618339457507936,0.61137572925998306950
0.37485827763967033421,0.40672851639680912550,0.44141230836160288975,0.47909134820065829574,0.51986355180921495212,0.56348652161423262719,0.60938421814064069881,0.65717501158920943460
0.43198902708943986983,0.45782496887474205538,0.48618909096650636537,0.51722668998687260089,0.55101055817439614781,0.58731589697027630770,0.62563164333198739708,0.66561643281207816258
0.55074221056664418583,0.56722368975126002955,0.58559138505388386164,0.60592068290999423485,0.62823394750158312316,0.65233112153531824795,0.67780603262355243466,0.70438250081684516957
0.65110193389979598155,0.66083196054439319322,0.67193075189586826124,0.68441009745233949424,0.69824426037376507992,0.71324438890379504574,0.72907904383629040801,0.74551577849065742143
0.63056941923676756989,0.63560599532502981557,0.64158653567482593072,0.64848489302554523928,0.65625100109463274656,0.66472596335439049220,0.67366279888445079749,0.68288194084954445540
0.50397228208623556789,0.50179118764055330448,0.49986534430362117298,0.49814640995273462565,0.49658359364257442792,0.49510732708494475940,0.49364422167915306128,0.49213337588360245300
0.34970149481113199652,0.33874709674641412249,0.32718822226277688436,0.31496606846856217699,0.30204409985868135857,0.28847283042231697259,0.27439512921454051186,0.25990284245966738252
0.23587072547198495442,0.22079459023536596174,0.20461286733627243040,0.18727876536063400859,0.16877921811415214082,0.14924020497768836213,0.12892317439152159442,0.10800890616977108782
0.20001254005548746440,0.18718859296457016073,0.17333202154284188534,0.15841980212903875036,0.14245692751142696730,0.12556681231110300434,0.10798410642101315127,0.08987681329365938832
0.20082299651347476632,0.19407970169269000982,0.18680620905264300191,0.17899704036721517109,0.17065973365496872605,0.16185782839411688716,0.15270663899109182537,0.14329143421790599411
0.18996512521943581531,0.18972210172427300678,0.18956565068463968049,0.18949922672352656483,0.18952440065376899292,0.18963473247552414813,0.18981748656455657565,0.19006455669470304071
0.18819724989316671815,0.19248200663301420765,0.19729865122039641490,0.20265865009219058424,0.20856195383691381040,0.21495896457070595709,0.22175629667800902944,0.22888604317567645685
0.26131564928313261165,0.26776306743339400862,0.27492377819681013129,0.28282475516279304006,0.29147643657726174382,0.30081967635880763057,0.31073120378912699735,0.32112380424703984572
0.44882847199532077687,0.45377480516853774262,0.45925231724295162428,0.46530197159523067896,0.47194974814915124917,0.47916109931588296567,0.48684228280408420320,0.49493325883956762468
0.66368100617807168629,0.66533965565761588046,0.66718597511685384660,0.66927181269916657946,0.67163793971966190277,0.67428396598455098143,0.67716448657708283587,0.68026225195586875749
0.75513924137621601940,0.75715523160876418984,0.75936139253208889688,0.76183301663843083773,0.76462887107827193223,0.76774680641279025028,0.77111711371888369548,0.77471472253821860310
0.66843815031367503909,0.67419776410598764027,0.68053356728703240375,0.68754614020191429091,0.69530718849504680179,0.70377701030396233595,0.71279960270528153199,0.72229403477729858807
0.47793442724396517640,0.48617392457705366215,0.49535743982209573533,0.50558617167591346497,0.51692633153955380720,0.52930483018141705198,0.54250969403287052639,0.55641646563925883928
0.33149802241488890431,0.33715614597425797028,0.34366797308097779551,0.35109939043135440784,0.35949147978259454739,0.36878388020609098596,0.37881970763535799396,0.38950128983671122862
0.34589838341204859340,0.34456634605898267543,0.34345293778981178523,0.34257005177642163574,0.34192859862997282416,0.34153385841141881141,0.34138963189549570432,0.34149841636316768945
0.54046573240406703409,0.53408813282146305745,0.52728285629456150829,0.52002957222554013761,0.51232612920091413766,0.50424477336475426181,0.49593075292569333001,0.48747998530287511842
0.83482686525222005169,0.82903614803457514881,0.82265204421605686580,0.81565864993834480412,0.80806092042538790743,0.79995178234242969584,0.79150571233760291801,0.78284016120169674924
1.07836400171671464854,1.07909886747480943114,1.07973686138379232347,1.08029202325773421300,1.08078432904247656587,1.08126118433476903213,1.08179150660872025469,1.08242148563687057283
1.16436313019954140735,1.17912156499549158895,1.19505137535581185126,1.21221885399675843864,1.23066182817416214235,1.25030239165085821362,1.27094816880894767586,1.29246390622144113891
1.08537033762361057043,1.11931724117351216741,1.15613436887189746649,1.19595473695134657532,1.23883670645851506897,1.28453055654304137967,1.33248940318778741343,1.38233087636441576151
0.90987674049730637993,0.95968101962627128110,1.01364529572751904674,1.07195769580371380592,1.13469450311380248841,1.20147026531408362970,1.27145430451139951344,1.34406791294029748229
0.76052233048447348551,0.81374507388695793697,0.87127347257699672145,0.93330597400238979322,0.99992127720831158744,1.07070497465504321788,1.14476491920891398912,1.22148230624721287896
0.69263185919210856767,0.73290625936624997916,0.77630981317739911063,0.82298604412606735092,0.87298845049119855322,0.92600052997839255031,0.98134578409080097661,1.03855594215000390790
0.66515128142291224389,0.68023725154452219233,0.69642719371125039185,0.71375083083686130525,0.73220564175529789797,0.75165475893267175156,0.77183266499051594867,0.79255111841490499813
0.63805546972363380576,0.62778893037444560843,0.61672874237765995531,0.60477832214064264349,0.59186648107904837879,0.57801990760562538263,0.56336908118445305771,0.54799063353332788662
0.53319201667402371658,0.51277527576803150211,0.49085700244674490555,0.46728397985794040137,0.44195060070868491531,0.41493732624184631597,0.38651874700883331881,0.35686608827050531056
0.27629003343911656687,0.26863515982621077871,0.26041324974692181549,0.25154099669321289268,0.24195206359459386913,0.23164351185678136447,0.22068272364850988199,0.20910527527884997800
-0.05554021899112818877,-0.03647333301055514371,-0.01608375109393272648,0.00570703946786110198,0.02893120553994550301,0.05343335198343615589,0.07887132705627690477,0.10501709327914289516
-0.31688155983726490339,-0.27747363370592764698,-0.23534005053609913238,-0.19025862391619585701,-0.14210261188511469355,-0.09112493566972881820,-0.03796557651334987044,0.01696184888862031434
-0.40727273266393176909,-0.36937519257930612193,-0.32890726912186013520,-0.28562147010900706956,-0.23936393833557889632,-0.19034922803059536878,-0.13917305632681620242,-0.08621036373124653374
-0.29454794894538166572,-0.27892901278517939767,-0.26235936490520250786,-0.24469675507685087479,-0.22584130090491025267,-0.20585473475497831353,-0.18497302191783018821,-0.16333071748154270875
-0.09589406435213530810,-0.10481728767619979958,-0.11453823554043916777,-0.12505402822971606325,-0.13634609337531364281,-0.14832609406689964415,-0.16084454707148357344,-0.17378536022379309500
0.02282376809385818980,0.00800600957405295417,-0.00796008621253418112,-0.02512371350111804874,-0.04350313702535012900,-0.06298871333357183855,-0.08334671457983190701,-0.10441280639065815550
0.03709201232657242941,0.03844770689545563142,0.03996370189302107800,0.04165789935351567330,0.04354176796461812354,0.04560154526448514933,0.04779827325226299051,0.05010932683571333451
0.02449783731817719440,0.05174120365684940770,0.08122022043537351077,0.11308200778918615914,0.14740459939890743213,0.18398645509329389358,0.22234963282945161001,0.26217768152622633604
0.07263733167324644413,0.12160256145292674956,0.17461638491879735713,0.23194321841395687533,0.29372315991186165318,0.35959248932078863303,0.42869005691918005141,0.50044517924540443676
0.18415121514511822998,0.24406726256067282077,0.30902667664761451771,0.37936119055885431095,0.45524849559162050561,0.53624164982980837557,0.62127780112735297990,0.70965375639098593474
0.24362625145798780246,0.30573983163291790222,0.37311566464896245288,0.44610817555806003831,0.52491204716677808406,0.60907495678501322178,0.69750573449076935795,0.78948409485409443143
0.17703397701311951451,0.23653759349179734328,0.30098683009635690544,0.37072978168833331525,0.44596473131229347198,0.52628541230203440549,0.61068509976883422752,0.69850118833599783574
0.02183159900508292034,0.07425081822327357639,0.13084291649498439036,0.19192124305933511152,0.25767185569229228426,0.32777031736486383906,0.40137986684332777054,0.47795235873800034909
-0.13157337505005672895,-0.09271803286719292048,-0.05095361602921777422,-0.00604379461664023097,0.04215743664043176964,0.09343675764997846911,0.14721524789800716215,0.20311620023639104238
-0.17932113820401571203,-0.15838399060007476993,-0.13603456722202833529,-0.11214679105605997178,-0.08663990690925124638,-0.05961141090342202131,-0.03134387822091831699,-0.00201996203037240829
-0.05523276265554472736,-0.04883830889184623963,-0.04216292298682355888,-0.03517807779743713920,-0.02786535424930578972,-0.02024481737829126812,-0.01237924198985390287,-0.00431022991988083953
0.23030676151948650809,0.23206905222777121645,0.23378223602726672103,0.23543526956329988153,0.23701837035968922884,0.23852717599942729887,0.23996115507211099316,0.24131585970271535180
0.56365319122559587317,0.57293666306085666573,0.58276622272821010373,0.59317228167003477335,0.60416964476111789661,0.61571071505799557233,0.62768382344721174171,0.64001017736171450512
0.78565491664426112539,0.80948161108378635653,0.83497838544719504839,0.86226929806551466662,0.89142993108742807351,0.92234300277328074014,0.95469408545316070125,0.98827239938845246048
0.79918319747950994358,0.83107701876082418213,0.86527723328470473874,0.90196855983907786580,0.94126953423644499352,0.98303641705853639365,1.02685632876508625699,1.07245587309014878130
0.60479526304911446211,0.62738515913421388781,0.65161897908575217020,0.67763961141403616928,0.70554588018523001214,0.73526360571893578655,0.76653863423027202018,0.79920330179510024049
0.31378897865525534616,0.31416338024786943928,0.31456594051790603972,0.31501268049281666572,0.31552670539267285710,0.31616190125060616989,0.31699934573400695426,0.31809068660527184402
0.07193512603400543937,0.05586085996585755942,0.03866352815991846992,0.02025075491156642926,0.00057380899639609105,-0.02024181952923840080,-0.04189425535768537961,-0.06419094301303197858
-0.04746091738602786769,-0.05939845699564664377,-0.07203333542487026786,-0.08545193069905808458,-0.09970938991082310687,-0.11473975606657713100,-0.13034887681969881124,-0.14641974217675951531
-0.03500999821532818634,-0.02551051313251790839,-0.01499816635498296864,-0.00344066523722303275,0.00917202156091374496,0.02275527531470654050,0.03713791158839696571,0.05219620522800571399
0.06482234393015094687,0.09558748515067630458,0.12899945149729058480,0.16522888577007655009,0.20437071101305795406,0.24621246476559016658,0.29023919218024307742,0.33610686541636086710
0.17678396912030153176,0.21244078347175307520,0.25108796080658990491,0.29295108900729283086,0.33816550142096590825,0.38650385247701507518,0.43737666444526418497,0.49039950471054077896
0.25751185877553872672,0.28210155113631862900,0.30881894112495039684,0.33784297391553558265,0.36928695172279801806,0.40300187983419638593,0.43857530038448300225,0.47574413098766260566
0.30240000021549723330,0.31358591352714915157,0.32588877468894161815,0.33940795147987140590,0.35420931102749775299,0.37022474690973822264,0.38725255954796805602,0.40516688146677687365
0.34633363447827925086,0.35345795708764377041,0.36137956562385198378,0.37016216460197814975,0.37984702446336754411,0.39038469519799956498,0.40163704863738713957,0.41351647533064639362
0.43486978695531441907,0.44809737303265267938,0.46248470168823502258,0.47812600242934222283,0.49507920506881858413,0.51325672624228135810,0.53242561401384913555,0.55243687096987048601
0.54485744943554470510,0.56381445514309924683,0.58415270783617312400,0.60601660387097988636,0.62949969506275416098,0.65449592027238323588,0.68069279075793220901,0.70789825281442497751
0.59180005539728108843,0.60730910191478748583,0.62370454518736617722,0.64114508580454920850,0.65974554648665251211,0.67945512879004821283,0.70004157681641199229,0.72137893491105775645
0.50060158933964493677,0.50431481293169433400,0.50793072410581563414,0.51156865071550550184,0.51533298090049195483,0.51928243570655785444,0.52340913046064485581,0.52774200416198868702
0.27312485084717968986,0.26082680830361065771,0.24733568028955679741,0.23268438237637667498,0.21693316055881681215,0.20026553846391906277,0.18296937545216476750,0.16526366032820380414
0.03258627613229267417,0.00646650841333457072,-0.02165965064570871818,-0.05185893126050324792,-0.08413217865445637988,-0.11820677187838460331,-0.15354797736264610974,-0.18978804938215762532
-0.06993956839374229628,-0.10134817226762042608,-0.13497143860271010318,-0.17094235953743680545,-0.20931126490163326492,-0.24979338411249232821,-0.29177154077734024362,-0.33483877071321410668
-0.00260209306464387769,-0.02765323601332501241,-0.05440619564951460624,-0.08299366286960595251,-0.11348013177285340425,-0.14565708234914115371,-0.17904038397170701780,-0.21331956424823772522
0.13186012677818831351,0.12507700238529234626,0.11784574622013894996,0.11010923846709085028,0.10183172615554549056,0.09306089771430346713,0.08393140768828578901,0.07452284834577678485
0.20279601169415070738,0.21986327398813659828,0.23812076390058309339,0.25762460475056664366,0.27838978673158276678,0.30026321843077541374,0.32292659671753570771,0.34616434247786925793
0.17398296567022825121,0.21079232961271510138,0.25026024345754332989,0.29253325010465547340,0.33766401805125573210,0.38532324137634910155,0.43480480616686018047,0.48563778478634295199
0.08231283183621265764,0.12804980036687815814,0.17730358318751249236,0.23025323936129390989,0.28695886203783821378,0.34699375987618119588,0.40945587218980761257,0.47373994988425621733
-0.05568091583837886382,-0.01420034414934520130,0.03069477813295104843,0.07916157340120562325,0.13124772127121717147,0.18655010484853457031,0.24423056163751671876,0.30372188540914124566
-0.20713559967489378333,-0.18063001065632119935,-0.15183836239722478534,-0.12065272422820029485,-0.08703694144338819383,-0.05125070138409984488,-0.01383824240238403641,0.02483286636457668339
-0.30339950246381242049,-0.29665715943010956268,-0.28939900700078025064,-0.28156941339031560378,-0.27313456079312087299,-0.26414657155300708125,-0.25474542329323235368,-0.24501571706803254580
-0.30668596236514011899,-0.31531972158901067083,-0.32496366049938330001,-0.33559971539245880834,-0.34719239365131310260,-0.35962539005909499590,-0.37271716968342094578,-0.38632390276735550927
-0.20778268414300071765,-0.22153008548857086590,-0.23684552876623823914,-0.25373321404250948063,-0.27216619695329880013,-0.29197908949380929622,-0.31288783533644493051,-0.33467705460911612025
-0.03752208280192996515,-0.05051059932915956396,-0.06487470049108724768,-0.08065148117125398031,-0.09784835255964026424,-0.11634567044067989361,-0.13590852455463001136,-0.15636534405728652608
0.11996954870462930853,0.10658950339054851231,0.09209914905645175121,0.07640621995631194374,0.05944870052635958108,0.04128483823933849772,0.02209496886761203038,0.00199668843258903007
0.20810171645734787393,0.19238508956755381862,0.17559112365202977912,0.15757782994572486213,0.13823830292119768104,0.11759888338537913266,0.09583073483143586535,0.07303305503248475050
0.20011249470918612836,0.18690912155815203599,0.17280943589498551360,0.15767918332339181386,0.14141286593368421198,0.12401222472553698195,0.10559848368915464301,0.08623700094756131529
0.07363590796399532845,0.07356810812225361706,0.07340649727861750518,0.07310986687683203311,0.07263548775344355612,0.07193083772045757995,0.07093824584450218740,0.06961348360174526850
-0.11590419392561111811,-0.09899644305864324645,-0.08111742719050374362,-0.06217813801195048312,-0.04212919782053191342,-0.02107727869128346587,0.00070859309775882955,0.02305664652818166169
-0.23968010253114102603,-0.21602616012266465106,-0.19097728618798082145,-0.16436913181015544438,-0.13609087447986453756,-0.10623815829906858854,-0.07512746053917372657,-0.04295263871184199639
-0.19262454165635981007,-0.17829716188494007523,-0.16318274819059197522,-0.14714424981917240132,-0.13007565751604641124,-0.11198566073232821272,-0.09301325800467759308,-0.07323232772357744780
0.00783463615938312895,0.00662702031843830953,0.00524294003020127006,0.00373384180787215232,0.00215559983469643113,0.00058915348712415853,-0.00086992391059888610,-0.00214473503164980565
0.19826031912609964891,0.19055683999784950311,0.18237552251480373955,0.17371000942200290340,0.16457276212936483573,0.15505437688749371117,0.14532062146346197418,0.13548621671000088407
0.23119610503730284035,0.23089112241733222852,0.23072074724736502116,0.23069040215090022561,0.23080777183046513601,0.23108858509377305790,0.23155838054523342207,0.23223127687652006523
0.11186827205662724927,0.12737645076671857969,0.14413350457918233660,0.16221158548571143476,0.18164969191475313637,0.20235172199870304910,0.22408843370115147375,0.24670205056426480761
-0.06282230279455018607,-0.03322972194904917631,-0.00142771661635090791,0.03272588917305416234,0.06930802851893719252,0.10813236609314623438,0.14874934178728066447,0.19085582226979663778
-0.17526923927894727528,-0.14258579437766147335,-0.10747282156288208432,-0.06977274967656343918,-0.02940083730724406610,0.01343401195224631743,0.05822913384618478433,0.10464649404354595119
-0.15631512964073104865,-0.13167644046847720718,-0.10511129744432601285,-0.07651237549045576680,-0.04582753475703913587,-0.01322937810765650868,0.02088822666175330078,0.05625616423122636878
-0.06248059774788643911,-0.04897577516461976838,-0.03423375952684661744,-0.01822451780404580474,-0.00094798977142036063,0.01746875216819638796,0.03678110112965957829,0.05681209163827161124
0.01319481434604604340,0.02185489982199640552,0.03149598231230477802,0.04209749338805487962,0.05362037505168906065,0.06594065526087618256,0.07886496936341683139,0.09224235623908912107
0.03937207151458139293,0.05262704033186201003,0.06723503841933137215,0.08317951177762411552,0.10041515593874704437,0.11876802758446426689,0.13795432840855911816,0.15775784030561121329
0.02425688369770569175,0.04399524274848010119,0.06551861399011103815,0.08883932385026137302,0.11392606700629977212,0.14055912454662750077,0.16834859788481371101,0.19700781404304512634
0.01589720775788934504,0.03393353893391930914,0.05353659795305448083,0.07471882986533130711,0.09745255595188692666,0.12153771743399004179,0.14661716734217045133,0.17243018352336747512
0.05774625771448590322,0.06438362329500992021,0.07167217177417335716,0.07957896246859633149,0.08805573589121862277,0.09698361780322489745,0.10618583046912048740,0.11552685842150497986
0.12134630113967037612,0.11637849158137368588,0.11118620195446106413,0.10568581692684374251,0.09980281061949942967,0.09349105581901545614,0.08674481880746703899,0.07954606844693339063
0.13094744297220636819,0.12571853632304275106,0.12025278611954788588,0.11446804332429993956,0.10829000161010104986,0.10166778824444933083,0.09458603960877449979,0.08702202277750904769
0.01927268624428197727,0.02514103641825522761,0.03155546547340638830,0.03849256892972834077,0.04591227497533486440,0.05370016278143919380,0.06167787522694002933,0.06971490972265444175
-0.19355489001782080760,-0.17630707009710577804,-0.15777724995957609355,-0.13792544251246496856,-0.11674934399154580922,-0.09440324002713916529,-0.07119183353187520658,-0.04732965370785907622
-0.37945863644460975372,-0.36035306824007778959,-0.33994685732368162823,-0.31818156387674040309,-0.29503378196059926175,-0.27062309229941117206,-0.24521088725710965539,-0.21898303627037538077
-0.40944929442977134881,-0.39672241747555914149,-0.38320284581222291420,-0.36885415357471595943,-0.35365636723743737457,-0.33765588172417387858,-0.32096703129367243346,-0.30367746159698916220
-0.26464498771758621087,-0.25533926930875777694,-0.24540269891636046218,-0.23480525461675583188,-0.22352835746951374429,-0.21159972597576728881,-0.19909414697968760843,-0.18607060060330138374
-0.05923374705302387327,-0.04196500305822460641,-0.02333521680029866652,-0.00325484206324372447,0.01832678293168560346,0.04130335772348912859,0.06541219918185062210,0.09047661679137691815
0.05047810327678624309,0.08662663174301914182,0.12561104556921465214,0.16765020454145532214,0.21286982765535886197,0.26102227838694885831,0.31148510247428912168,0.36385519408892813553
0.01460447034555196338,0.07326397370232910766,0.13639953287605979804,0.20438255408067329544,0.27743189050003336238,0.35515787623575773013,0.43655538984239122824,0.52098078669244440864
-0.08571476386686253945,-0.01334554967316521623,0.06443285445355649566,0.14808434871159634194,0.23788728105618620057,0.33338205433410827982,0.43335904310271011752,0.53704627489589462641
-0.15497035534453074135,-0.08697940550762275902,-0.01394675567451234000,0.06456060049408386681,0.14880502422583077871,0.23837087943486040542,0.33215212259956544694,0.42944147246658903594
-0.13135286688501410235,-0.08388746328249274686,-0.03286507545616681319,0.02200372154087004706,0.08089267708824988967,0.14351464653453291365,0.20911489113312820010,0.27720529465281207315
-0.00163278095014771194,0.02225845786053298747,0.04802765477804009364,0.07579612763771555184,0.10562936757196984827,0.13736714873829941608,0.17062498778370330244,0.20514533743279669831
0.14862448483564502655,0.16124678160087174694,0.17494749750123508858,0.18976175220912111508,0.20569529828299637497,0.22263105471026631288,0.24033579744064276218,0.25864519193908919181
0.21576371595550791760,0.23433816545578534107,0.25440976079509419749,0.27604865798398386945,0.29927841524802484274,0.32393087002708226274,0.34965216896890621845,0.37620163462360983742
0.15651662323524151432,0.19195493460525800411,0.23006995498525067978,0.27104938689340724034,0.31499119858754648371,0.36163198208416780233,0.41034719745114667244,0.46072744864773751416
-0.01884434619706275640,0.03350146194836905317,0.08968085202757113128,0.15000720511693665937,0.21466303929108229709,0.28330928082137235569,0.35507765142460995245,0.42940881936869745861
-0.21669282905992101607,-0.15592585562372124341,-0.09078606670865226047,-0.02088882802369862804,0.05400074209223651445,0.13352407668582993994,0.21671533606978274356,0.30295796762082810583
-0.33308180683531879440,-0.27497294854819515075,-0.21273707901494162686,-0.14599295180666738148,-0.07450118226539155508,0.00141774524580162123,0.08086696011651389737,0.16327784299571879156
-0.34541897433492324554,-0.30042368365011629106,-0.25230793836100867678,-0.20076065216347596665,-0.14558056329427340736,-0.08699723538613417240,-0.02568765754775150303,0.03792455265780653867
-0.28953672056479107244,-0.25950497715208648009,-0.22748695904917903832,-0.19325821347263708039,-0.15666908455930383948,-0.11786067919989645647,-0.07728002108811887760,-0.03519990543633079449
-0.22305292270661195020,-0.19571982257811113004,-0.16656852033606184271,-0.13540093455555834989,-0.10209016807630424961,-0.06678752436983334539,-0.02993459961973206004,0.00819772990109859066
-0.15200711490984447627,-0.11337226545343682960,-0.07195788234785235882,-0.02752224276744031847,0.02007344336512951674,0.07055868662635352007,0.12324677009116047355,0.17770195555632462003
-0.04360735179281356039,0.00744135055660970213,0.06236993458080282438,0.12146982396114301694,0.18489475041282196766,0.25224534998814079900,0.32256844300040349305,0.39524841201614696606
0.08926532896496283676,0.13798654783849698124,0.19055081639211127187,0.24723146413097527030,0.30816660966916747944,0.37294877759283995289,0.44062834807949280425,0.51058974079276320257
0.21084980110036152801,0.23655052438136689452,0.26439236630053220001,0.29453388367704524953,0.32705421377657517557,0.36171167930143738323,0.39794721451420295155,0.43540356838338417633
0.26157522361047136350,0.25668761617225099858,0.25155211082716966153,0.24617643714053411008,0.24056636678957724063,0.23472084847806587438,0.22863205697362309898,0.22230833148063944282
0.17000501627531830473,0.15017695240875900131,0.12883398816148658450,0.10590863486173060504,0.08137283197844003002,0.05536062322885011017,0.02816417791283047298,-0.00000972759076472021
-0.04370488114952587877,-0.04878774927566741082,-0.05438546974440271187,-0.06049736850695203172,-0.06711433093496686764,-0.07418917103136081492,-0.08164243977689969456,-0.08941035425849627738
-0.24858991349311612695,-0.21770878039406860172,-0.18465697525778690391,-0.14926382010474911755,-0.11143491640108621477,-0.07138027628081951292,-0.02961865606165082002,0.01351385897600337373
-0.28978957109705033579,-0.22839484668294010583,-0.16246090025099457765,-0.09167630213555219565,-0.01588011917327298780,0.06448256938639322644,0.14836029099560638089,0.23505983847495584560
-0.10348610056521785616,-0.04028523325156589674,0.02771536677337278765,0.10082576871839654675,0.17919924332597653160,0.26235489316881804855,0.34918163280273023519,0.43894304093854552562
0.19791467096990539298,0.23382511711407247268,0.27259196802958074457,0.31438421885408407430,0.35927833349840215815,0.40697397781900029878,0.45680050573223018873,0.50831131747480040595
0.37557358093094894702,0.37833254637784397012,0.38151828844609830815,0.38513721940498307772,0.38918338132633889526,0.39359703195896322825,0.39827114314556116836,0.40313217498360776059
0.28500579364586126063,0.27327440402943348197,0.26092408175986764318,0.24789589285156049536,0.23415569008780831584,0.21976590665108705624,0.20489112836275696905,0.18963714892562924530
0.03249190875935357992,0.03166724982864182331,0.03111539577636457388,0.03083110268001200416,0.03081093701496876933,0.03105475898543741745,0.03157240550471027835,0.03236311831228372293
-0.13790164770238849679,-0.11223369184804399268,-0.08418583867577739133,-0.05364747870179518985,-0.02056675679326799497,0.01486435776592190047,0.05222136244153852830,0.09120709587300290799
-0.06079909106112110773,-0.01210790282583802321,0.04078776229261574932,0.09808866417667835846,0.15988383609981060562,0.22580124373628637779,0.29502457560896044875,0.36698761491328130147
0.20083892785118606650,0.25478755205736730582,0.31330318174531485154,0.37659525461027498761,0.44475056304655996575,0.51734933901404411838,0.59348379610445745058,0.67252272104553356691
0.41540000450419090061,0.45555309563631030123,0.49902179996902584769,0.54594877415941800436,0.59638855637664633935,0.65003107409517435489,0.70621520260934789182,0.76447759309678531281
0.41994654751796500758,0.43403924703231350213,0.44914947357212336998,0.46530782085977384632,0.48251999343899459882,0.50068791306209692316,0.51961341814803219119,0.53915126396604751147
0.21269458185232636982,0.20088017850886988325,0.18784135351395855884,0.17349466803482896382,0.15779319500238053742,0.14083884645215119513,0.12287774422748276582,0.10406974558981005319
-0.07992879327427232505,-0.10710382743656417237,-0.13676760850204058850,-0.16908122084111065764,-0.20413507890824905688,-0.24173193756414315669,-0.28139331642830200941,-0.32280120142196744304
-0.27869511361147769613,-0.30824972149663520948,-0.34040279115995819570,-0.37534207548634945795,-0.41318355444715715308,-0.45375370246024132603,-0.49659159715187528583,-0.54139258119747257769
-0.30541128876615986076,-0.32512618252531239049,-0.34655599371408341014,-0.36985237114137547998,-0.39512437610390899190,-0.42231266865358141338,-0.45118568550215659707,-0.48159329585824334208
-0.21288949519077063344,-0.21547947221200852708,-0.21839971347242981281,-0.22171150759938368369,-0.22547983619611910999,-0.22978893534984040636,-0.23473599710700526755,-0.24038672400844826593
-0.10393703882592640608,-0.09181993629242198030,-0.07892601587562181331,-0.06521988394910666065,-0.05070826248056622965,-0.03556991609452510306,-0.02015186873058219530,-0.00467852549082537535
-0.05716491979958570474,-0.04063059762987834833,-0.02302411866537324922,-0.00426231740665793547,0.01568579727704931190,0.03664177572220315982,0.05821700191299739036,0.08016554143815637912
-0.06414740346110955893,-0.05544367374649761954,-0.04626160066244248970,-0.03654800400020503243,-0.02627893177161040594,-0.01554598253528822853,-0.00455940246860812078,0.00655265400992364674
-0.06815037117301064873,-0.07460397710506908031,-0.08167755211021461570,-0.08940779502146052604,-0.09781861569312072513,-0.10688155299938441323,-0.11651733740590534960,-0.12666965488916789861
-0.04136576180300460120,-0.05945666557065246161,-0.07898174733836647865,-0.10006214532067067569,-0.12277421724552234350,-0.14701610778378335076,-0.17250524693835764256,-0.19906012564997949132
-0.00973572741513949007,-0.02687326255277392578,-0.04533029877708000949,-0.06524091478117922949,-0.08669608559445786400,-0.10961767829728052970,-0.13375260522244195038,-0.15894413931258788431
-0.01265603468502939956,-0.01806397407340862640,-0.02390569011208102529,-0.03024801779883682165,-0.03714511722376125091,-0.04460406226847198757,-0.05257954016056853863,-0.06104942717808949093
-0.04883808171358614003,-0.04051162855708028560,-0.03162232747142570272,-0.02213173041854060025,-0.01202473692057880530,-0.00138033114641060049,0.00962845437998439101,0.02088964461764477795
-0.10900021102513605953,-0.09127539327417372172,-0.07233557284036842838,-0.05205081034584168459,-0.03033810162646836603,-0.00729832093032391303,0.01677656763436591661,0.04170726505939098550
-0.18040351297120787999,-0.15834728824884453102,-0.13478905618975992042,-0.10955573783432941137,-0.08252895936148303691,-0.05380259770080059872,-0.02369432113505112736,0.00760332158337385933
-0.22859039326757032984,-0.20302075345819500796,-0.17566463736225029768,-0.14635194610053775532,-0.11497060559647213906,-0.08163623716813392384,-0.04670116765552962540,-0.01038926995244121576
-0.23370472838909009394,-0.20321273198259090509,-0.17044863669350351909,-0.13527086314059180716,-0.09760276953669880240,-0.05762996463277450521,-0.01580007073058149400,0.02758241461926892041
-0.19275527832681643714,-0.16012824211345486058,-0.12488859801316022635,-0.08693939003939227250,-0.04625143870671322155,-0.00307709111343286911,0.04206126744459622729,0.08879201199917703680
-0.14414977559609512547,-0.11705555208713742943,-0.08762947257348971397,-0.05583275255415156429,-0.02168159461276991315,0.01457301824943585053,0.05246391348464823218,0.09164684019898762524
-0.14569026892983330534,-0.13204294586095333131,-0.11709509545906721106,-0.10087591002096843451,-0.08343853928432667932,-0.06494568287773594406,-0.04565130602012119204,-0.02575705363632458181
-0.19247750834037313794,-0.19384684096716092716,-0.19523816629655321719,-0.19674332328071417186,-0.19844240268512700065,-0.20037753239746641798,-0.20254039214816549341,-0.20495144054413963475
-0.25977853040712328703,-0.26742370376026503020,-0.27583087733815170317,-0.28511621227501093845,-0.29536827759858258480,-0.30656996981776440947,-0.31859251787434883507,-0.33136965136609242144
-0.33674911929473749783,-0.33601519451329353583,-0.33561113263324843237,-0.33561234011459267768,-0.33608625674357578417,-0.33707172859576972623,-0.33857659759716163261,-0.34062159698418603693
-0.39567293763128680295,-0.37680535163768363871,-0.35692439609638565434,-0.33601648213237095275,-0.31410493596680050254,-0.29136561669028160360,-0.26812404568745779043,-0.24461085006359839511
-0.42064061075977871029,-0.38585367265347986221,-0.34869243955238005128,-0.30905979870064076431,-0.26693662008886198667,-0.22262356811534281253,-0.17673480203720634552,-0.12969329879925775573
-0.42605991979313140305,-0.38587128280139165737,-0.34265998295385857730,-0.29628920737473557478,-0.24671609637640723456,-0.19428351549552777544,-0.13971028381719677314,-0.08348927255733309960
-0.42144463493240358343,-0.38684512102670670641,-0.34948362694421297725,-0.30923264103121028690,-0.26604730094551504171,-0.22022276330959211776,-0.17238381147903911184,-0.12295883733314423580
-0.37139695132167438452,-0.34863976629431397969,-0.32404866119556535731,-0.29754074849251616053,-0.26908856775361711389,-0.23889298037856807055,-0.20737565455594211827,-0.17482536077853830236
-0.23038305577219450604,-0.22032842922222850568,-0.20960095863214223133,-0.19817920491932017324,-0.18606743703357644937,-0.17337596661269152887,-0.16031800929098549702,-0.14703859371406510781
-0.03246529707059027381,-0.03251096016393934668,-0.03288463059788258175,-0.03362464330518939726,-0.03477085249132887135,-0.03636995880272080733,-0.03847584572777549422,-0.04112460577185160504
0.14017498471135214633,0.13675846070940045340,0.13259362646493261240,0.12761755115082293321,0.12177427302241659868,0.11503625438402859116,0.10740182368049946970,0.09887115964591970674
0.26091326924377689078,0.26210740184923392304,0.26285267274533891113,0.26311591076396145805,0.26285937006904730451,0.26202837577461268737,0.26054704110243365189,0.25836908436710953607
0.34318331170149657394,0.35173072045046221978,0.36044057829264419812,0.36933505473846167666,0.37841239571848339640,0.38757707096455357165,0.39663434580971068666,0.40546300505292093286
0.40310530111212777848,0.41570670149981692187,0.42890141767166950482,0.44274464374892186225,0.45725619868220462871,0.47231571150102580336,0.48765816265401162877,0.50311692956545850386
0.45072345652780793079,0.46165377980109945089,0.47323322172896087334,0.48549803156412241201,0.49845290982582740602,0.51197455136900438255,0.52581227444338018984,0.53980289153638749688
0.44007611109379679570,0.44623950517745836208,0.45290479446099268790,0.46005348905968990181,0.46764905331164347002,0.47557585742241353932,0.48364797600156334001,0.49173253543507511321
0.30404597408210792819,0.30505490380413124996,0.30634225912656415369,0.30783395563725285404,0.30945404409678761715,0.31110805432336785525,0.31269854160188642611,0.31413877583534349780
0.04341955602944034404,0.03838290540005364487,0.03320725695769841807,0.02777586843851768961,0.02198897005806188867,0.01580295757407557816,0.00924753999055292174,0.00231398866867325035
-0.24971999319149676411,-0.25908338037910655371,-0.26903285035384050250,-0.27969931358083155448,-0.29118324435877523948,-0.30347211713246330378,-0.31642739819141207924,-0.32998338403318433487
-0.43951716905788018597,-0.44798711276548985882,-0.45720793179894492209,-0.46728446777694815362,-0.47829320592732044171,-0.49020104563965644084,-0.50285996963785273284,-0.51618831611921678348
-0.45622111250812091843,-0.45986409775273096034,-0.46411831413949222735,-0.46903766723234441294,-0.47466215802645483901,-0.48097538263099032241,-0.48790683457265171530,-0.49541373297597696146
-0.34799720599335692839,-0.34631587677828618022,-0.34494171837120746194,-0.34388105767315502170,-0.34314215400879555240,-0.34273774941412959993,-0.34269162929652524641,-0.34301490252448013640
-0.24264197073399443316,-0.23740800699767639070,-0.23212920886373888951,-0.22678875898044958959,-0.22138031141566563709,-0.21593690016955094380,-0.21053656569278192401,-0.20522704540308625565
-0.23463104313826865788,-0.22714416664612155361,-0.21921988209238807421,-0.21084084886127282821,-0.20200180884574983620,-0.19274675459994292104,-0.18316932138425454091,-0.17333723954728424976
-0.29735898429514923125,-0.28845230497879237319,-0.27876445272571620526,-0.26828869878843975005,-0.25702875255524920695,-0.24503505317505785976,-0.23239889611787409307,-0.21919876548885183776
-0.35717929033382161963,-0.34961410883856353093,-0.34124693054137783532,-0.33208942072473540685,-0.32215799066262623684,-0.31149516656515108259,-0.30016014333623219912,-0.28821691391311660135
-0.36194320422372722179,-0.36013387275120434250,-0.35799669190327387813,-0.35557272353480351423,-0.35289599044644337500,-0.34997879081015476066,-0.34680270103007632132,-0.34337811397942014091
-0.30400330624195681661,-0.31180112869772380613,-0.32013132067759086929,-0.32908116673658810436,-0.33871280416510940459,-0.34899223039383786560,-0.35978249686038726862,-0.37100871143270947039
-0.22692183252986775077,-0.24511000104070207462,-0.26472175317275636885,-0.28590099650079120464,-0.30874602091232622447,-0.33317604385816362855,-0.35892519808948253335,-0.38582874232937541814
-0.15802131616518794166,-0.18381580107942771529,-0.21161072725582028009,-0.24159807469865091090,-0.27390794440813009958,-0.30842698748024555133,-0.34479077171504551869,-0.38276991205278604324
-0.10001308814763236466,-0.12880629429847834100,-0.15975383005628260302,-0.19306849573495862837,-0.22889383719544795226,-0.26710164600765279319,-0.30728216667455093836,-0.34917885691268479853
-0.06190366196916689823,-0.08903905360689658155,-0.11814398517467768202,-0.14941583768944394217,-0.18298551875706758896,-0.21872321910183076255,-0.25622869931685959832,-0.29525224463392285568
-0.05360723229188801842,-0.07642900999119500716,-0.10089666802379589072,-0.12716848707180569700,-0.15534554349833953890,-0.18530358102398153397,-0.21668602117930199635,-0.24926898247367157424
-0.07849573861521057239,-0.09719569384193689487,-0.11726615562989169128,-0.13882579533102648583,-0.16194551159916872884,-0.18650641468386014443,-0.21219632009304814635,-0.23881620852981802483
-0.12930279603164251956,-0.14747199908967945081,-0.16697807505467143763,-0.18792374979528461698,-0.21036470974290494285,-0.23416826826174449994,-0.25901203125352673107,-0.28468750558089345182
-0.20155164935382388625,-0.22650259385319757022,-0.25325732526996175276,-0.28194628415824352086,-0.31263513271902687585,-0.34512936773931607304,-0.37897345992980069340,-0.41387106423194547355
-0.27881534300022531303,-0.31560646984989210173,-0.35505330736402018754,-0.39733958220457143984,-0.44255380256429743824,-0.49040126837772846091,-0.54020392659909077793,-0.59151857286471287711
-0.33303166310818227425,-0.37720702081318135956,-0.42463904720339523680,-0.47553612287193819386,-0.52999253243760102716,-0.58764138377702856975,-0.64765749643607750663,-0.70949708383160470238
-0.34111384745036765764,-0.38103100628862496269,-0.42405114052065456809,-0.47034158339792309089,-0.51996743303495318589,-0.57257662707382139811,-0.62740856950457180030,-0.68395334949465480534
-0.29235055573259755013,-0.31804935133030992622,-0.34601304436855956359,-0.37631407795634486124,-0.40896211915078939381,-0.44370406245510340959,-0.48003937054563705633,-0.51761706004029939265
-0.23837819249408284672,-0.24829256085963113954,-0.25946744347380135132,-0.27187653695300489920,-0.28547566889502157261,-0.30013529995866439215,-0.31566071673315904134,-0.33189104657282075816
-0.23208296263100589019,-0.23221768415907256822,-0.23293263734803792975,-0.23414382055597793286,-0.23577794142348282302,-0.23779033888369222050,-0.24018641318789857309,-0.24293165222387796964
-0.25016974936034852561,-0.24894013583753971108,-0.24809060200378429961,-0.24753587569746707264,-0.24720537486079294243,-0.24707489641574637007,-0.24718519102449001967,-0.24752806082982983793
-0.25766133441046801256,-0.26282865668864929809,-0.26866758145185437590,-0.27514203570014944544,-0.28221158136427298979,-0.28980901717134854856,-0.29785356029249132614,-0.30626662109083729879
-0.22674897639365071411,-0.23971314058656140178,-0.25378999470474594702,-0.26900027406511395345,-0.28533670185209486503,-0.30267311479103398142,-0.32077326519661331083,-0.33946563820652214671
-0.16191780762443599984,-0.17361447960895040610,-0.18630042328859330869,-0.19999785948647666456,-0.21470203782394997605,-0.23029461602204198689,-0.24655109975163946867,-0.26331140310303496888
-0.10336032308465954721,-0.10281989727167782644,-0.10239849536932690843,-0.10205141647868642973,-0.10173888780032359913,-0.10143524640088147359,-0.10113748069699035614,-0.10082851669424530705
-0.05087787045791773016,-0.03625855981084700336,-0.02074608526020061197,-0.00420910435896103274,0.01343927424911411581,0.03211431763128397288,0.05154916239294431157,0.07159008515613990431
-0.01001337631874096162,0.00896416329635392299,0.02916631649818724956,0.05076329719397789514,0.07386472023555716582,0.09834491389906770131,0.12383109802538190547,0.15010665434000239338
-0.00179302099992057818,0.00798118405308750715,0.01831550708971522654,0.02934007163961848547,0.04114373722094804425,0.05365826225206765665,0.06664646927042054692,0.07998426543021089352
0.00540217155280807524,0.00074138885099379295,-0.00443146593392845616,-0.01007209557326675491,-0.01614248940401566759,-0.02262223764757738051,-0.02951843572139630639,-0.03680595935630696230
0.05180096936284023235,0.03730831932833677395,0.02157470818363680862,0.00456096602828207943,-0.01375268197834539873,-0.03330371468229352538,-0.05395253070511307758,-0.07558576173381455210
0.13139490674892748134,0.11576260783838411561,0.09885049289137684547,0.08057082667154719102,0.06086044553972261295,0.03975436231463343184,0.01738730471019202251,-0.00614261608069876109
0.17487872514512120548,0.16793932063704294921,0.16046930411777102221,0.15239419296898726319,0.14364508402052617031,0.13417044384786810940,0.12394376753420179027,0.11294623304070015857
0.10810518406987298934,0.11613779274288700549,0.12486934755301276612,0.13429515483732615277,0.14438172392939141453,0.15497270543202287807,0.16579929405015311761,0.17667747241192280350
-0.04857938160085336493,-0.02723125921547254677,-0.00414105909786949798,0.02077137130673569268,0.04752703621058660538,0.07590332838411992245,0.10544249239810088437,0.13583714149789705150
-0.21071427624987026928,-0.18432365504846570659,-0.15589420409833801284,-0.12528750459735712997,-0.09243483311862626950,-0.05754897711549544076,-0.02112244193360631253,0.01652231264713905495
-0.32046786102959290421,-0.29761914690269919426,-0.27320064350482425874,-0.24705419140912115994,-0.21908161542640286479,-0.18942069506192446560,-0.15845310719730912319,-0.12641597890198408294
-0.36863751045156933905,-0.35328499293264364889,-0.33715747374556759297,-0.32010056705652056852,-0.30200147103702862372,-0.28290294471066634863,-0.26302089796696720425,-0.24247033507775508920
-0.34812402010992621326,-0.34168592187221397127,-0.33528025287963220125,-0.32877435589082693035,-0.32205603053658171664,-0.31507953998955318120,-0.30788932435919225128,-0.30047842923145856586
-0.24679831304006580317,-0.24928103487003522298,-0.25242214034918419863,-0.25612682215240673012,-0.26029981698841475612,-0.26482783474025162196,-0.26960346777499993864,-0.27451811234501222181
-0.11106671617671899643,-0.11884228030789104058,-0.12747603531131210253,-0.13690534248668526085,-0.14705462685517917132,-0.15778276772492522140,-0.16890239688499195103,-0.18025718960810505065
-0.03159153836494303647,-0.03859630377892094705,-0.04619799209838670873,-0.05433615961895418844,-0.06293882726505610481,-0.07187691880855553994,-0.08097882069139172856,-0.09010465711788444299
-0.05366915472458389652,-0.05466142333767819855,-0.05570077694923554479,-0.05668934095475166440,-0.05753184563029246912,-0.05813312315401367170,-0.05841182384314926035,-0.05828866732106201959
-0.13575124763911156078,-0.13042990308321136816,-0.12465505987669886490,-0.11827521492191922503,-0.11115738817923580262,-0.10323078003046261275,-0.09450299427244461536,-0.08494901172319037352
-0.17769432069841514799,-0.17169867209631767269,-0.16512574060573659285,-0.15780203045933807737,-0.14957573697142229063,-0.14036886465017375802,-0.13019449162567628409,-0.11902769678005696574
-0.09873265788171811663,-0.09939118425486188901,-0.09978303248086926869,-0.09977323085916159351,-0.09923424242911840776,-0.09805760742512042993,-0.09616657415978183132,-0.09348068977895460097
0.07498495594464765768,0.06195477213558626267,0.04849226715095675960,0.03463779357825205046,0.02045320929550918307,0.00609184752749674253,-0.00820490122110221348,-0.02225895467538022143
0.22076266135633385024,0.19475038369021141493,0.16744283489298861234,0.13877092080288733200,0.10871947982925461718,0.07748958538151894115,0.04550341255103555749,0.01304600740067682341
0.22960256382462235214,0.19816847681697088990,0.16494059966221630287,0.12978735938210864131,0.09264715027819532545,0.05373659003865449701,0.01355819535145098842,-0.02755745885688263772
0.07988234181713553539,0.05614375076400669046,0.03095800618114842931,0.00421526854204075374,-0.02413907077266402162,-0.05393989501386474428,-0.08479723802407782007,-0.11645638364348065430
-0.14766451693666765577,-0.15410416717386082874,-0.16091287318733737965,-0.16811808872694739003,-0.17573024381264043536,-0.18369194655071127698,-0.19187683789235840393,-0.20020347852670580813
-0.32088745720800287975,-0.31408322056491372321,-0.30674846543801470578,-0.29885115810689338867,-0.29037207594280051159,-0.28134404157974679528,-0.27185175706132491680,-0.26195457725306353636
-0.35226425396670463241,-0.34724492618859320592,-0.34179245106914352137,-0.33590258400284572771,-0.32957939507247857591,-0.32286326015727928596,-0.31582727921970599194,-0.30852818321903363596
-0.24199746835993754535,-0.25267084485969648622,-0.26400588302410843422,-0.27610215701521340081,-0.28903124121873163821,-0.30275827446207081994,-0.31713304551664728281,-0.33207057078550245022
-0.07345674350363183558,-0.10528164299984325847,-0.13932283473579426536,-0.17580216102742801665,-0.21486474543472330878,-0.25635507541791180408,-0.29980498297299840171,-0.34492148459982596709
0.06401782253720059157,0.01801044329173684053,-0.03132580304597450127,-0.08427616408598027908,-0.14101673482498935930,-0.20129097942305526625,-0.26439967488408305796,-0.32989277210941042595
0.15933636123357830527,0.11602594766428309114,0.06951521452008731228,0.01956468106316298916,-0.03396334103866473914,-0.09079943534713001696,-0.15026298915517607990,-0.21190702958624371699
0.25081548076090176558,0.22583229541824084707,0.19900012855522836164,0.17021097751290853450,0.13941422070002817968,0.10679168448209903908,0.07275578559778934917,0.03758509342359541566
0.37656911595448411267,0.37380022912469873519,0.37088139664510710869,0.36784334313086963775,0.36472101938351708661,0.36157005836208772065,0.35846179387159610163,0.35545375596771078275
0.53032345702429495304,0.53842906650840416383,0.54722411556001482325,0.55680018170680878331,0.56722776205605096589,0.57849649825796656266,0.59050971460489631859,0.60321385521451587053
0.62992427731161459992,0.63160403863417269310,0.63346457025669000718,0.63555622144909595939,0.63792506159051343140,0.64060352352189176006,0.64360540213492112294,0.64694809995335744723
0.59895236896847448005,0.58636080308534943573,0.57284408668180042401,0.55836909709528070866,0.54293454890641035249,0.52667042686036391608,0.50983351055755410375,0.49259929492902720938
0.46639868443138760012,0.44577203733025477783,0.42365012800200269050,0.39995152066138617286,0.37464759641235012566,0.34792448397180431030,0.32017997541245096782,0.29167953159885567915
0.33141585463571354708,0.31582606120549822082,0.29924881831523614251,0.28162447152320951860,0.26293510411694587248,0.24333108135482992007,0.22313087963507682865,0.20254314146808644059
0.26773867223361619283,0.26635811345383025861,0.26522935867178631941,0.26436320896221998655,0.26377827069905113166,0.26352255993740714146,0.26367696982012434059,0.26428854952522806698
0.28631949452438937298,0.29745932548713105437,0.30990874188520284305,0.32374006906984892362,0.33900267087086966011,0.35564973498479440783,0.37354452547994904110,0.39258738454094138648
0.33876883291576059820,0.35180881514405037969,0.36628441982546339206,0.38227567314388410935,0.39983399144141290593,0.41889177241549735431,0.43926882196032490668,0.46083731546391093481
0.36747243750499059001,0.37069040122177110419,0.37443685314765989824,0.37874319657647192994,0.38363466869518592084,0.38910993197503085383,0.39514418039695492491,0.40171718408728651628
0.37110237114047872620,0.35960575441774605965,0.34727589801470065689,0.33407488847021682421,0.31999247805101926900,0.30513157335876461840,0.28970576070827164239,0.27386041821232859350
0.37844049572975929641,0.35625992747955692597,0.33221518199355959400,0.30622083614738881963,0.27824301496313014193,0.24846040323605506073,0.21725661811353180752,0.18489722683443002293
0.37980885756633064876,0.35533635763298482280,0.32873515163237326808,0.29991024337025273816,0.26882250642849842004,0.23566392233656976996,0.20084807388776970694,0.16466358877036074704
0.33133687336698303127,0.31260546150339230120,0.29227245238234933478,0.27026278226104766267,0.24654392375446756991,0.22125864852959920004,0.19471869497445976060,0.16714083289453654513
0.20526235616522411909,0.19460123761489719896,0.18316469977197943897,0.17089753208086602698,0.15777001786283578744,0.14385450661669768602,0.12932606608371294277,0.11430001586131395552
-0.00297144859360160040,-0.01160615016557994122,-0.02068529280590301195,-0.03027677414815439436,-0.04042450439707293702,-0.05108052822565429391,-0.06209815792796177097,-0.07339197304920774823
-0.26742352990173429150,-0.28008945302146637246,-0.29351717143186700776,-0.30780429503265360758,-0.32301230436909883492,-0.33906239581110331205,-0.35572804385293871343,-0.37287427296395353471
-0.50915797208661417450,-0.52255738910392390828,-0.53699577021758670980,-0.55256049545702301540,-0.56930196221361240028,-0.58712283662368114356,-0.60577682159771584214,-0.62510742528703999721
-0.63705854873235778779,-0.64064986224557374239,-0.64481605540158593026,-0.64956336375820189488,-0.65488964755965051179,-0.66075428468283348149,-0.66708582686071782319,-0.67382759225604860198
-0.59433079927287257860,-0.58060216143636955710,-0.56627379344577455367,-0.55123361658925074114,-0.53540986552870761805,-0.51888443159197672472,-0.50190599163664051385,-0.48461594581854600117
-0.41539363705921600323,-0.38785034876299512296,-0.35857907860762000540,-0.32738291539068009595,-0.29414383391429010928,-0.25905281381347272651,-0.22262227332073916686,-0.18516354971713774868
-0.25578263461562633641,-0.22590458056513762486,-0.19391402413577357722,-0.15960316372096652882,-0.12284932445099186471,-0.08386646826060049909,-0.04321330748567399349,-0.00123613605555262878
-0.25389241777911303322,-0.23118917276546119277,-0.20677399822557671061,-0.18047951366824516173,-0.15220239644658353773,-0.12209267482476761357,-0.09055935175670278003,-0.05785586994466044436
-0.39009774332063174018,-0.37789547361532044301,-0.36482337103391504485,-0.35076072451020040566,-0.33562094236285022752,-0.31944841552339475754,-0.30242711137322214610,-0.28466182497692338327
-0.50072207000725099668,-0.49897175698197976379,-0.49733163414992748175,-0.49571786367893683201,-0.49405366488220497923,-0.49228012926573216923,-0.49037140312389282393,-0.48828677448124108151
-0.41073549022624417093,-0.41794123705469876651,-0.42611273969094004554,-0.43520052731785280331,-0.44514221572166545737,-0.45580975529758643860,-0.46702954653735923030,-0.47865560839590676201
-0.11659534177496722052,-0.13040441411176392772,-0.14571680744230022797,-0.16252358602241898100,-0.18078955848679217899,-0.20036062142392760399,-0.22098321103097828821,-0.24245738436653724301
0.20615122534721694314,0.18756593288453210500,0.16723096158422143254,0.14510589194344700181,0.12118790494090915522,0.09563486919940594744,0.06875175258227771147,0.04076468188410693055
0.40218293719430264765,0.38077403750231025858,0.35754895365867067625,0.33242728700391743768,0.30537624269624613627,0.27655994210617024232,0.24633179994050438677,0.21493916242806779260
0.45860954173427620484,0.43896697123536687624,0.41768801748466560797,0.39469517437453871533,0.36995827479225856793,0.34364214130448450524,0.31610003531433816804,0.28757426844097438989
0.45726854145389006501,0.44634147046155986382,0.43437914025257851058,0.42136284100301907296,0.40730186348183289313,0.39232478912144352901,0.37666952742750214878,0.36050529444969076076
0.47769162582165991537,0.47943124606710735280,0.48104989604967862693,0.48260997068548294742,0.48417033001464104824,0.48578410012335232482,0.48748582034363591164,0.48931519713627363855
0.51822923131693476861,0.52827670871232745853,0.53892281191460167378,0.55027184396120498722,0.56240270395326086295,0.57529915136565246137,0.58883925968387518246,0.60295820453017190399
0.48917526294419638733,0.49653594227032649133,0.50450203626636835885,0.51314796540603080377,0.52252875210538562989,0.53262441102517654734,0.54333589093518086521,0.55460575182554128215
0.31191966108073421182,0.30746118806738781393,0.30288108340200903257,0.29818119539650783656,0.29337415327788979313,0.28851626860681583997,0.28370801211873458714,0.27901674956034089314
0.02461252608840762413,0.00834545036409400399,-0.00895047467928264222,-0.02732748460485024886,-0.04679633792022848404,-0.06719931073992763126,-0.08821150060513346935,-0.10961663138364875769
-0.22085404684982151702,-0.24137247046755569424,-0.26342059817603707961,-0.28704994681456857952,-0.31225959293566585284,-0.33883146451464274396,-0.36633861213649021593,-0.39448881843796873570
-0.26097597527046634269,-0.27834818270137939855,-0.29720292968236022846,-0.31755299172923390216,-0.33936794688460231173,-0.36243309100337056661,-0.38636437907210147147,-0.41088783861684619048
-0.07273298934791733172,-0.08646398293396977131,-0.10143848776704859904,-0.11764553807551085540,-0.13504310380618878007,-0.15345313444275091030,-0.17257727422426566433,-0.19219422226174825985
0.16290563732469121039,0.14625536897552945947,0.12828662652471559125,0.10897935701668644282,0.08834880640047280964,0.06655972781492275336,0.04391634837800803548,0.02063899139029610683
0.24033329739128617142,0.21439819354635539228,0.18665764060634110200,0.15701805104036553606,0.12544293273171228109,0.09212795596440559454,0.05749890797082741339,0.02184663552513137902
0.12017688663578172947,0.08477829373366022048,0.04699713496304045585,0.00667204390539941853,-0.03627735622125206894,-0.08160644296752561644,-0.12874243675754240557,-0.17730508669091393781
-0.09415184540701962423,-0.13332008302170639258,-0.17517508926752242693,-0.21989838568920552775,-0.26758020179714986364,-0.31794397429487258888,-0.37034371435899343661,-0.42435125513623356275
-0.24660710116286460591,-0.28246490403784801915,-0.32088746929216555026,-0.36202405864593406593,-0.40594042333512336818,-0.45236377921562626048,-0.50068491435901318898,-0.55049401372045192460
-0.25326083324195819424,-0.28245632772704609703,-0.31380999780334278837,-0.34741955502293170310,-0.38331587840787417765,-0.42125563258451043103,-0.46072763153862911212,-0.50138064284625216693
-0.15601311163457029507,-0.18057977532999197612,-0.20692067571373290447,-0.23510310069285120238,-0.26513882923852694073,-0.29681073622320724992,-0.32967940671755119331,-0.36344027521091493149
-0.00978884571386666284,-0.03587375098744233215,-0.06373455463513312547,-0.09345133248627539302,-0.12504427847495855342,-0.15828878333704507475,-0.19271927625636545156,-0.22801786515929575727
0.14628393026110328434,0.11303438475269383945,0.07749970406821385382,0.03955520213841959287,-0.00084582100398400417,-0.04343342296877665543,-0.08762330562158501812,-0.13302193411085153074
0.27454050617944403268,0.23457297681741995365,0.19166767523858571631,0.14566178447870159474,0.09648666567345597078,0.04445678528007855623,-0.00973489402805870381,-0.06562059175162152092
0.36149998872014699192,0.31969946019730521858,0.27457242732218095638,0.22594575930365742855,0.17374382463275131472,0.11829004162591125193,0.06029776120163954367,0.00025413625947212669
0.37210572790736662352,0.33358698820255994200,0.29183740020945436733,0.24669545419282876142,0.19808770348424306618,0.14630269086438585369,0.09197997910056009141,0.03556096419540625414
0.27892608628613579924,0.24879403711369066365,0.21616597065850184922,0.18091126197850762591,0.14296518939276561810,0.10253310313258981457,0.06008364697157451972,0.01594145188122400233
0.12302821109054142001,0.10525036804914661426,0.08619559751729516384,0.06578514235943648536,0.04397318788922936067,0.02084648466689131147,-0.00337450098510492071,-0.02853607537230028884
-0.02011266952426301116,-0.02416149461389141898,-0.02821573416477252128,-0.03228268944186393763,-0.03637396993315038934,-0.04052155303958183269,-0.04477135638210184843,-0.04914817293684261429
-0.09190818680124063222,-0.08475016682485414510,-0.07674827126116740006,-0.06783198547081129015,-0.05796572642369081374,-0.04725579163697343765,-0.03594610759038306680,-0.02418579998521227722
-0.09008497543414746567,-0.08010916073954006678,-0.06927602251850335791,-0.05746710663900365251,-0.04460717802162206952,-0.03079054407847035477,-0.01628529751364787490,-0.00124391651823126895
-0.05459181499954825212,-0.05131193666088618155,-0.04789000113399959763,-0.04420956580736375152,-0.04018014590182088924,-0.03580532095182552971,-0.03119606612078536928,-0.02638991011242273685
-0.02804638794846178729,-0.03390563235741563680,-0.04035306887992722025,-0.04730142754095134627,-0.05466449391364161525,-0.06234719771897332535,-0.07026294040626700210,-0.07831551433439007393
-0.03119239372493883000,-0.04058081555650454308,-0.05065368763781814138,-0.06134990665169833685,-0.07259782891430932583,-0.08427276494500343662,-0.09621042899257126191,-0.10827060148014554242
-0.05584701260064480616,-0.05922382891447112302,-0.06257280423664825231,-0.06583341787502494658,-0.06894710150031801987,-0.07185868033009941425,-0.07452052080965056169,-0.07688341491443023701
-0.08388619652857433329,-0.07392400237787426220,-0.06275864279674994717,-0.05029671257456971162,-0.03647825924430064815,-0.02137927494006102574,-0.00520737557830402813,0.01190576182906456955
-0.07424907464682738156,-0.05342622645347316901,-0.03058870452399016851,-0.00560967660059039780,0.02157809316062002727,0.05079827497309447049,0.08163848737935110178,0.11382671065756151674
-0.00344732777199256235,0.01603453919388892271,0.03727495703418731016,0.06039083595268974342,0.08544293659651806816,0.11226375016477363467,0.14046241569962122919,0.16978366880425538321
0.08047987597838916762,0.08636136021095498772,0.09275953714078934154,0.09973265348763783733,0.10731601480529823212,0.11545404742572339118,0.12399924372511532400,0.13286424758508724731
0.13943583146693716568,0.12558402799369061675,0.11056432204093799565,0.09434644297036366700,0.07692465714383805997,0.05839714777478971497,0.03895919316928941889,0.01875742480512074262
0.15816012542289528686,0.12530111375364014203,0.08970925404129305447,0.05126319800014916828,0.00991118180702460667,-0.03411104279295301689,-0.08029049279054598087,-0.12826550349716697719
0.08044163172292745356,0.03794443320884498261,-0.00807137918162964194,-0.05777548445333337973,-0.11124520706161200589,-0.16817781051195113129,-0.22790206813559921173,-0.28994977227122081809
-0.12398130355976816341,-0.16021873964171734483,-0.19950885197268908300,-0.24198997422567813942,-0.28772226508006221168,-0.33644281338451276220,-0.38757736203424214549,-0.44072252374188242152
-0.39289266226800945159,-0.40799021370810473197,-0.42452480573947670717,-0.44252671068874122051,-0.46199676863014416117,-0.48280920873709476382,-0.50472319590575775994,-0.52755801445268923899
-0.57892306420323291771,-0.56799538331335408525,-0.55651396611987669072,-0.54437711718806813810,-0.53151468905457310843,-0.51797600637808038915,-0.50394080385186990068,-0.48950881492370029724
-0.52578009857103491509,-0.50059077634658810663,-0.47373464754580962843,-0.44504500780625239065,-0.41442180172939457883,-0.38202732633534691731,-0.34829500024996429275,-0.31349460866721740038
-0.24384414863585349154,-0.22563622666757268687,-0.20620424421287217309,-0.18543232812267873566,-0.16325748272941553729,-0.13982645211848521161,-0.11550011007671162622,-0.09050336912359606412
0.06372580209495787296,0.06317298484147507165,0.06259594817016847501,0.06199982267560470023,0.06137879084504156701,0.06068255303436599635,0.05981780021428925037,0.05873206204396622110
0.20411035780288128150,0.19181942509026581045,0.17886725807960252022,0.16519081599199747501,0.15074264640553439176,0.13553404790835849036,0.11964276062960935154,0.10312357391474996637
0.15666637530357258035,0.15017657172660617282,0.14369914466729064029,0.13720088002690594697,0.13064977494790325219,0.12401208930176502165,0.11726468520808298879,0.11039077413561715346
0.04738515754706555672,0.05954899745590835902,0.07318142337721265933,0.08834981436097891216,0.10507738469042852969,0.12320276579446959309,0.14239276368941208850,0.16242564270156881201
0.02231594225992089564,0.05126176860166477278,0.08270007583195812528,0.11678951547616314710,0.15360301624726524494,0.19286459086002005758,0.23395697306397209014,0.27647743885896886029
0.15014438281527023311,0.18166101001211476529,0.21540982896674892855,0.25156946554619807888,0.29022567761303003087,0.33109212078873812013,0.37350841389685207616,0.41705515512728424943
0.37509927718008440056,0.39489942754844081785,0.41562156886687179336,0.43739645535322696501,0.46029120169467790946,0.48412462800971317600,0.50845503300782424194,0.53301899727392743067
0.58301709667910794899,0.58665882159138238450,0.58985489814594582736,0.59266895728247848130,0.59514333719576550941,0.59724627584631539978,0.59885375094796167161,0.59991713428977289091
0.70442776678215102137,0.69910999200295009803,0.69285966535752507856,0.68570408079639943999,0.67767514815602125644,0.66883434019137522064,0.65925590258150679190,0.64901776129909760638
0.72192644509854009272,0.72093603808486117490,0.71970873898226372933,0.71828596191013627248,0.71670666354397416509,0.71500618057816556217,0.71320716530211136774,0.71134152534294803338
0.69497601547109266740,0.70463378685653421662,0.71517091095998419625,0.72665565899333683930,0.73912900578205475988,0.75252186124567266301,0.76665605941106973464,0.78141717732377691252
0.69740672382798307716,0.70898336290377816926,0.72168203622205762127,0.73554578863027364477,0.75058441329027381084,0.76666872057223922621,0.78353884481856939104,0.80101726120553140564
0.69587419372597958400,0.69477507921795633727,0.69374059447836622372,0.69272539291817358809,0.69168043568903969653,0.69053538419470394949,0.68920848995273398252,0.68763775773375812594
0.60033401163884048124,0.58138348068052025930,0.56099281656742050473,0.53902569815774825646,0.51538609367086885005,0.49013581303939163236,0.46350095139501723551,0.43562619733549340362
0.34858818044801859193,0.32047288817307784115,0.29014601871423301160,0.25744555500068699860,0.22227448435107474700,0.18479660596735689171,0.14543773250596500612,0.10447950958156099199
-0.01047005495474664753,-0.03457361460299818168,-0.06053742051553363118,-0.08847956829161629511,-0.11846033639327249731,-0.15030601312178951123,-0.18361062803447783520,-0.21810313461956618020
-0.29737082464680580918,-0.31157024268127730959,-0.32672971672906625518,-0.34291479064222230022,-0.36015676433620225083,-0.37834944962541688929,-0.39724818537743072921,-0.41669178713765303579
-0.36766939102181572796,-0.37450731286194621772,-0.38155607562105575692,-0.38887290030049059819,-0.39650064051631095374,-0.40443025096375651017,-0.41259126407237628475,-0.42094710985464500741
-0.23776812558174573176,-0.24171717464659631114,-0.24548431880150084483,-0.24915999176525266412,-0.25283032070969668759,-0.25657742060025856556,-0.26045881206509385875,-0.26453504602389188438
-0.05930089218312892957,-0.06363790019576541501,-0.06768918468899913499,-0.07158954609655317214,-0.07547037669532628834,-0.07946886058372046313,-0.08369823058540171168,-0.08826697917290959872
0.00202473837498543538,-0.00513688856734890835,-0.01216259479130254312,-0.01921757819693298980,-0.02645584740324686407,-0.03400820679657508283,-0.04194914289660851142,-0.05036700360319536912
-0.09335177796282068119,-0.10471064289020723392,-0.11629356352499192750,-0.12827305297966817843,-0.14079684853532709043,-0.15393246782468547607,-0.16763770463591939897,-0.18192181157727291274
-0.21704737564954082463,-0.23401404936514583199,-0.25176355349059786892,-0.27046842231877421536,-0.29025891254260399732,-0.31110961112031015885,-0.33281757963134822598,-0.35527895875429327255
-0.19197480501902919325,-0.21702035256249727069,-0.24365063502360309600,-0.27205320194745130635,-0.30235168750916185942,-0.33442168610964934095,-0.36787697839100319541,-0.40248379666470374127
0.01079746563682156685,-0.02297271794601338235,-0.05919145360917926063,-0.09807104402882288463,-0.13973883516218335576,-0.18398490129350716926,-0.23025525753474443413,-0.27819625201151437777
0.26196722574357761415,0.22368363760296539056,0.18245515316024002450,0.13806305719842792978,0.09038370312349783275,0.03967489760466474946,-0.01342267247495050435,-0.06849041462562413529
0.42337192152365776820,0.38790168066823610404,0.34962508441352585509,0.30835393078513756437,0.26398754011415653808,0.21677869380798847621,0.16733144177279465903,0.11604576873248102775
0.42189326886988182119,0.39555422716321886334,0.36711305360902063422,0.33644204041904002267,0.30347837829790069719,0.26842273287473544796,0.23173552634881486312,0.19372476857538661887
0.28052291495388281817,0.26603768201431882146,0.25044193690863325585,0.23367520176694395184,0.21571308982348108563,0.19667816939540574972,0.17683731010615130752,0.15636989003410431409
0.09992162783505624535,0.09552643367067376046,0.09090858437551099791,0.08606069354468222354,0.08098776614894995229,0.07574507887033805897,0.07043772401784968717,0.06513516722207440823
-0.03404873878027678269,-0.03311561961261367398,-0.03192290771941126010,-0.03044508169591687158,-0.02865535653561365748,-0.02652159893830928136,-0.02400635270057214013,-0.02108652252541653657
-0.08282954736200401347,-0.08117271651615425021,-0.07922523664367812912,-0.07694390406105407199,-0.07428427292088135570,-0.07119465732830612681,-0.06761900332408725400,-0.06351942328665820259
-0.04730497114456802543,-0.04861594786294504839,-0.04998513415272552024,-0.05136877901908875471,-0.05271473282945315225,-0.05393163154150034527,-0.05489653872054604811,-0.05552112964076354878
0.03471572659726665511,0.02623858776015971367,0.01702604127175557161,0.00708960509277345701,-0.00353610737673788235,-0.01471623455054639658,-0.02622618295282264436,-0.03790474979186172350
0.12633071973845830249,0.10769681650476406465,0.08750384130911757763,0.06569815516471338990,0.04226884069672968980,0.01738313501704379441,-0.00862242500321826200,-0.03551107030710295293
0.19643880111139902511,0.17124430171125001876,0.14400296910103746462,0.11460728016743844393,0.08300276951956549187,0.04935204501729770210,0.01403004357788517099,-0.02270215418456329043
0.21143713508175301929,0.19017048418593954229,0.16714563062242474012,0.14226499698324754362,0.11547084908898096189,0.08686794664916487607,0.05672088598597996995,0.02521802419258437067
0.16243344883459567840,0.15485028460728883504,0.14646857596311330107,0.13727066152604275318,0.12724481588411470923,0.11640696352131579827,0.10479544675770562090,0.09245315755103217237
0.06564655216132943283,0.07414685393753564502,0.08293861878577002411,0.09211390580858724864,0.10173317599040054837,0.11173771747702522517,0.12193788850625736364,0.13223354260484082578
-0.03728834104294214552,-0.01773461968806311698,0.00284722775207689807,0.02463580887480862347,0.04775347047842010140,0.07210848785201948163,0.09737672596444706119,0.12337642821083724676
-0.09011134567547730845,-0.06749193165258721150,-0.04359614038534331826,-0.01821459410929883796,0.00879978184794583985,0.03735720415854496684,0.06711056786147877318,0.09786501067474470683
-0.04915239253660835805,-0.03198747117057756939,-0.01379919332857434261,0.00558570552729089308,0.02629135224677908028,0.04825542975791968087,0.07121293743874987370,0.09501815259924280277
0.09773495229608610002,0.10067986880683651996,0.10380062976486122139,0.10717106907097978530,0.11084932540274486379,0.11483639083509063206,0.11906819886821204402,0.12352188202251976334
0.29214767110523859328,0.27748715172326915424,0.26181623858661373649,0.24509108166213339208,0.22729396720755681849,0.20851395672786188218,0.18894576101477944530,0.16872910371037305732
0.45244635937384652946,0.42725903933002490342,0.40023018219632799930,0.37125142552144096975,0.34026580643584053432,0.30742414158942432678,0.27308469693485115659,0.23749400635317405306
0.54388098954294972209,0.52065585269264003099,0.49555961684332822115,0.46850475420513759683,0.43945010325538236273,0.40854507280873447739,0.37612436735661353149,0.34242531635007233959
0.55622540542264531371,0.54278565478489082530,0.52801513027765845099,0.51190102580902696605,0.49445217237592747894,0.47577306905997390762,0.45605144832239280506,0.43543776051160176799
0.49960397689626218076,0.49546223890938456691,0.49059374242228903640,0.48506068929797074851,0.47892264684356550264,0.47224092384199517491,0.46506063790705914895,0.45744716939146379264
0.37835285948931918210,0.38048525281507505902,0.38238881996700369026,0.38418167756642351840,0.38596329782634164474,0.38777258480005843966,0.38956712999033665801,0.39135967665490922762
0.20000944035395212817,0.20709249841161955774,0.21438120412878361454,0.22203622304109593699,0.23018964489889764957,0.23887430047454866200,0.24800132551014289484,0.25755391745056388508
0.05638173613262912470,0.06796440217607162271,0.08011124319660410664,0.09301107213466035251,0.10681754156930758914,0.12155920298369665700,0.13711591952736360001,0.15344815812616521833
0.04515804638246268682,0.06239845497163797050,0.08058967262821219169,0.09993851230212835723,0.12060736300408045341,0.14259581559694819997,0.16571713594080506038,0.18988330957161783652
0.14817177217743823792,0.17289404734353261417,0.19907631483260312955,0.22693857847021536855,0.25664196316991971791,0.28812474620794897850,0.32108085214975223831,0.35533656743422464830
0.25241827225175628158,0.28246361474061348895,0.31436756439649365946,0.34834683592578863376,0.38454945800617468255,0.42285806184347785042,0.46287230038267357379,0.50434739757105762070
0.24142338310224539799,0.26833272518029488429,0.29692267679887035525,0.32737050317184840376,0.35979452260917083040,0.39408388635237784348,0.42988514912280101354,0.46697675028453300428
0.10934808965184796004,0.12216127816015782959,0.13566804798786075148,0.14996328208437775809,0.16511666310079228803,0.18110273280516561711,0.19779037428599371973,0.21510147880606964033
-0.03944642566140697110,-0.04748900706080921852,-0.05636327533028657327,-0.06608192707818195955,-0.07663645461107816692,-0.08792738733830623987,-0.09977321108246339776,-0.11204376493064287235
-0.08395586309719987872,-0.11289644797660711162,-0.14423236746440684652,-0.17808645002363179821,-0.21451615772150692263,-0.25331095069628922767,-0.29399950827415166632,-0.33625676655659064718
0.05759592423138751305,0.01303263178419935588,-0.03508551457376365978,-0.08698058683637159560,-0.14277702784859810925,-0.20220393336631853343,-0.26459818904482729218,-0.32950894853431678122
0.32952103426173812162,0.27798803793303861198,0.22241160334399409648,0.16250065149091427741,0.09807666164584227797,0.02941249512016524265,-0.04276481923725043710,-0.11796909148794779143
0.52574608807500344820,0.47643172589754545498,0.42326788896435907361,0.36594760579640212006,0.30427295917585095442,0.23848020459390464887,0.16924676120997128592,0.09701818127515264567
0.46506754129235228223,0.42414462397262114868,0.38000476005483724284,0.33238347995143108227,0.28110806595282517018,0.22637040702198910069,0.16873357306018141322,0.10856543497129504672
0.11686414195738224764,0.08499919525894530925,0.05055830998049498648,0.01335702579566372915,-0.02671783583056228789,-0.06949317196678901631,-0.11450897654447494967,-0.16145813592586319429
-0.37058384429955532058,-0.39658001590442637507,-0.42478733084965530908,-0.45530932160137127518,-0.48819294418212305642,-0.52325184433076399326,-0.56007458974423274256,-0.59837292848255729805
-0.71695484000471787489,-0.74045145314374138934,-0.76603933144180802461,-0.79377644855938844781,-0.82367137531805778572,-0.85552404836549311717,-0.88893993123139602996,-0.92363249630727739525
-0.71196847223904335955,-0.73611344304753389967,-0.76240449488268857703,-0.79091534930018825289,-0.82166875846640330394,-0.85447373370520662839,-0.88893800698802072358,-0.92477918905145017892
-0.38428280368793421573,-0.41202043972495688839,-0.44208095461498625456,-0.47460828321415082787,-0.50968480780214286963,-0.54714294124120088636,-0.58656852687777694122,-0.62767942333546788980
0.03842588250846586811,0.00693892165772277882,-0.02698833819016545690,-0.06356995809311140333,-0.10294640821296013877,-0.14496676281610781922,-0.18918198561653906675,-0.23530359795727620598
0.28005478641289577313,0.24832703428785057875,0.21428722612084957766,0.17771302746925196625,0.13845869551199019298,0.09667970599921105190,0.05284289578508669788,0.00724228262438310864
0.19713416860451013490,0.16963521795531188996,0.14018829202328011996,0.10863939651323069324,0.07490158421467862926,0.03915510740967076408,0.00185148669422389284,-0.03671642907099957609
-0.12684890037887402992,-0.14765843953432519764,-0.16998688024478272873,-0.19388207114837574530,-0.21934156117783740192,-0.24615478888527389523,-0.27391087846534617478,-0.30232593343518060491
-0.47254821856372569711,-0.48590506650878578787,-0.50032094630888779285,-0.51575271204840245076,-0.53212522537537232381,-0.54922228086657409740,-0.56670403387516599114,-0.58431949347000411432
-0.64257528492220616911,-0.64716193000807675784,-0.65213733288453723524,-0.65740609767536983821,-0.66286147902691316958,-0.66833809435480096006,-0.67363029485476899616,-0.67857482071686769931
-0.59438695863006474340,-0.59041443908584112510,-0.58603827613969949883,-0.58114951625524113865,-0.57564752759055826115,-0.56945702295368916257,-0.56253926300044365671,-0.55485197396419061455
-0.44777592439499269705,-0.44023847491620660133,-0.43185699575831482111,-0.42254292094488582476,-0.41222333174203557027,-0.40088601207301999274,-0.38858187299794721969,-0.37534106100298436637
-0.32764861454395988183,-0.32382280129428592241,-0.31939904645000566363,-0.31432875751867933589,-0.30856829440848271284,-0.30209402830657450245,-0.29490139275792554008,-0.28699031198725216685
-0.27235286341266262689,-0.27797181967741285691,-0.28388062652908152561,-0.29007684882793294268,-0.29653760443081011999,-0.30315525704085372061,-0.30974075310781068460,-0.31616932619851412234
-0.25204329960185911652,-0.26764036220421683065,-0.28455979319663204929,-0.30284034069014831303,-0.32247325913239172079,-0.34325169859880749756,-0.36478154269623436212,-0.38679598924842756302
-0.18723362004224464172,-0.20620007159771935878,-0.22692789448048153456,-0.24947795529475608189,-0.27385470466499312048,-0.29982704257291925565,-0.32694217074554932090,-0.35489205356824005122
-0.03117576565968133498,-0.04541883623779778556,-0.06101879662286638362,-0.07804171354033324903,-0.09651231942995257274,-0.11628466700080825058,-0.13704996915009190483,-0.15860068071428731762
0.13389043030329728090,0.12730724022597286749,0.12019396154181762049,0.11248261228657452371,0.10412088880893720366,0.09511596185785393953,0.08553893343278429207,0.07543017888019146189
0.14986942469064512551,0.14701980217212756719,0.14417439773394394309,0.14125714355057980565,0.13819178820917701889,0.13489138671352915444,0.13127296316660530540,0.12726785987193178773
-0.04785882302113766279,-0.05500664036654115407,-0.06241811686602658643,-0.07018424541217957446,-0.07838905246772986946,-0.08709846725445458127,-0.09634506323150228424,-0.10616171159355508591
-0.35679602046499564461,-0.37315226504360909932,-0.39064516980366076337,-0.40937193146637251839,-0.42939982635178852721,-0.45067898539429296356,-0.47303685356175945165,-0.49635810304526106762
-0.59844437523432703063,-0.62242445678333480075,-0.64839440069774012532,-0.67643623841443434319,-0.70658091376970644237,-0.73864772604735251527,-0.77225275020076000754,-0.80712455794747972604
-0.64552243517579110943,-0.67244368376971153101,-0.70175072169980534653,-0.73349926403528598051,-0.76768422422620152812,-0.80404312619940565554,-0.84207450576568354528,-0.88141791346713016519
-0.50416284437018021869,-0.53002242418192913043,-0.55814599592905200787,-0.58857207203692818442,-0.62127993729216035579,-0.65599697043202453983,-0.69221814627315447765,-0.72957957772072934421
-0.30129469056788737991,-0.32547075944407882764,-0.35160700388032506414,-0.37974583530213257276,-0.40987538064231437973,-0.44175518739743713237,-0.47493027815416771764,-0.50907588935159042709
-0.17532118762511833543,-0.19981708324785812936,-0.22616855879439665133,-0.25443540278769344321,-0.28462436384915495990,-0.31652193004378820218,-0.34970319605149235986,-0.38386825106958033516
-0.19130588150547514492,-0.21574308067205738570,-0.24205973715786105460,-0.27031865785518977008,-0.30053191619430680293,-0.33250084263832035969,-0.36582454237734290947,-0.40021773349936962116
-0.34234479263848510699,-0.36055078121405442770,-0.38031701534141126864,-0.40166286895110420163,-0.42457316998098038052,-0.44888440473580831780,-0.47429758425198181859,-0.50058835930068934505
-0.54835081257110918074,-0.55186848822964684746,-0.55598236176887361193,-0.56062264254642124595,-0.56571999169192488388,-0.57119460454171089303,-0.57697388140784333643,-0.58297745008036461201
-0.67041667912752456182,-0.65790567501966668029,-0.64479967365375645549,-0.63094616284772908621,-0.61623061190489691885,-0.60067887258452679067,-0.58447537730701337733,-0.56771011800783177659
-0.63619898268994889978,-0.61757297485114504010,-0.59778363894140318369,-0.57665747438920700318,-0.55407312308952327840,-0.53010890984339076315,-0.50505751201096737990,-0.47908554376397316510
-0.49698639918004494653,-0.48605588187936643596,-0.47442933506682744005,-0.46197865119919773180,-0.44860959303149422484,-0.43435589648228717374,-0.41939087754578374678,-0.40380569834049007127
-0.32660751907938634364,-0.33002119932963086546,-0.33381279069892272338,-0.33791741548203330092,-0.34227039846161050329,-0.34679844679598914592,-0.35143254639895632474,-0.35610074195427293686
-0.15949559559363571393,-0.17123190175878164054,-0.18406285172181802157,-0.19794391075295122984,-0.21281174331871011152,-0.22851457217487236573,-0.24482993499104291346,-0.26157675532185314937
-0.00870813952933167761,-0.01651708531023820051,-0.02518741572507516777,-0.03464535659336822476,-0.04480790958160628390,-0.05554063524634492155,-0.06667790689913767610,-0.07807282363484978338
0.10583562976558170965,0.10861117361409944326,0.11140368549015983168,0.11431527779200718886,0.11743343398554625945,0.12079734126642827086,0.12438278039294645150,0.12820246152194722522
0.15165378499123913225,0.16223126711754473628,0.17361734088976010781,0.18589946527515005537,0.19913403750828873040,0.21325496123281501015,0.22807013536407758081,0.24346315088528883153
0.08869587265793529851,0.09661168283419832581,0.10530079373630239770,0.11478497249409813641,0.12506266309211624965,0.13603369738759285568,0.14750638371804219995,0.15934865143052229230
-0.10009524297842765928,-0.10736533196993422457,-0.11503185660179718330,-0.12316735421061004996,-0.13183138969099192361,-0.14103733086285044629,-0.15074336584565076191,-0.16092992603054831480
-0.34790831402216565449,-0.37375191142473612738,-0.40160813094825692504,-0.43161829574395077502,-0.46386785111343886712,-0.49821798740001432826,-0.53430450912836657817,-0.57188277733765935373
-0.54335218532773443822,-0.57641974054469535815,-0.61229850840223831732,-0.65111967866048803266,-0.69294377125759198943,-0.73753970694943049580,-0.78439510351696961621,-0.83314965838711585455
-0.62258287830480396607,-0.64350387539050046826,-0.66641622554549062585,-0.69135779213908110652,-0.71832664902703013965,-0.74714938978889577914,-0.77749748600117740693,-0.80912237148231080930
-0.58281511769192362316,-0.57944473432706633531,-0.57609852237607495073,-0.57270101849485610668,-0.56919529922805167654,-0.56559066919744160895,-0.56197463648457146590,-0.55837956454727988298
-0.46576191676975409184,-0.44535872741853343992,-0.42344889801258384088,-0.39991261181140447256,-0.37468866763880881443,-0.34795085228017141876,-0.32010889192904079525,-0.29142387743055658822
-0.35278679024699077793,-0.33710102821853688004,-0.32011663637975656949,-0.30177415447631883438,-0.28206071419558520486,-0.26115548227155899186,-0.23942257420118859268,-0.21710448708200688617
-0.31873920589681131732,-0.32790740560336806286,-0.33771378601949220144,-0.34822338271568359369,-0.35948731339258621631,-0.37150388072415013729,-0.38421339686192257368,-0.39757621272525367484
-0.35786156821240117099,-0.39698414975124529658,-0.43918170577501924878,-0.48463078228391265334,-0.53342045266867543774,-0.58528401826454656831,-0.63960391515681014329,-0.69595893588549484488
-0.42605514384437248587,-0.48125709892080781316,-0.54084977696792757573,-0.60504108626169850194,-0.67391030014228880951,-0.74700827082463872042,-0.82337240743215678318,-0.90234112146209743965
-0.49172464730754422702,-0.54040025639423983073,-0.59290158488174060647,-0.64937663179472149277,-0.70985766234718683521,-0.77389828619869638349,-0.84059140575366320114,-0.90930968226486585948
-0.52124089775121218437,-0.54765844444401279301,-0.57602022871732017073,-0.60637302603644438470,-0.63869957983908776100,-0.67271580895217764073,-0.70788314845813327114,-0.74382667131478596989
-0.52813734520943911299,-0.53202566647998350557,-0.53595524851430142999,-0.53990143653701083704,-0.54382908289843112648,-0.54765885802554858941,-0.55126915308803881022,-0.55457568437349014090
-0.53193821315972211750,-0.52760032302001680371,-0.52255225699066087941,-0.51678293061130420316,-0.51028975932266384952,-0.50310981104040741752,-0.49531107526954154530,-0.48695048427024556492
-0.52472747683892073667,-0.52903180953424577826,-0.53320660978540634911,-0.53733179273752629257,-0.54147260896724891399,-0.54564616907123442147,-0.54980496391797661904,-0.55394285099458362431
-0.54774966281534565038,-0.56707193490674812075,-0.58737414641415808259,-0.60883449716183701828,-0.63157584466361071929,-0.65551116161182809705,-0.68032441391364772976,-0.70583980223343734117
-0.62090681035247452524,-0.64994130841741659665,-0.68072060309470105999,-0.71346776867386874077,-0.74832167141132344135,-0.78509368160175940776,-0.82325098487474046571,-0.86247600285207237647
-0.69750275531822947261,-0.72356737932317594097,-0.75124306980219768271,-0.78071935608154852115,-0.81210538414491317827,-0.84519500626315635650,-0.87945513757683246858,-0.91456416831484410590
-0.72615308522346977416,-0.73660601988233687099,-0.74760880373308657987,-0.75925332070186712929,-0.77158995918157990968,-0.78450741784144595314,-0.79772556659160098746,-0.81108304445117240800
-0.65020012354458378567,-0.64356858277610662356,-0.63625957499879670642,-0.62827053122757492432,-0.61960428555148294727,-0.61028995036914601702,-0.60037679518203723728,-0.58991500663276619232
-0.47104983764256330714,-0.45777529582208803527,-0.44326847630329235805,-0.42749756052439885634,-0.41045957780923103542,-0.39227397119586693286,-0.37317329769952967133,-0.35332651679212362383
-0.28410199091571708419,-0.27693144726233437369,-0.26883503949165449276,-0.25982501407100971891,-0.24993261403627958783,-0.23927527174919907549,-0.22804157934404842289,-0.21637439411830239333
-0.16090044392934865769,-0.16702232436572053698,-0.17305062236587848146,-0.17908475556857270106,-0.18521109360307147496,-0.19147705070231657576,-0.19787004224915094586,-0.20440761342865187977
-0.12640444493293248596,-0.14381093139814404847,-0.16192902458054730941,-0.18093321166342546391,-0.20095464525962219993,-0.22196565421190275758,-0.24375591859034909104,-0.26621886491691093557
-0.21928593417084779604,-0.24121221277167784192,-0.26435798503878310539,-0.28892272121010376118,-0.31504888906422390260,-0.34266320872349920190,-0.37145633405769240554,-0.40125474103394004333
-0.40538916287378490289,-0.42904765105155523441,-0.45435853475417986580,-0.48151069239938831812,-0.51063208881357036173,-0.54161373578069194057,-0.57409805335552444028,-0.60786862720913203972
-0.54063506265313066024,-0.56974374203768296532,-0.60117683574392510870,-0.63511691649143531269,-0.67167641668495714491,-0.71068731654410299825,-0.75169891274855782370,-0.79441745516789685766
-0.49870405902260755981,-0.54031171915825537688,-0.58526766099500637797,-0.63378720073950822744,-0.68599055406432485338,-0.74161300175991085037,-0.80000797095864017994,-0.86074004982737539748
-0.27015782047455905168,-0.32673421586068085443,-0.38768540837894882589,-0.45329210067092268188,-0.52370693280044200435,-0.59856494939759230522,-0.67698589018773092096,-0.75837732302208304969
0.00626903868759020200,-0.05627070472471743662,-0.12347267216731455663,-0.19565685929633894191,-0.27300046896377150318,-0.35510650826595352436,-0.44100175261803137294,-0.53003786546566244997
0.17108099521207087435,0.11874633644375988395,0.06263225273517285252,0.00245537438841521944,-0.06194764244365865563,-0.13026054800389427757,-0.20168122443061367588,-0.27568167473716226334
0.19469724074985952922,0.16583523798847715769,0.13501642202003258375,0.10206855875830113389,0.06688242228957186342,0.02959697879356682632,-0.00939172357560142702,-0.04982736602561910200
0.12317083413462634467,0.12014418010039090712,0.11714331785289974763,0.11413257131626539098,0.11107317497534514861,0.10790798271687485066,0.10457129896315903173,0.10101641986618216384
0.01232550371757629160,0.02416436249662238384,0.03719089424373133584,0.05145997920309293427,0.06698307698444701253,0.08359154579909944260,0.10094607696813200082,0.11882403506915567570
-0.10461615004692408071,-0.09468426392214013276,-0.08370075934453051480,-0.07160370829477376298,-0.05837132538956843475,-0.04414702308890214311,-0.02923208706606570534,-0.01381958318678741700
-0.21018312929539853529,-0.21436685770019334174,-0.21863679129508495347,-0.22299265556257341636,-0.22743728327951900914,-0.23198723106136664995,-0.23666911427734177442,-0.24149217394322589070
-0.25697690313369403459,-0.27689449250599018626,-0.29820112210894894611,-0.32098130008751801778,-0.34528012524557527563,-0.37098392056535328676,-0.39781916573460107678,-0.42559779317348628291
-0.23134519141104406548,-0.25781262134280696907,-0.28621430538307562896,-0.31668820261963398499,-0.34931395997863617930,-0.38393767606317669161,-0.42016950766748467627,-0.45774968412736355416
-0.15265565328651203858,-0.17518937784130025892,-0.19928449673714693224,-0.22508448592657925857,-0.25268325442419031779,-0.28198001716097886860,-0.31267174260746005698,-0.34456391540946557095
-0.02094536388123688711,-0.03757803562855074886,-0.05518752133757001688,-0.07390342860079582299,-0.09382094618749806103,-0.11490500514477547389,-0.13697740040890651891,-0.15993227207761864794
0.13052726659158928046,0.11535689300714190020,0.09939320767099879550,0.08251797582767061989,0.06464295708495264303,0.04579192259221555317,0.02611454478773760426,0.00569765829876508513
0.23367659341838598053,0.21708410136892841713,0.19953187848913359059,0.18091660850913768299,0.16116882881128755112,0.14034979092983373983,0.11866082792392813883,0.09622887444820059366
0.23974428314739085200,0.22350105321338745168,0.20615704817752425471,0.18764186072140834338,0.16791958783135715882,0.14709301713731692818,0.12540488836478200230,0.10301906415720614441
0.15103553602812255785,0.13700038375294529280,0.12182288404986189867,0.10547371924509542362,0.08795385831311502978,0.06939152511033708226,0.05003486465361632607,0.03006166830746540355
0.02722239121796063421,0.01207388008235050873,-0.00445142236898797474,-0.02237299555342505547,-0.04167768450510627581,-0.06221238329739174622,-0.08369649840212532721,-0.10592386238091823503
-0.03633928773250472144,-0.05933270087872940385,-0.08430197861333094123,-0.11131469149911807359,-0.14038828506956910203,-0.17133070982022727269,-0.20375164339574275418,-0.23737294613552548106
0.03521813561651022939,0.00048835654473885484,-0.03695828852996535518,-0.07728056248873022005,-0.12056042379118525609,-0.16656790239452584634,-0.21476473814293001174,-0.26478378743764946490
0.19371420526010668661,0.15142448723013338108,0.10606214210228606665,0.05738609642016487267,0.00524885526421715442,-0.05012472421983927423,-0.10813028774965235956,-0.16837025428097518454
0.27645432304611650132,0.23856080861085468547,0.19806764140549645847,0.15472075352591996289,0.10834757660118871092,0.05909368952860324931,0.00743824709266870370,-0.04631399522422822296
0.17790051245510879463,0.15387142899604136503,0.12827218440719576065,0.10090810443615083614,0.07163076983234505091,0.04046659666050007875,0.00763412405472777521,-0.02673547146120691664
-0.03889086977562494080,-0.05367793746472097199,-0.06946120803190271309,-0.08637369223621639558,-0.10452629580373956619,-0.12394972820802525881,-0.14458127121069128118,-0.16638587946445629329
-0.22464855517081533387,-0.24456410345678089580,-0.26599521900410810771,-0.28906585153045066816,-0.31386591586802647935,-0.34035184584175043332,-0.36834108575779295203,-0.39770830538624901695
-0.30939290064681151948,-0.34244795613120160294,-0.37807379688507652959,-0.41641895330587452850,-0.45756352438783859382,-0.50130994089987379603,-0.54718561435742318899,-0.59486412576837688349
-0.33339146268623637281,-0.37263869013032752120,-0.41487077551421397414,-0.46023907155122301127,-0.50880585001469247342,-0.56026943025722542036,-0.61397120057781395808,-0.66946002193383169487
-0.34295673333539872241,-0.37319498324723365812,-0.40556503249655723176,-0.44017324330035223490,-0.47705237254040472328,-0.51593506948417489077,-0.55625848686020362699,-0.59764288911607410526
-0.36006190207758353994,-0.37249914122018390472,-0.38549333310341865610,-0.39909102327809842237,-0.41330404803237708045,-0.42800650083105379329,-0.44293085126788123151,-0.45790738297789712608
-0.42180841758604026293,-0.41903405311166896929,-0.41550270121513782628,-0.41122292682808225806,-0.40620405417054328279,-0.40046668001272106574,-0.39402978932189230976,-0.38692653232423585008
-0.53927681579493380593,-0.52912855388082369323,-0.51765166548538865676,-0.50483629241896066375,-0.49069130250411535643,-0.47531152978333773840,-0.45886164451882005544,-0.44147573513332449835
-0.62724709467199224466,-0.61796141081618805035,-0.60750963903489163531,-0.59587474269506124358,-0.58305683792256013387,-0.56913335533112729969,-0.55424642061513762492,-0.53851021589335668072
-0.55293095792403745836,-0.54908944554706307084,-0.54457772939956483604,-0.53938086398267615085,-0.53348851615058068276,-0.52691340015792242912,-0.51968405119913629875,-0.51183154216695769811
-0.28999207339268545658,-0.29153937146429248495,-0.29278475640654849643,-0.29372987551274631901,-0.29436796412788918120,-0.29466201012612014409,-0.29453846752839152323,-0.29395923604153501030
0.02240333878165141554,0.01868935722183884263,0.01526730555452357474,0.01210654324463124494,0.00919137534932005194,0.00655914616838231164,0.00431187129248002815,0.00249840375704541134
0.21011649660629699854,0.20923899273906770846,0.20900573661636018263,0.20936700702824681541,0.21028319242085280472,0.21174316294252915061,0.21378319322889888232,0.21639692455420264650
0.20584079258143012092,0.20703579014953193971,0.20902582965069776977,0.21174846853501344546,0.21514769888292231692,0.21917874775733520165,0.22383011843390668294,0.22905793718081787769
0.07281593186943566276,0.06983660677928478500,0.06720131493516220966,0.06483044400292596599,0.06266091831406886414,0.06068353185553892332,0.05896170416886804821,0.05750499017926605227
-0.06273215894021005878,-0.07044665021483122180,-0.07829570117080576763,-0.08635554331919501059,-0.09467465611496178601,-0.10319810228805285923,-0.11175520169417862970,-0.12025654302353072644
-0.10020659739318699133,-0.10622175414994250442,-0.11224058684365167959,-0.11829914880720895920,-0.12440907363395803387,-0.13048848955554495643,-0.13635443007854786135,-0.14190294182262297440
-0.01930021026303558804,-0.01612165469795433584,-0.01215351657565752648,-0.00736783537057260438,-0.00173304010411366965,0.00479298644318469289,0.01226973430692011001,0.02072013862639926138
0.10018841246180833215,0.11439004456416525246,0.13027979211311579988,0.14793936942874724716,0.16742815683278580718,0.18871054823490565622,0.21166444058047817478,0.23619010520192446068
0.15143459414944218655,0.16926092843619444661,0.18897930288171033153,0.21067839430483215057,0.23441475850561202532,0.26010990672314621142,0.28755939879069503107,0.31660859799285917537
0.09690375968137278362,0.10920084278686278956,0.12281584636617318140,0.13780114290892667150,0.15418758709672600316,0.17191432132897060958,0.19083649078422995626,0.21084226796647445590
-0.03017252683139413569,-0.02729660947379807315,-0.02390947940516634923,-0.02001025873413867645,-0.01560055937311013476,-0.01069663107054662048,-0.00532240246816449106,0.00049407399985064210
-0.15311625286313965133,-0.15861892109854536237,-0.16418429572588674747,-0.16985899640938098565,-0.17567563018360499161,-0.18161636306122899698,-0.18760353644987767807,-0.19359782922395749050
-0.22633813483137088518,-0.23758950993621272274,-0.24918169475433743498,-0.26119923592747318342,-0.27370137016102874528,-0.28665417898697576060,-0.29991651850863693118,-0.31341060476063997697
-0.28140697601314856868,-0.29824882173202671432,-0.31577274352021872383,-0.33409641487889613076,-0.35329952668220659939,-0.37331896052289242904,-0.39393239879435815176,-0.41501052179522296415
-0.35111633868972563777,-0.37409432800173370026,-0.39835102004059669278,-0.42402534156960625111,-0.45120322367921494866,-0.47976468857351156627,-0.50937163520469774802,-0.53981311232185835713
-0.42035522099791999828,-0.44699226398121949533,-0.47550935649203113220,-0.50603934195315602995,-0.53865346972608052489,-0.57317618445440809971,-0.60918284412475953715,-0.64639258674828881102
-0.42796909634351504303,-0.45336399006049005189,-0.48085895446785870133,-0.51055447465161540865,-0.54249406636942698601,-0.57648694272088363277,-0.61211531174409727907,-0.64908931254172297365
-0.34202173502541904915,-0.36017408819806440157,-0.37995102227732896472,-0.40140686813956411028,-0.42455904207225592106,-0.44926989626661367749,-0.47525618327748458958,-0.50231192318045170264
-0.24223199349061053098,-0.24879328818747831198,-0.25589629476139563735,-0.26354790436668351639,-0.27174812186845326289,-0.28046659164668008568,-0.28964580411329493570,-0.29923500412644032931
-0.21781124278447930309,-0.21515172178007233028,-0.21205114274611688852,-0.20848612853259124167,-0.20444932097693618855,-0.20000029313192133062,-0.19526051871820696015,-0.19030722406168584793
-0.26735784225178599316,-0.26673808813249372252,-0.26572255016406876038,-0.26430262156816708430,-0.26248018770709358183,-0.26030337240597228865,-0.25785890809455885853,-0.25520470438880354935
-0.33559062446437082361,-0.35049082236712936211,-0.36631753585747872659,-0.38312962358589930378,-0.40095745607764388119,-0.41971746304471535538,-0.43920961959196386237,-0.45929708601746199736
-0.38454739973529816766,-0.41735408880628671602,-0.45271952444515339842,-0.49077318492913368786,-0.53157083351495104662,-0.57486650726587962268,-0.62011907462888371523,-0.66695648653915406978
-0.44034712680703375076,-0.47619587010212260925,-0.51505157877944829359,-0.55703816168121322860,-0.60219646495424750121,-0.65022310722541110106,-0.70048477903656114485,-0.75254032581600294183
-0.52883787902370571476,-0.54684269541131158565,-0.56654070907541809188,-0.58795277491860087338,-0.61105814134631408763,-0.63565717413290756532,-0.66138814781926569264,-0.68798743605422507663
-0.61069673599440399414,-0.60341811781726795161,-0.59578801665460490167,-0.58770426379554152607,-0.57908348360493699936,-0.56990899648102322228,-0.56024390470687945864,-0.55011057089737136483
-0.63682973529307584926,-0.61644421128671744725,-0.59453466274144517456,-0.57095486096029157697,-0.54560937583543323015,-0.51860298052207953745,-0.49024660870779734889,-0.46073548796134539129
-0.62580941142574197933,-0.61080168552459679354,-0.59457132858700778577,-0.57702303929950737871,-0.55809963765564418736,-0.53789669914150262109,-0.51666304887579495020,-0.49456003213689170295
-0.63481460002584322311,-0.63378306620097857316,-0.63259974201361823809,-0.63124242980943157111,-0.62969309221511071684,-0.62794949275321565452,-0.62602595656107684619,-0.62392874173458978682
-0.64241045737238056113,-0.64994245704265063424,-0.65803544303509509117,-0.66668229564088543615,-0.67585967260963342174,-0.68547408708994495008,-0.69536821833196060805,-0.70542671116043265123
-0.60289968114136049948,-0.60725567947905867427,-0.61197896231073112272,-0.61700296516937125357,-0.62225420581308399370,-0.62762163775024526480,-0.63296985855296195034,-0.63818640177280194781
-0.56081737498156869481,-0.55480932819862205374,-0.54841081938554914199,-0.54147233840574748864,-0.53386450533583507116,-0.52552621576345759369,-0.51648221911366432035,-0.50671759705859453771
-0.55044866142589277125,-0.53754922380479852606,-0.52375725071477441386,-0.50889152128653414309,-0.49280815696213464694,-0.47550125592933850660,-0.45712010128206859161,-0.43773223508072961474
-0.56008950227994613869,-0.55224752269158605689,-0.54393007818009131427,-0.53501629580856746582,-0.52540888170755739583,-0.51509621333651012254,-0.50416549728668158536,-0.49265106041737960485
-0.58688467166490088101,-0.59530654339802890895,-0.60454893174092338981,-0.61461218643262416350,-0.62547911446849113748,-0.63705550594195980985,-0.64917954915432540819,-0.66172887837875504768
-0.59792494824618058757,-0.62336373270802125646,-0.65098175130892910190,-0.68087997964695701203,-0.71310179398546591489,-0.74745268003728015938,-0.78350909182063532832,-0.82097615565121639936
-0.57108708996499646382,-0.60226709700232139433,-0.63607711880419526285,-0.67263427504122819123,-0.71198918546579792466,-0.75391741105603859996,-0.79792974026378049590,-0.84368133776687426195
-0.52400568573027739294,-0.54636984945714561768,-0.57057829878131616219,-0.59668656314716039812,-0.62471120784587230723,-0.65450480567019697631,-0.68576505859280945110,-0.71826577246094214235
-0.47089659892670282515,-0.47694063992606638980,-0.48332550976773980267,-0.49003186725551350911,-0.49704371653041795609,-0.50435584880761352711,-0.51197571405634867414,-0.51988803185504106619
-0.44234192262283700270,-0.43324803535015382616,-0.42303915426249538712,-0.41165817726150105704,-0.39908441844947850630,-0.38544879110097057806,-0.37102426239914809702,-0.35598906990811529649
-0.45307302090523871030,-0.43357946903932109706,-0.41197318830638651743,-0.38819212679581727166,-0.36222786967060827124,-0.33429991553108506785,-0.30483628241472221498,-0.27413818812828005811
-0.48078137938790943551,-0.45641885898422085432,-0.42954114798362613703,-0.40008782643186491246,-0.36805735846560888591,-0.33369992667854614377,-0.29749463431092043608,-0.25978734815089782328
-0.50110032291640094204,-0.47869488079849781270,-0.45404192562399903199,-0.42707919286212198129,-0.39779823622965293506,-0.36641921839664171046,-0.33337227428590021638,-0.29896588181899674819
-0.47157601420079736654,-0.45880950717204233014,-0.44469154503755242702,-0.42916791353308170187,-0.41222069022770596591,-0.39398406581632283707,-0.37473406823073995842,-0.35466070017002498949
-0.37668432867406953513,-0.37848951922663637282,-0.38014259018602503115,-0.38162165060969877040,-0.38291248980589392970,-0.38403260668535277311,-0.38502799031386042428,-0.38592062840234192533
-0.28223508851586986967,-0.29570242523837847459,-0.30985759295608661379,-0.32471928743461209166,-0.34028707614286268779,-0.35648271418809429623,-0.37314881987903630867,-0.39016850860582397154
-0.28220706379436683031,-0.29704142742746103556,-0.31250955449280282128,-0.32864242022126760601,-0.34544319268747131213,-0.36280410416376479565,-0.38050233718111042824,-0.39838569504923243558
-0.39627536850758815490,-0.40201534191657178896,-0.40754361300475805407,-0.41285199155870538901,-0.41791877576677155526,-0.42267081647740317729,-0.42697660315862007163,-0.43075437110769504434
-0.51711344194033848076,-0.51290776812247718119,-0.50768155643866386129,-0.50136119382134192168,-0.49388012604363912272,-0.48520199113393641666,-0.47531528273864570577,-0.46421793576953368499
-0.54919988658530904946,-0.54692351473771250170,-0.54383196068106065546,-0.53982152698375640565,-0.53479414418805792941,-0.52867142290220903167,-0.52139578265699526582,-0.51292245286882154343
-0.54039312082120405378,-0.55174446519957387469,-0.56343010594852660500,-0.57536695517560432211,-0.58745090057716997656,-0.59948395437617341130,-0.61118392522561282298,-0.62233984988852431020
-0.56974669794681820356,-0.59332161523162008088,-0.61824602081909330042,-0.64446785041365817204,-0.67188779903327411347,-0.70020287406093373317,-0.72892200663022554963,-0.75768486196850171055
-0.62713697417003444468,-0.65037376187940998395,-0.67494002731735569522,-0.70079073849185991030,-0.72783197009396150001,-0.75576014422248705138,-0.78407691444972160699,-0.81242053937909164407
-0.62844803806558646730,-0.63826020596466337409,-0.64831439882682850850,-0.65854727460766182556,-0.66887300029941154644,-0.67910829598339439439,-0.68897944569990965391,-0.69829003439952652688
-0.51335240638218182507,-0.50824795740921546727,-0.50217103525480910609,-0.49504993728227514316,-0.48682121752384316382,-0.47745584487874076496,-0.46695531002470952453,-0.45532572815437766245
-0.33873574276316564813,-0.32802629635110946982,-0.31589033371278568696,-0.30227690457077327491,-0.28715504428779675683,-0.27058108053829976747,-0.25268712159331296885,-0.23357851762655310046
-0.21021776046967710627,-0.20287406506993910238,-0.19440358063716306480,-0.18478289165031355767,-0.17400201604324280757,-0.16211267789227948311,-0.14921588051901557570,-0.13539666071661551894
-0.17790557364293174691,-0.17782020238499057774,-0.17724217678043774349,-0.17616572063043445251,-0.17458405319291314672,-0.17249118698299936714,-0.16987352107688180602,-0.16673205368456356368
-0.21478945667166010614,-0.21930174620735529145,-0.22372487653115807893,-0.22805481365847149466,-0.23227817041103807072,-0.23634603228760775462,-0.24016936816459277804,-0.24369142196986556814
-0.21999715607184536226,-0.22259677291511606456,-0.22494546210070606729,-0.22703174219295987890,-0.22884098708729966321,-0.23034870413115396404,-0.23151493278638413109,-0.23231526121212106584
-0.12184399079462571169,-0.11851229314838167272,-0.11442886404158665592,-0.10958197162042755679,-0.10397165822891199505,-0.09765214398751037583,-0.09072058187705241139,-0.08325074745765900786
0.03408609035072984739,0.04318242729531373419,0.05347633390272105158,0.06497445036333543422,0.07765768344147862268,0.09139266262206333091,0.10594835594115080413,0.12115449117495254161
0.11455851808817894832,0.12523166645762856541,0.13712466998705705179,0.15024125613333999540,0.16455629672868013480,0.17991781249131480469,0.19606321299296253224,0.21280052522170936347
-0.01133274427738789267,-0.00428961674210848794,0.00350081450227628706,0.01204668032740570729,0.02133776459213199833,0.03128427810624376249,0.04172548839255477843,0.05254506263527340681
-0.31762028163323069441,-0.31584737936985474160,-0.31392980046891144630,-0.31184406240102402474,-0.30957058138472592912,-0.30710403875936531648,-0.30445534681502717245,-0.30162901471923975194
-0.60775849851785879174,-0.60913087331939708147,-0.61071726293904038396,-0.61247484686597464254,-0.61435754960337285446,-0.61629953626738065431,-0.61822470800896878185,-0.62006924835827204046
-0.67157929039503938551,-0.67319057887255606687,-0.67504145102106150045,-0.67707985382558488752,-0.67925342965864543565,-0.68150101327886580815,-0.68376315666779652336,-0.68598231954866561999
-0.43830248782687120102,-0.43902613734810119750,-0.43983896690374219007,-0.44069914870539073082,-0.44157175025660627687,-0.44244498970345202959,-0.44333600933882522099,-0.44423977282107429687
-0.05810153385357551270,-0.05643547628886397965,-0.05457114098635843652,-0.05247832213562890480,-0.05014305932485354361,-0.04761628593905081058,-0.04501331725098926123,-0.04239937965922338514
0.21039179855032744126,0.21994963748912227386,0.23036569887552971192,0.24169667226001884108,0.25396366916944873582,0.26704276094461748547,0.28066891371569857583,0.29467350682826226604
0.18035361348015263583,0.20529230940520476478,0.23223757854516538512,0.26132859464807223215,0.29263439197924961954,0.32594043631264218996,0.36075142883285610251,0.39674575567146624921
-0.13189640884977954505,-0.09021440368566621681,-0.04533309049627690795,0.00298463146293739866,0.05486855038406682206,0.11001744567099651373,0.16769826854385755377,0.22743414947103554602
-0.48799568299551759898,-0.44010394869651525696,-0.38861341308935398731,-0.33324995462382894784,-0.27386064093958784049,-0.21077805096101590032,-0.14482335328285922404,-0.07652982854417594849
-0.66811121889044500222,-0.63020404159053899917,-0.58947730933268682740,-0.54571335111840191257,-0.49879318471621614250,-0.44899307334585197848,-0.39698710913430840241,-0.34321080849274476776
-0.63755654367279834815,-0.62021829580138632121,-0.60159074891606678648,-0.58157120952564711480,-0.56010804164590821674,-0.53735431643003894742,-0.51366836195429599332,-0.48927797895836466768
-0.47683520647693172778,-0.47957064285196898679,-0.48248612522860362395,-0.48558796764306849658,-0.48888506340217913193,-0.49239676396864495711,-0.49615182912674815618,-0.50016226753889880818
-0.31027956611497919948,-0.32342115665453885498,-0.33749829844285234026,-0.35256814238100270265,-0.36866229027430569287,-0.38570921903397326069,-0.40353368412159607015,-0.42201468747741177623
-0.21729628575130011114,-0.22875487784209902475,-0.24102080425294020172,-0.25413637661144972135,-0.26811780102957755156,-0.28287487540396283325,-0.29821214003868967701,-0.31399683728847677111
-0.17707509319768219291,-0.17889472258151958850,-0.18079987137178860079,-0.18278275422691309116,-0.18482960332515735447,-0.18690098072360591952,-0.18893364162175202425,-0.19088408693355451984
-0.11212870657729960555,-0.10512837878220568366,-0.09753234087071184499,-0.08929756067168227729,-0.08039715246209390431,-0.07086911238008621050,-0.06081616878944744176,-0.05030667680820647553
0.02512454780309145153,0.03342003451865193514,0.04247597379143647905,0.05232151514794500247,0.06296127687700291131,0.07429777926077567318,0.08613692074167422774,0.09834726957670458791
0.15841415222413351982,0.16258552423940542120,0.16733993428585910990,0.17266523557760060648,0.17852738844738560986,0.18479663187732256469,0.19125985795767816433,0.19777042547459011690
0.14331493112815255064,0.14454225144371543599,0.14628881985065050886,0.14852145526511464912,0.15118676272763609258,0.15413957912445350185,0.15716027547058444847,0.16009666914760772860
-0.05945306053749839503,-0.05585076553803580701,-0.05144043720370024969,-0.04623449156045222885,-0.04027235717189962816,-0.03371298392047763354,-0.02681647295883981055,-0.01976155771950469445
-0.33815679160918815649,-0.32859337495847412702,-0.31774941766732828219,-0.30559491241850761378,-0.29213838454858886973,-0.27755306006739327573,-0.26216029305051502529,-0.24617905956983696103
-0.51326786171947391679,-0.49905449326267431465,-0.48325446454293630172,-0.46581306706593939015,-0.44672121973176048826,-0.42616226285360331305,-0.40449710514240255765,-0.38197240053113817870
-0.45980921185402867657,-0.44545199772972010610,-0.42954924400748817348,-0.41206390770663392509,-0.39300220712574740478,-0.37255449765993753353,-0.35107920648898932603,-0.32882604535842130389
-0.21681422109902867557,-0.20818634855193302036,-0.19846842850990237261,-0.18768140288768672685,-0.17587459705420377398,-0.16322429441312730214,-0.15001413724055484566,-0.13645085184699787262
0.06355855152971476296,0.06415686299044819074,0.06522695824007583576,0.06668774492031337431,0.06844991360258341484,0.07037662809521699758,0.07230547036161945329,0.07410550308653839069
0.23146360396048631936,0.22825077414669622811,0.22519751484955999321,0.22220678994040052312,0.21918435278106471187,0.21603362532678985208,0.21267626012590415407,0.20903712378118385895
0.18035864426215009182,0.17781460619445424443,0.17545035173447784405,0.17319503321812648733,0.17098281666928805134,0.16875762726113857637,0.16648904985649315424,0.16413689826716224007
-0.04727871964942857719,-0.05029025841039282130,-0.05315517010716268309,-0.05592557680800847031,-0.05864214190865280063,-0.06130709171528300055,-0.06387239491271368141,-0.06632509962060910425
-0.26008343822824392388,-0.27044776859112840128,-0.28116491690481221211,-0.29232551045472049411,-0.30398673831820638425,-0.31607910299470853843,-0.32839427086623940166,-0.34081727879283818528
-0.32226988584788035519,-0.34549274866374146686,-0.36996334486909021599,-0.39585699299022908404,-0.42328349656645614107,-0.45209944251417599759,-0.48189213435758759818,-0.51241779166587098082
-0.22767064341428580598,-0.25859311070608848038,-0.29129858926467117053,-0.32601466548890767339,-0.36288712072206275039,-0.40174493247542031327,-0.44208107093174975333,-0.48359165925826208543
-0.04611905680794475826,-0.07312676925871243461,-0.10165229373239602351,-0.13188975614754777643,-0.16396476921068328658,-0.19773828783868144243,-0.23278920078787834758,-0.26886440845208797734
0.13835550130653276324,0.12165196472227897406,0.10408555686975903831,0.08555376296349587184,0.06599480836670341966,0.04550485386814114019,0.02434796418511295593,0.00268639350896012364
0.28189972771257670869,0.27341747237976615770,0.26451286923076705593,0.25516857098896844613,0.24538734763445663178,0.23525325298396274065,0.22493200757669401524,0.21453467682198446020
0.35316675304030142879,0.34589327896949678687,0.33808868029048366743,0.32976463325745164479,0.32095116812925045258,0.31175720966847697557,0.30236353120566428210,0.29289977239715914159
0.34096237066599877075,0.33060363610371595877,0.31931200043495322483,0.30707301266949388330,0.29390011170802177176,0.27992503225390852339,0.26538858694693318041,0.25046014389405774070
0.28938173834251151861,0.27987585836251216431,0.26946515405729276615,0.25810003203940035110,0.24575843480590070511,0.23253157549819775118,0.21861950875079713685,0.20415553433947256079
0.27372431535939689695,0.27038706933042466751,0.26677493210961428227,0.26282205753711029850,0.25847579616230265120,0.25373217478047799256,0.24864162783593676820,0.24322391624581751746
0.36913475839765180764,0.36866429503769593268,0.36844889871613573096,0.36840745665841023726,0.36846397832678717821,0.36855187945175899022,0.36863042135543633293,0.36864638797716658969
0.55961998279496871778,0.55133543159507092390,0.54301974538708097651,0.53455594203215406335,0.52584799013035188331,0.51686987724675892419,0.50768780619186293368,0.49831572060550255454
0.69491729787207057178,0.67172171603478381119,0.64748992420476492171,0.62206447017507826569,0.59534080802457811643,0.56741533943808264429,0.53860527696126014874,0.50909870694050318729
0.62432298555260445916,0.59125705038043718798,0.55628515283104296163,0.51924421207669801959,0.48004434694375941461,0.43888429536005779674,0.39626282494664200051,0.35250311420549829133
0.34092700345136633944,0.31244516408057965151,0.28210884076861186820,0.24980422515741493306,0.21547785390402507399,0.17931897019302694973,0.14176181821425493101,0.10310004303167148720
-0.00161871337650431354,-0.01003080285175796289,-0.01910309553399849175,-0.02885109520346726755,-0.03927857434925333124,-0.05033944304146140136,-0.06194077562041785251,-0.07400888992780718656
-0.21254822382366825306,-0.19391007900772744277,-0.17408936769674671075,-0.15298957901041174146,-0.13056735892567333801,-0.10699161404931337160,-0.08264630000566240697,-0.05777529551786594886
-0.21340460218520737601,-0.17801040661121986242,-0.14016293696829720816,-0.09971274474534416732,-0.05660400576963563885,-0.01115988311702442205,0.03591981164064545623,0.08417471393270203883
-0.05199659314725384868,-0.02316471837342307799,0.00780597829563987877,0.04100561739102033532,0.07644512015036464270,0.11380962442552496061,0.15246832352631578544,0.19199787527345035798
0.15827195328177801059,0.16275762095668758200,0.16778303878193548404,0.17330228127270783101,0.17924617131948689108,0.18544111014161240858,0.19162550870652936275,0.19761462960748465978
0.27515246831390621773,0.25885723659059112212,0.24169773847376180287,0.22352816435948716367,0.20422688418255313669,0.18375768048577556524,0.16218871096068476767,0.13955320412165056476
0.20763817866194370088,0.19208099102279502235,0.17574327997826116876,0.15850709898581441526,0.14027658396093814486,0.12103513620106032267,0.10086143394181019961,0.07980060115563628043
-0.00331751639495382134,-0.00041094648009630899,0.00303455743252399645,0.00702818105572287216,0.01156058006405056779,0.01654271838581829190,0.02181506065017283641,0.02727128674989746926
-0.23410040730767847639,-0.21630655934702652798,-0.19697650521975129667,-0.17599681474531345127,-0.15330121667910606709,-0.12901341164044619059,-0.10344570168493273654,-0.07680133929573655649
-0.37750761578731384382,-0.36439627201559204872,-0.35025443419692492419,-0.33497733750944608255,-0.31848905583218212190,-0.30082579498130590512,-0.28214110436327721754,-0.26253101827298624960
-0.36940702873429070996,-0.37629676131144723650,-0.38378654151175084497,-0.39187356193307065766,-0.40053205501713712300,-0.40963787565953152514,-0.41897698125543592074,-0.42840164467318825325
-0.16984359687782060733,-0.19589187018941586760,-0.22399257202767475228,-0.25425445778796268437,-0.28671791897115661563,-0.32114341902744863999,-0.35701813620619210488,-0.39399885855836047632
0.20110322287453410994,0.16704702284381114930,0.13048793069896674757,0.09125271468072151948,0.04925233591678955525,0.00473689884998452961,-0.04170396210895587624,-0.08968242277950311259
0.59180320930049623573,0.56032414320366275007,0.52680552607254760300,0.49106336007003703603,0.45298880947655462137,0.41276990232526877822,0.37090121577765905458,0.32769839802157108011
0.77373545151484457438,0.74921686414594168557,0.72344393188561095798,0.69625601346781251788,0.66755098880104279946,0.63745227076260135846,0.60632537375576611716,0.57439212225765945430
0.59499528292156367293,0.57477842856362371116,0.55376655529899110331,0.53182503035832806582,0.50887021378202423882,0.48501280271368979458,0.46057592445218759059,0.43574950367628412229
0.10091622430957536416,0.07889085496931569352,0.05589661498104545045,0.03180135857889151291,0.00653218545087136133,-0.01975418939178461356,-0.04665654772366172737,-0.07393237232930403857
-0.45509216732786578197,-0.48117200252191244525,-0.50868125553743914757,-0.53776912518011410480,-0.56851272784546924566,-0.60070543193261172199,-0.63384612161049502799,-0.66762398313061122046
-0.78575270779753680905,-0.80988259929076567012,-0.83545994673776358130,-0.86263765336473008372,-0.89150019830889859485,-0.92186259972012307706,-0.95326103532877048963,-0.98540954747020703675
-0.77276090843838141087,-0.78658853572893216999,-0.80119882313273260710,-0.81671692705432985537,-0.83322513093005934337,-0.85064074787286558799,-0.86870500653410143155,-0.88727037139811582023
-0.53023739484944854006,-0.53093122212569021645,-0.53144351669856693121,-0.53185344989121974280,-0.53223046360319925530,-0.53261474519100193703,-0.53300310127918282266,-0.53342038537479308236
-0.34460003000695210718,-0.33504132296784983058,-0.32446951543310781352,-0.31291683233986039570,-0.30043181739132490682,-0.28714010977465026508,-0.27322803720249760895,-0.25884754187989067464
-0.44060340914754103636,-0.42818745993126727800,-0.41446724376321542049,-0.39944759092195913919,-0.38315712350321617929,-0.36573118758791023364,-0.34739573262079681548,-0.32832735028265352950
-0.74013453421776986829,-0.73307577100714327312,-0.72509414122875215369,-0.71619894065468325817,-0.70641086782030915181,-0.69580522434143932120,-0.68449868793445289850,-0.67259057033425773131
-0.95247426743127150406,-0.95146784647774840238,-0.95004968158851221816,-0.94824104577929924087,-0.94606186726167651457,-0.94353279033790404817,-0.94066551131119513496,-0.93748327160039301997
-0.86153417729621706300,-0.85900427073698404357,-0.85603943471605914439,-0.85264913216496807102,-0.84884808436452419134,-0.84467712951656404030,-0.84019536043138998149,-0.83545265482725894479
-0.45742072874819189598,-0.44764078510318316972,-0.43692175769182001188,-0.42524860586159729525,-0.41263144104130028422,-0.39918775612851836732,-0.38513301455212078928,-0.37062094053518374048
0.08221249590954680941,0.09268324491740000115,0.10416990297693695666,0.11667236242647757716,0.13016291978991828548,0.14449428074407336120,0.15941235793574790036,0.17473369114333592300
0.47946549318986825261,0.47497895870146328301,0.47038350619234897687,0.46559551730254217228,0.46054090397962460512,0.45517489840623448494,0.44949561931972575879,0.44348428717382676334
0.53621188677973397052,0.50902292577930086104,0.47992056627612927899,0.44871864417615681120,0.41529775601260915385,0.37980114255845298654,0.34264380719266829267,0.30408636714783759958
0.27750408059829412277,0.23779235188588157546,0.19507875233880572763,0.14913764146475969041,0.09984348876308173082,0.04747229338892373224,-0.00729640329837315509,-0.06402033766070890086
-0.08146777964261536775,-0.11332377627172945944,-0.14766256832668364640,-0.18465322332101818947,-0.22438043842351296231,-0.26658800400123228158,-0.31068115560606923697,-0.35627061787715086361
-0.29869037209626675411,-0.30892115647022805325,-0.31992199617281152912,-0.33175555171231929652,-0.34444924289323730626,-0.35788872793535014827,-0.37181842835916012469,-0.38607826455431409896
-0.26847221449693969841,-0.26040662891147919877,-0.25151817444340107688,-0.24179616499071857061,-0.23123639328130532467,-0.21986539326699811037,-0.20773415132649380999,-0.19489615278599725645
-0.07196766970954450449,-0.06046746861311972504,-0.04765985678343135495,-0.03353700814671280866,-0.01810469641335915938,-0.00143274221622719401,0.01635845922543934308,0.03515936218442311523
0.10983661074823988790,0.11066832906464188491,0.11210293922755458496,0.11408535366456351579,0.11657231474746722333,0.11955699623102390705,0.12308559976451297069,0.12715507542532611396
0.13828481547069393365,0.12440709439093454447,0.10995643054999125476,0.09480382772475370867,0.07886622157546417655,0.06223521974720355038,0.04519234055032199382,0.02789293047333924261
0.00337222536731027417,-0.01496164404435867956,-0.03433735513866982558,-0.05491184280018372027,-0.07678677349786572348,-0.09985069304634944243,-0.12376537439642153193,-0.14833531099353799987
-0.18907633445961111174,-0.19401440562217003860,-0.19904838411194117342,-0.20428980268403995613,-0.20982822530176317710,-0.21567617725733198575,-0.22175302188822593186,-0.22803689268260299294
-0.31421493387168314415,-0.29569771049612786351,-0.27546339548024756372,-0.25353783115492389832,-0.22998277588945753580,-0.20502058763975322675,-0.17901173093775032963,-0.15223405802150227761
-0.31766415979149170701,-0.28457229039836462459,-0.24859004552783095510,-0.20969425101646901877,-0.16793493279794746709,-0.12367680017398506587,-0.07757101345575254103,-0.03009374265922587846
-0.23929984236159629329,-0.21405017837346923537,-0.18651196946808704102,-0.15669835971449680434,-0.12467942242911751738,-0.09077407541403403890,-0.05552217208470416193,-0.01932341739630352023
-0.19518144812224030860,-0.19475604230638243752,-0.19405229839712653805,-0.19317534397176219785,-0.19222949304602532372,-0.19133004276505471974,-0.19058301220328688341,-0.19008880222802077009
-0.26295184677994565270,-0.28620850681785287017,-0.31118263699103354547,-0.33805748834668919445,-0.36695899857948377498,-0.39778939261297152630,-0.43021742407095914240,-0.46403958730746497352
-0.39378204090390878100,-0.42481900706374720045,-0.45834303995147795963,-0.49455290772658616616,-0.53357063538930460389,-0.57521144372906962694,-0.61898131464141292746,-0.66456012172134637517
-0.49045948595975147333,-0.51196975921399090481,-0.53534071066270916273,-0.56072572152174615656,-0.58822337358884058123,-0.61771310298178716547,-0.64885417047769544663,-0.68142736675974879823
-0.48437695329586671900,-0.48961858617571080154,-0.49551141330235998206,-0.50214254588287488001,-0.50958317271615438671,-0.51784366417336469279,-0.52687029913574379147,-0.53663749783004532912
-0.36852863941530844549,-0.36180396445690110596,-0.35483013863883494654,-0.34764146793821043557,-0.34028637633968378262,-0.33287460860589412892,-0.32557241512767293168,-0.31850089460533276275
-0.19657990561173735444,-0.18558145252443314366,-0.17401621217588361668,-0.16188979532254973992,-0.14923514052542785624,-0.13619927345245050332,-0.12303899137331994473,-0.10993184629656088669
-0.03193292019457821818,-0.02121930452812280030,-0.00992326439632578751,0.00195964424774994640,0.01440303493113340681,0.02725278082876783983,0.04023114042350079550,0.05315115220184662981
0.07529951224751174621,0.08458653459206195990,0.09445509394194667729,0.10490461345226038958,0.11590277064670377605,0.12728455217823023138,0.13875890684953801069,0.15013108173033593018
0.11249585284970399501,0.11996217349990261070,0.12799273236940855725,0.13656610617444539524,0.14562976100916116828,0.15499820533383296128,0.16436434250969941817,0.17352008438576865812
0.09247246006874768054,0.10019179579537292046,0.10851599195570083012,0.11741306490029013165,0.12681596659333976840,0.13650699688045256353,0.14613194421343517204,0.15545059229345251084
0.02800109902923971286,0.03947142966184612189,0.05167591305681585451,0.06460752885960294178,0.07821279176700078606,0.09224372965107573152,0.10626868178257119213,0.12000224734172175445
-0.03574685222081758207,-0.02288997967480431786,-0.00946842213802760388,0.00454053602218146973,0.01911007619716698427,0.03401197215730892426,0.04881872247650174274,0.06325839793650130105
-0.04494270444597277259,-0.04031757728403709967,-0.03597293756290784877,-0.03190744777042355679,-0.02814548141791144154,-0.02481180221176011030,-0.02213763444338358310,-0.02025811377068191879
0.00970494441154097671,-0.00269911293294109551,-0.01670387508571676352,-0.03239390557710741803,-0.04983175570055081716,-0.06898695469482452047,-0.08974435114097777111,-0.11201300956800040731
0.08851788798271392755,0.06118749728756874007,0.03129942399329506408,-0.00132486723267777069,-0.03679987183351653146,-0.07498090666932751003,-0.11546786386696138160,-0.15799256012595955245
0.14800454080340877394,0.11955721582820087734,0.08873509478382061999,0.05533332746439219296,0.01921617480808654119,-0.01947740634432142473,-0.06032978436244455095,-0.10307300330471839966
0.18680829699033446589,0.17366077543139243899,0.15948754077085705583,0.14415235067760845400,0.12754968195307339607,0.10969069918096165106,0.09071283540063533601,0.07069317059917172574
0.20191250475703770295,0.21452708282624027847,0.22809232895928938101,0.24260773407611299635,0.25803823332464914664,0.27420219058907435716,0.29078185444579141006,0.30755512543878926746
0.17695981157254378480,0.21339006729549003794,0.25249752651790668967,0.29441037397040714652,0.33916283852761103246,0.38640452648957657189,0.43540909581944653439,0.48568821273169521247
0.12064465445773754626,0.16630728914733797219,0.21529595798170603205,0.26778244805927298167,0.32382285480000433386,0.38300122078533122005,0.44443780852353309552,0.50754260077178692256
0.03576035706151318994,0.07360754820573120472,0.11425114580397344177,0.15780665031949159260,0.20429510532754888152,0.25334886113829485632,0.30422289075352992871,0.35640993261671088943
-0.06543839952130825477,-0.04416899135147277916,-0.02120856155520894556,0.00345211148873075585,0.02977087925978329566,0.05748690551639081686,0.08613721811742475198,0.11539142763941429015
-0.12336081029741044479,-0.11626110912412966625,-0.10840264721729275799,-0.09986383549190114284,-0.09073773932638622142,-0.08119103973482420800,-0.07144321823685605144,-0.06167137959942657621
-0.09999573672751654874,-0.09962950527637516596,-0.09895204283917180543,-0.09808054140092051232,-0.09712965813886884070,-0.09621942118641839403,-0.09545285095941428988,-0.09493281617656759708
-0.02616688558224877781,-0.02755900429649085423,-0.02878889404109324923,-0.02998349124665316071,-0.03126342335810346901,-0.03273941928808583868,-0.03449006404144764476,-0.03660156190441815616
0.03995400314509280765,0.03755446256060476079,0.03521199250629158256,0.03279245183162498439,0.03016916233627952443,0.02722995634772210072,0.02389939782059719020,0.02009436590775644932
0.05988503590219838857,0.05408103735927793226,0.04811661455201201448,0.04183947360981367380,0.03511120984596791811,0.02783310549698462394,0.01996953562764582427,0.01146389054115412760
0.04882770197267967405,0.03811979588499993937,0.02699491637722837428,0.01528287568282085153,0.00283729446378152075,-0.01040924203272721935,-0.02442032065987953873,-0.03920445543935739685
0.05125641847100148585,0.03817411498772033812,0.02458950762420306774,0.01033974345306333531,-0.00470965576668111539,-0.02059485586778169591,-0.03722970557554011045,-0.05458673428345380690
0.05876923343448733211,0.04729808263844623162,0.03543773099245053904,0.02305769742390423663,0.01005288598886812552,-0.00359272120764130964,-0.01778594286589858103,-0.03248971447534149126
0.03581815401894489909,0.02789305945431028860,0.01976705502626959626,0.01134360794523451427,0.00254626160506025686,-0.00663081743421774401,-0.01610717620162108524,-0.02585108295637536524
-0.00071266102348502573,-0.00836389260770637605,-0.01624102549716928412,-0.02443685348424022921,-0.03302106001920006306,-0.04197934364453228401,-0.05119968856239503346,-0.06063036114092720807
-0.02989487963046489477,-0.04420693267611904703,-0.05918366138716731062,-0.07495661952691913543,-0.09161667265978590269,-0.10910096344328826246,-0.12717760205703765308,-0.14571886408557860326
-0.05456242331915351490,-0.07766195544877853296,-0.10194812026096189417,-0.12759776978870035480,-0.15472768610722570370,-0.18322466941517839834,-0.21272717214540082242,-0.24302354057070638116
-0.07488014919537752667,-0.10067678308544421306,-0.12779246361436652490,-0.15640883806501193476,-0.18664483290790556680,-0.21837896599446474100,-0.25123021077174501059,-0.28497104526220323750
-0.10629662209708834464,-0.12676024481909628494,-0.14825932821076470702,-0.17093361535864634582,-0.19487578015487597161,-0.21999858149198539548,-0.24601959061152572916,-0.27276897463228017005
-0.15469907522948625478,-0.16694449850808279479,-0.17987420097251630158,-0.19357665546972785409,-0.20811203228372851526,-0.22343217880922533469,-0.23937202337575405608,-0.25583230604707135614
-0.21345320225614489162,-0.22023820342268193850,-0.22755815910515808653,-0.23548068577040082161,-0.24405318603460487981,-0.25324476618517122173,-0.26294258046663920858,-0.27308116213104161041
-0.25467897183553900309,-0.26097243353226590168,-0.26786347927610743014,-0.27544171152948548897,-0.28377133852711872164,-0.29281841102723893400,-0.30244667417751880389,-0.31258255380210403507
-0.21002456141400083212,-0.21995154319889401173,-0.23063230606713153170,-0.24220873907923584634,-0.25478443763361441343,-0.26831747032555952615,-0.28260979070203112729,-0.29755956624662660559
-0.07679204337552786308,-0.08946633624273937768,-0.10284633052482480831,-0.11711569778826974586,-0.13241277813704130373,-0.14870780934836735909,-0.16578341655851111525,-0.18353684765670658097
0.06632773499466423917,0.05770568330649235994,0.04892922980434726704,0.03982631094997882842,0.03025848783476715181,0.02020441609061533750,0.00978584212852722131,-0.00096383877936611186
0.13387244528683456268,0.13541676443698308363,0.13766678010140556698,0.14051271930725772741,0.14385254399843672157,0.14759699831658618097,0.15169622733962057071,0.15607116592145625633
0.08128582468433970254,0.09063083632883256469,0.10115110294812723613,0.11279981461692840938,0.12551992151685037458,0.13919862236845151338,0.15368819134116207259,0.16885187233499260318
-0.01801160351405938984,-0.01156239555217579429,-0.00438686799712696522,0.00347936806542440248,0.01199908713546926110,0.02111952453648659189,0.03078458618688238724,0.04092783136180292575
-0.06531445621626641440,-0.07009622993947595138,-0.07514621033271946804,-0.08053825901992493763,-0.08632099223293143719,-0.09244674087597887224,-0.09876505771106401654,-0.10519806526587122120
-0.05293852446904050851,-0.06630547170307338201,-0.08052751370344618520,-0.09571586963834340100,-0.11193909885167380169,-0.12909962380030579054,-0.14692647159015395641,-0.16525968079947894740
-0.02525330640752085354,-0.03777949889344926759,-0.05088289574140555938,-0.06467457493500948507,-0.07922979137795983784,-0.09448842787578315416,-0.11024206794894814143,-0.12637458619154925965
-0.04394063939837258154,-0.05027495751051207218,-0.05654138973379366911,-0.06282430431186371289,-0.06919034129391474219,-0.07564633762179688581,-0.08212159980115692204,-0.08859407982085451549
-0.08238283456126288540,-0.09004528822129735655,-0.09775234395989454428,-0.10559523460371497694,-0.11364475984152100363,-0.12190078180986319012,-0.13027466929702194443,-0.13873194828803145362
-0.03287323940674578143,-0.05859241954466837959,-0.08592681095665190283,-0.11505985458833362101,-0.14611094489681755726,-0.17895038875549323931,-0.21318608545917133723,-0.24857818132361664265
0.11137951920958301388,0.05968535781799459705,0.00413323664804610830,-0.05560016238017238127,-0.11971293187635527466,-0.18790534216807089352,-0.25937090513895333377,-0.33358992606644971568
0.26416074524713256677,0.20049720463152578831,0.13186558014015126172,0.05786497681220881262,-0.02175448215201579438,-0.10664077105579808369,-0.19583212219722057057,-0.28870320727245962766
0.32042229914514341882,0.27336502800255552126,0.22254134075656586966,0.16761737230376322350,0.10836779456682631151,0.04499633484888972829,-0.02185410981641918576,-0.09177062716843857604
0.19362240026208965560,0.18206678754637958817,0.16950345643993663947,0.15577495996831167147,0.14074772129384155450,0.12437468411494895237,0.10670787722887398186,0.08776550582592275440
-0.08350710288715697260,-0.06896313192437635020,-0.05336598839842593422,-0.03672195675493681449,-0.01907242796856054717,-0.00060860170815502416,0.01833971479486412939,0.03753727346930986475
-0.38504844536667487409,-0.37392765215354228925,-0.36204603039825228317,-0.34939163294847802588,-0.33597569676015720530,-0.32190654808544372223,-0.30738507679276777518,-0.29255491397277916255
-0.57368045873780348920,-0.59165812729283062676,-0.61124868561149892088,-0.63255571566646495718,-0.65563532597214269071,-0.68035027329004715835,-0.70637416721726575819,-0.73349064329632607251
-0.54402596815127302055,-0.59329937433278312486,-0.64672067974875924179,-0.70454481603420704428,-0.76690702224716944535,-0.83345552209338846783,-0.90336005282202191946,-0.97606287169411176663
-0.35038554446338593396,-0.40646832900096835361,-0.46718715219893264257,-0.53285387880873413824,-0.60364891897316130809,-0.67922133987714450321,-0.75869282133028226323,-0.84147623403284599330
-0.18433843819261946928,-0.21701056364894197315,-0.25227964201926855736,-0.29037733611471266970,-0.33146267394228823289,-0.37540790551272779085,-0.42179068769501598668,-0.47033887526931011935
-0.17113680033504213851,-0.17148443917587227747,-0.17162333850160624293,-0.17165864533000868564,-0.17169923186468302734,-0.17188307513375003510,-0.17235662303374357784,-0.17324182165912188625
-0.30214906621553749844,-0.28944579712490930978,-0.27531551708235940668,-0.25982324522059330185,-0.24306534178256164469,-0.22528372952038436261,-0.20683741967559535202,-0.18800248861742954731
-0.45781520730909897043,-0.46147497279823779248,-0.46496809185820192623,-0.46845240466487286790,-0.47207490473950680654,-0.47595864273609417294,-0.48017406227462527957,-0.48480939335636186183
-0.50103716750296667382,-0.53350039601648702181,-0.56819417613514655585,-0.60541735452115419402,-0.64538864827815112246,-0.68802053610218560920,-0.73289607632417308469,-0.77977446394065996760
-0.43918873349867376676,-0.48760727455393426677,-0.53971982121553141454,-0.59589071899850964975,-0.65636668899223971074,-0.72093264271375612218,-0.78889584493206577065,-0.85982310572765752177
-0.37589500197340514065,-0.41845234369493006232,-0.46441367584230441867,-0.51409165957548774717,-0.56769367284637106685,-0.62501087836126367758,-0.68540880636987466801,-0.74848593118018547088
-0.35334460399786488116,-0.37762472018467407864,-0.40389315658245894536,-0.43234728445992198775,-0.46311790470584768276,-0.49607322919002705408,-0.53081281012843795075,-0.56708949414088127838
-0.33740471694792029123,-0.34573045248587186418,-0.35463103750271801617,-0.36420859266454697067,-0.37453115882491799793,-0.38553548365538042875,-0.39701988746804256492,-0.40887416284535954558
-0.26419197125348009569,-0.26757732868738975940,-0.27090651515926200688,-0.27426049400553703661,-0.27769539347886484926,-0.28117641229651635371,-0.28456553890711888677,-0.28780288824458144514
-0.11116411342529664008,-0.11876505233134897199,-0.12647803187283804260,-0.13442898044967216409,-0.14271112560062335084,-0.15129947923035910740,-0.16003180843688508128,-0.16883909377480529890
0.04325645986698675727,0.03190912345037388853,0.02013047217119783364,0.00774867340131205496,-0.00537209750305839978,-0.01923910248211674681,-0.03370772809642613721,-0.04872205637329811434
0.05626606695019287924,0.04903528668158096265,0.04150299343373863026,0.03351152735047985276,0.02492381848286637572,0.01567004488580201957,0.00576953383120694125,-0.00479885903364438496
-0.16556398753933943002,-0.16416526558743324560,-0.16263951567196341386,-0.16107516843226751813,-0.15956307731922106385,-0.15821453299388912872,-0.15714688190591691308,-0.15646002717045739971
-0.54829322071207975409,-0.54397004716916486089,-0.53947072240252624820,-0.53482211215893504797,-0.53005945558414768737,-0.52525529433880058239,-0.52051547699923672585,-0.51591902419934332347
-0.87713722828695606104,-0.88140681097468931426,-0.88620550542429998853,-0.89156587129565345595,-0.89750565079175115279,-0.90398137984065729533,-0.91089169406533010420,-0.91817032866394887591
-0.95038230886881014392,-0.96990163653872263350,-0.99103678258917138333,-1.01389423476444262562,-1.03852692604425356215,-1.06477054521501623974,-1.09224672432280001111,-1.12070752495890491041
-0.71578642912294843104,-0.74794251361300856384,-0.78255039965687300807,-0.81981354522349869640,-0.85985065177300123995,-0.90244220106274608550,-0.94702685080388937511,-0.99324564968831097200
-0.34663669501553356911,-0.38494410753274427295,-0.42607417392758539787,-0.47031276123149612367,-0.51784547379770518027,-0.56846375107929003612,-0.62155211826059830749,-0.67672948162285440077
-0.12432684941229212028,-0.16347792719003656492,-0.20548886667803475947,-0.25069413843179727541,-0.29932375105442760033,-0.35120157062470752640,-0.40572593419493674372,-0.46253665322988551933
-0.17277653574822376958,-0.20886178218129128337,-0.24762474333484457700,-0.28940183249105710939,-0.33442909432649997603,-0.38255402258006343530,-0.43321511485013969311,-0.48608374915787261328
-0.36918604577248509413,-0.39940751446297478866,-0.43193514725230669482,-0.46706375426424462383,-0.50499958626064211931,-0.54560569088619637057,-0.58838493575202421848,-0.63304873719925647269
-0.49875160127336493066,-0.52361250784958446314,-0.55037360616122565915,-0.57927612246372772731,-0.61048613768428938720,-0.64387783388877828372,-0.67902020288538367243,-0.71566236905382341060
-0.46171087559090551178,-0.48655251944852401236,-0.51318335380551760583,-0.54182146620813098625,-0.57261295352452523666,-0.60542376331844982573,-0.63982708801019771983,-0.67557006929188967437
-0.33925296873331167724,-0.37150945775678734240,-0.40598322577709067271,-0.44291679491193303164,-0.48246661885159897176,-0.52445263164920330468,-0.56834443601249595712,-0.61381795285530660333
-0.27415721063379011602,-0.31686442834757727605,-0.36256796121858997362,-0.41155479042390885613,-0.46400323911978780256,-0.51966341458369758044,-0.57784414662947769514,-0.63811143137780568235
-0.32555246803756027196,-0.37087131657662381068,-0.41951602944407828666,-0.47177882014424171730,-0.52783773664706046258,-0.58741804522848373171,-0.64978282083322735918,-0.71446262692327111576
-0.41550103378075647909,-0.44906501422519295996,-0.48520322153809125609,-0.52414441214100337962,-0.56603136899746508970,-0.61066571046043560678,-0.65750153170761271859,-0.70619235548150049997
-0.40285822763963435866,-0.41709201880830970577,-0.43245838434407180007,-0.44909330054432483603,-0.46709396330115426910,-0.48640703093121961942,-0.50682142149391196106,-0.52821297890937535247
-0.25362382544467843015,-0.25303168543231774335,-0.25236274271968234251,-0.25168885545012842364,-0.25108102778350077644,-0.25061503859385647619,-0.25036020903695782591,-0.25038117922876307331
-0.07805002150154151386,-0.07375001306639929199,-0.06899900867918427882,-0.06385394352800526085,-0.05838276902591000433,-0.05270789054024348219,-0.04699190710694295392,-0.04136223437685711962
0.02326295512031318485,0.02325264178818400515,0.02338375989324390641,0.02359087258727830469,0.02380576951920933618,0.02393995621959340084,0.02389761428413652092,0.02359961751501930133
0.01692527545010072063,0.01368091090192460023,0.01026854811752399288,0.00663495908236951589,0.00273203948960427804,-0.00147305358731361549,-0.00599047162630712317,-0.01083490043265764730
-0.09855599615461228813,-0.09889221954729525421,-0.09927257299012187675,-0.09970282241471364881,-0.10018759196751578222,-0.10072748128304048754,-0.10131882742541084563,-0.10195986211037634528
-0.25409177789075537701,-0.24659813316774256697,-0.23860581316309692479,-0.23006023011835863290,-0.22092026301494671614,-0.21119647979556102624,-0.20095556738611503045,-0.19023958433937698809
-0.35953199369826893683,-0.34179002019351023556,-0.32275844783538298888,-0.30233038576877641068,-0.28043439409598108769,-0.25713918206962560475,-0.23265812085156439837,-0.20713257473783319718
-0.37641156374985634825,-0.35031290496739780904,-0.32229889897136482224,-0.29223141070258368268,-0.26002823385012002744,-0.22583097864072820826,-0.19000785737881559223,-0.15280500167466681827
-0.28007426223301834511,-0.25606642069886176305,-0.23041439358032145268,-0.20300085645981827409,-0.17376276887532579596,-0.14285440014463079983,-0.11065019518428170775,-0.07739802738112784575
-0.12628998891251627668,-0.11808024825713647754,-0.10962714588737691723,-0.10089782123908445921,-0.09188000543584623481,-0.08264146043331727087,-0.07333564866300698593,-0.06405760747623734375
-0.06215997416129473430,-0.07372406194559909254,-0.08670621795081225047,-0.10117403875236177790,-0.11717034227222888898,-0.13463342792510282764,-0.15340585858717756262,-0.17337153127827528709
-0.14023953792985768829,-0.16578890485209499261,-0.19377762903205786316,-0.22434932083309669371,-0.25758826587183075718,-0.29333580992657160014,-0.33119810423556528267,-0.37090475835666969484
-0.28968090915790234430,-0.32254012576733093187,-0.35813378003527090998,-0.39666018823067017429,-0.43823831597234991220,-0.48266795206756130110,-0.52943046801719695349,-0.57818373727858818345
-0.42031544392700564972,-0.45501043933361129401,-0.49226317215669973537,-0.53230632529070787129,-0.57528771089554553431,-0.62101974709875451541,-0.66897067644730823233,-0.71880267924608609587
-0.48117498243896256183,-0.51189900968897539268,-0.54472424473240244058,-0.57988393015097394745,-0.61753817944792976924,-0.65756314887156008808,-0.69953571203432229897,-0.74319656946001855236
-0.50606916886503316988,-0.52591288975782779502,-0.54711491866825334718,-0.56986213104544669594,-0.59429882147080614896,-0.62040892859779739332,-0.64799994006157146664,-0.67696285358142549438
-0.55470136781062717724,-0.56086865589610268579,-0.56753607241484260726,-0.57482052738878952614,-0.58283285528598938185,-0.59166905997229823910,-0.60139678344387270670,-0.61207327250220278092
-0.64588442543063528944,-0.64593412497464908206,-0.64608980705382523801,-0.64643825872658444709,-0.64707532604935213971,-0.64814247041215689027,-0.64981423215834788198,-0.65221719958656310112
-0.75271855561774791976,-0.75774272047654811502,-0.76312075290962533280,-0.76897445149063392567,-0.77541993176502033158,-0.78256173286736907535,-0.79047696798638100724,-0.79923433775627705788
-0.76685619926296899607,-0.78403737247768290342,-0.80225800980818273711,-0.82171717796827148383,-0.84257613029185240983,-0.86485897131768918467,-0.88843075392827597359,-0.91322989488512684719
-0.59151948287914446478,-0.62412477413675804261,-0.65879017587282595603,-0.69580612045156953194,-0.73538816093955239328,-0.77746820042290187835,-0.82166811314068610717,-0.86777105430971468447
-0.27279077375320837096,-0.31711275062350108289,-0.36442540068801415609,-0.41508090502270572619,-0.46933160946099933275,-0.52704555626362381560,-0.58768023012480663514,-0.65090722013486934650
0.03458334321520283722,-0.01271449498202646862,-0.06340913778059774353,-0.11785473316597996907,-0.17630306612417126488,-0.23860839648957557491,-0.30420581861295908910,-0.37274226692297940389
0.13850309072127303667,0.09465753013751054823,0.04749389528276219685,-0.00329964251819252555,-0.05794400768049220302,-0.11630442472815519239,-0.17787529509141011830,-0.24233143726620659519
-0.05304650260980008081,-0.09095710048607191789,-0.13178096767104227616,-0.17577517743114196014,-0.22311957987184999341,-0.27369035691433668545,-0.32704938148962398037,-0.38291022432310778401
-0.41427781872586910694,-0.44851780778855449006,-0.48525007220318927548,-0.52470396388744799943,-0.56703610048700925361,-0.61211779845309466364,-0.65952375315940825473,-0.70897994708725897706
-0.72611312183395126940,-0.76135880880958051176,-0.79892177129587527151,-0.83905155960538058135,-0.88191630120656550051,-0.92736763305491287657,-0.97492351159862933319,-1.02428511029995750192
-0.84141069550588243331,-0.87948982301201428236,-0.91990368602786132257,-0.96294471369680623152,-1.00881135082939454861,-1.05733959955147871490,-1.10797897019938740293,-1.16039951639996941068
-0.73296935633578075286,-0.77510922859099007365,-0.81988362696977334920,-0.86762447516486695953,-0.91855642938683279564,-0.97248989965464882612,-1.02879482059933757832,-1.08709510491243221963
-0.49248639308800218339,-0.53892515128647355827,-0.58848856692986550865,-0.64152230998708625886,-0.69825324590925064161,-0.75844465009588635240,-0.82137466294374317233,-0.88660179821546769574
-0.24399920475704725553,-0.28946055411207316510,-0.33816528299508580302,-0.39041791756727367568,-0.44640668507015784927,-0.50586033297898336247,-0.56803559089007593652,-0.63246456951768004195
-0.05037875272132534554,-0.08787297447047395793,-0.12808938612066253504,-0.17124663833928041590,-0.21746669010202518413,-0.26648538866022558613,-0.31764796957255408971,-0.37053318018345665630
0.05832495352446841197,0.03345582187383192019,0.00689081448140067224,-0.02149414048099740696,-0.05175676607829521325,-0.08368861645954103756,-0.11681346273221880627,-0.15082325982587399538
0.06204134024940360231,0.05018870087769563421,0.03776792415825699911,0.02472375070185650267,0.01103703360238037466,-0.00316842135043597043,-0.01762183775090067628,-0.03215456627239614978
-0.01689891460385814156,-0.01999493007399722952,-0.02290274680211158015,-0.02565688983010391833,-0.02827473641756307610,-0.03071067039408674829,-0.03284698301212340271,-0.03462513148803979257
-0.11913846716073278609,-0.11727762346454415066,-0.11486070066561052117,-0.11193337347417238459,-0.10853404016687476230,-0.10468158970349747405,-0.10036138333478336615,-0.09559241580199326349
-0.16064396543305028975,-0.15789465489481738225,-0.15458582332882186972,-0.15079283813489319233,-0.14658511199724377772,-0.14202075367786087812,-0.13712888405625284216,-0.13196422293622728228
-0.08534223898436342493,-0.08684407793357179495,-0.08812002526990127260,-0.08929321403846812721,-0.09047141904113502331,-0.09171588002160895037,-0.09301992158950291023,-0.09441950764986162259
0.07375564244423984950,0.06708180833902788187,0.06035190049904651244,0.05339829686535245423,0.04607912161792709210,0.03833763809929229688,0.03022871538130384589,0.02174332428197940648
0.23120735801933542386,0.22021985184089876153,0.20902329026157495662,0.19741681940295419118,0.18523345038973026977,0.17242076149760415804,0.15907273379154934778,0.14520153725869852646
0.30683665548815014512,0.29006526910570840094,0.27275455788371788524,0.25467189310239168876,0.23563088409923424460,0.21560799473906075430,0.19477700345308712748,0.17320117691596378928
0.27546211299064826683,0.25146442352220710337,0.22633472654546221703,0.19981497596258046556,0.17171002562986523166,0.14205637822712821605,0.11115411429684154965,0.07915420283469336293
0.18998748493123790437,0.16233016671957961607,0.13309431288189679798,0.10203092101643024270,0.06896222383888878094,0.03398048091224283723,-0.00252741203299230869,-0.04034288122474040394
0.13512831677806333430,0.11330665888045596268,0.09018791415166893533,0.06558660097182410220,0.03937363182705608255,0.01163543793866701759,-0.01730925473823643340,-0.04727565139314507392
0.16279650539207182747,0.15211669826125384652,0.14095057217720294296,0.12918673172446087927,0.11674235629667507885,0.10364012561660987388,0.09002217868108269849,0.07596142592452427567
0.25734483419582554475,0.25109212503380778925,0.24477916756284087696,0.23830405404140703185,0.23158234505378827439,0.22458787362823268152,0.21737054466010832798,0.20993758917535093600
0.36233196046217652775,0.34678329257734891167,0.33057842784059388030,0.31353268533299621934,0.29550176076630735311,0.27648701902609418291,0.25666034823840644385,0.23609937317903406662
0.40055217287776545554,0.36613480079701632430,0.32964014284509651764,0.29075595831151085369,0.24925695308806050665,0.20524789418021305298,0.15919271665328438292,0.11135480088332293247
0.31105774285652443290,0.26166555451157036405,0.20891146973747934390,0.15240563399160514391,0.09188210162918719615,0.02755564456870995826,-0.03985228468295538146,-0.10990525568865125439
0.14177968209220542795,0.09160063958199422818,0.03773414553441534203,-0.02017974329892145008,-0.08237526448984047733,-0.14859203641310617106,-0.21805924534053561237,-0.29029450184858657247
-0.00127724980012928579,-0.04016303404221613360,-0.08213493769665727862,-0.12744274142546002659,-0.17623865884138853466,-0.22828524013905376888,-0.28295187596029874877,-0.33983146399918251479
-0.08087585821731299585,-0.10594014441659486969,-0.13317016076091955923,-0.16270057285116343304,-0.19460250518339280990,-0.22868836756409810507,-0.26451703383967845040,-0.30179396958031740050
-0.12660527663638876383,-0.14428966501920936771,-0.16353647127389736582,-0.18442628814431377693,-0.20699382744430619430,-0.23108494682925059815,-0.25636330373250942882,-0.28260122249590829968
-0.18359308539356267165,-0.20339104648860625857,-0.22472317705075922634,-0.24769456525853741913,-0.27235848858462929911,-0.29855894459491766346,-0.32593183639846473598,-0.35423870440900911971
-0.26629406622649076652,-0.29255429259340764991,-0.32061102365108562484,-0.35062939746500160210,-0.38270633812291188214,-0.41666872969538654159,-0.45206647925668447252,-0.48861551895149785141
-0.34484712663516559061,-0.37291299126699878341,-0.40277510374464736698,-0.43462385205112774589,-0.46857727073423494080,-0.50446994643799936142,-0.54184105466278709162,-0.58040575153208595616
-0.38073743090940870282,-0.40093490525330299779,-0.42234980890185203073,-0.44512490002564936153,-0.46935071923237647873,-0.49491466478771356519,-0.52149011082174434595,-0.54887836492661890020
-0.34084315105014600933,-0.34677377875136261576,-0.35298743701768792169,-0.35952950612149420229,-0.36642873547555759872,-0.37365005713907739615,-0.38108969107961182532,-0.38868728562587134823
-0.20748768860769573052,-0.20522332331667900163,-0.20276376396956763415,-0.20009704572997141780,-0.19721547084921345339,-0.19412863096598087509,-0.19086320371895096337,-0.18743806518627714741
-0.00705622722039942613,-0.01011884455411115810,-0.01342467950192655080,-0.01700090832742037761,-0.02086750166237771181,-0.02501648243393822524,-0.02941046288566798173,-0.03402686341231713624
