F3,F4,FC5,FC6,P7,P8,T7,T8
0.79758717839816606343,0.78080630279159146667,0.76329437116951537323,0.74486218988077435021,0.72535090808438218435,0.70470589099362523910,0.68300408252332267534,0.66026863332472851553
0.81259646729963397327,0.79483313517387244040,0.77619336610687550415,0.75646935677604243420,0.73548372514893523011,0.71316278178168024393,0.68956493549556430178,0.66470105949337787710
0.77917581298553895142,0.76402291857919291118,0.74818868429905405204,0.73146727993552584923,0.71367403421956054910,0.69468923359653778071,0.67448874362145494477,0.65302821313093106781
0.71983572789139027570,0.70841358979923718664,0.69665430026686814280,0.68435476939344763725,0.67132305236406242255,0.65738930567062758836,0.64244024789345255400,0.62636819061232962280
0.69923175577149809801,0.69093602822162591970,0.68261492517424204873,0.67405939527477787276,0.66506623314787660650,0.65542996810254672280,0.64498163345478365382,0.63356873690429993395
0.72882956745289095846,0.72384112899598473945,0.71911278831602076789,0.71443882077424603061,0.70961485937765667042,0.70441458830397285507,0.69863058864785565483,0.69207888182935828336
0.75787482276628814759,0.75664252520749952780,0.75593613200761933246,0.75558088779501531018,0.75539620405665897085,0.75515214717965040148,0.75460790028626101300,0.75355915041375143293
0.72289783060188306241,0.72541344030759213890,0.72870915886306486531,0.73267013319963869566,0.73716574079015562138,0.74198058097843000436,0.74684658655054181331,0.75155161292556049712
0.60831395188819747943,0.61360260172663216860,0.61989851438567600272,0.62715359094108902305,0.63529530336281281322,0.64413674833723799651,0.65340175139599432352,0.66288532593111992863
0.49242285836895682838,0.50017103472455515245,0.50919181286642278828,0.51948737998331906418,0.53102885218964956948,0.54364933269684923012,0.55706515289396441037,0.57107345857583557969
0.45884423168094290446,0.47090619475841238861,0.48466010425705330356,0.50013564902609808360,0.51732226077733800551,0.53603398840618454724,0.55593156162924683983,0.57677371677278344020
0.48404299442671339104,0.50160151848277134690,0.52130585276732488431,0.54319008140501245929,0.56723669299083867568,0.59320425231455986559,0.62065341049920197403,0.64926931465667281351
0.48010136660920343932,0.49967121810316411645,0.52148920298164347376,0.54556748252223719042,0.57186251852605141099,0.60008741566723078353,0.62974160935148570939,0.66046316602184207412
0.40050067277716716596,0.41402384998137697902,0.42922996822281295204,0.44608272247660180065,0.46450337052830537043,0.48422243684815302611,0.50481007855367809878,0.52595049794060910742
0.29073453631795520558,0.29020526040636029919,0.29021034131852752047,0.29064725585676604025,0.29140210465132598827,0.29229677922504343490,0.29311719042215600428,0.29369536794534623070
0.25216567146918905662,0.23510771421711884610,0.21733342293751750640,0.19867407345820747855,0.17898689052384939013,0.15821714638346021098,0.13642393492466561855,0.11362593665991091441
0.31967708799588201440,0.29045720471750463565,0.25966603742519900333,0.22708846280694638953,0.19256399685888242468,0.15613683102086811649,0.11808048618608329994,0.07855818237945212668
0.40142264925315629398,0.36813705769767590681,0.33300876684139302242,0.29581040117978879556,0.25637998770020270500,0.21480424503021139371,0.17144243713162179987,0.12651506778892498972
0.37133319645836987410,0.34208751150534544294,0.31122621515910925405,0.27855294064290364586,0.24392774340765466246,0.20742520086748672536,0.16935513546658462203,0.12990878123832966251
0.18400222630451432138,0.16315040003863623408,0.14113593464716020498,0.11782962062674645631,0.09313754607934386642,0.06709965500599267274,0.03990366905199164288,0.01166978275611115987
-0.07830818889207047384,-0.09161201172861174746,-0.10568724596826004070,-0.12058791286569428558,-0.13635301136264002531,-0.15296373461192169785,-0.17033791174809090330,-0.18841196813613797501
-0.26931406258883139326,-0.27826808878668385372,-0.28774157784823778394,-0.29773091296045289811,-0.30822935665640682767,-0.31921584659940654971,-0.33065581182880976474,-0.34250680780862041708
-0.30706388529524919484,-0.31455865561557949661,-0.32242406451745297957,-0.33062874310616607865,-0.33914114471992529154,-0.34792545611768549429,-0.35694475056502594779,-0.36615173406502649067
-0.21416727762450171735,-0.22139982596886084720,-0.22890602795187617313,-0.23665490842304773289,-0.24461360938162704515,-0.25273893856616014286,-0.26097922039430121455,-0.26928094835930704853
-0.08452878298471407092,-0.09062127148352285000,-0.09689702447815189135,-0.10333722057431297958,-0.10992107326384334409,-0.11661882771992899965,-0.12339140849854976500,-0.13019956116390984935
-0.01171878654075597832,-0.01579767586005521862,-0.02002440912581112883,-0.02439225514259360517,-0.02889487915125341783,-0.03352738975127732973,-0.03828539275667076219,-0.04315666807362295715
-0.00898393255466399879,-0.01183275611737660132,-0.01491159288610513847,-0.01822530884987641486,-0.02177992576569329208,-0.02558580317700332590,-0.02965783605873524229,-0.03399820564166856213
-0.03041495458854536274,-0.03395809693913871136,-0.03790053072236573839,-0.04226115096635957996,-0.04705614326886593812,-0.05229016248999141664,-0.05795765321432239797,-0.06404847591077271474
-0.02952978739409712824,-0.03466618952103848322,-0.04029652337166485243,-0.04645605336524577522,-0.05317145781566733759,-0.06043524559886003650,-0.06820575941270233533,-0.07645263054855880314
0.01446847617387329518,0.01000931537882575502,0.00525345307315785472,0.00015800497733894195,-0.00531196546214939436,-0.01116252901939450079,-0.01736661586076082564,-0.02390974417734530524
0.06228710434817207042,0.06141238292750686445,0.06066156988861252930,0.05999679985448311270,0.05937891895415438326,0.05875730743121310856,0.05807915742424148847,0.05730027217768054321
0.04650460343878572156,0.04797061764198738698,0.04979212607048367351,0.05193206023141094807,0.05434488092204133730,0.05694273629033336920,0.05960775326994833395,0.06224998831126974524
-0.01871005952185940402,-0.01938410587687351347,-0.01989439522593695539,-0.02029286986080126864,-0.02063609685779493885,-0.02100764426045871949,-0.02150557000935943847,-0.02220607075075911249
-0.05045281593477373566,-0.05710058027440276240,-0.06405962432329041778,-0.07140989607527203908,-0.07922159715592476392,-0.08753349830346852933,-0.09634131777027837851,-0.10565237896193487022
-0.01873889855192064149,-0.03296746235178490969,-0.04804580008516468742,-0.06408707185344551804,-0.08117523151108869961,-0.09928409586542336074,-0.11826617886011107916,-0.13803422548217472721
0.04600268717091936244,0.02638862659727032184,0.00557249764742706686,-0.01657906073352861595,-0.04015628310907368159,-0.06508292922591478458,-0.09110537513581795643,-0.11806621956736031154
0.09537393577796757227,0.07572274656669240878,0.05486784260135297436,0.03268310096970666878,0.00908490449877068403,-0.01584566361519659447,-0.04185284979254871862,-0.06877576469441384899
0.09499501502918451801,0.07976925270395643364,0.06359099501315046421,0.04636292619151317906,0.02801676560618238457,0.00859601830112835530,-0.01173600006049243909,-0.03287466452200091260
0.08156504358690608303,0.07172090314593546068,0.06123315986447994130,0.05003308498259521897,0.03806401333706057460,0.02531356448343225277,0.01182042774968002606,-0.00238840075931019994
0.10374062599544270347,0.09575800831201661256,0.08726024046678639012,0.07817939742491529509,0.06845179149438811173,0.05802542738091041874,0.04686848020436112927,0.03496173327228453698
0.15015076821830164455,0.13817440742351014271,0.12547228356823672546,0.11194190165236854451,0.09749301990007300245,0.08207675016876936347,0.06569813857383714761,0.04835834584176376683
0.19447968878166174700,0.17509234435211881720,0.15454063262515010946,0.13267482941022518128,0.10937532681623672592,0.08463353778102981895,0.05856811180304078573,0.03125078439619458082
0.20483445860257176729,0.17925178523639859196,0.15206803387351477963,0.12310504979423972371,0.09223077816033237175,0.05948872103456702420,0.02511400879582457307,-0.01074511185625333723
0.14694466619972412769,0.12033072236222769336,0.09190025445792403269,0.06148677304115978542,0.02897388173361403751,-0.00555967367310779541,-0.04182938862967600785,-0.07964859806786996066
0.01530015971097908010,-0.00724084201075686235,-0.03155961588048575989,-0.05777963836691615146,-0.08598212821715736642,-0.11607922454445014637,-0.14781216571904975954,-0.18100194452341972218
-0.17409761035163581755,-0.19218455845672222093,-0.21198335313413582681,-0.23357867754972919117,-0.25702108572447135426,-0.28221994087029261822,-0.30894961568057943690,-0.33704538395444089138
-0.35449327745331982165,-0.37196884082061149046,-0.39123316710704031385,-0.41236502619520576385,-0.43540766322494506291,-0.46025569928036597078,-0.48666463823732258875,-0.51445584556860413095
-0.41511265526038532148,-0.43630571237934956397,-0.45948631030277536924,-0.48476396279000721901,-0.51220080033974046962,-0.54166454328251578687,-0.57283526433904730091,-0.60549058938235489347
-0.30734618362882487608,-0.33364208715418436357,-0.36212116102625441227,-0.39293651760204661993,-0.42617889661556251912,-0.46168800199526410788,-0.49905357152379259400,-0.53800308012201403240
-0.07226686336852600201,-0.10086923439602142605,-0.13168492760177979983,-0.16488927687474619344,-0.20058746254912868112,-0.23860476095827987120,-0.27848374308195572580,-0.31992748268320886362
0.19956136755227471546,0.17364263174343799734,0.14572703111298496159,0.11565385448899251353,0.08332778536932673730,0.04891440469145631742,0.01284281571645056429,-0.02461002853086172865
0.38340217989257491249,0.36399861408158906695,0.34298483691563241837,0.32024255096547044053,0.29570378281501902284,0.26950301045732055760,0.24197634105220050538,0.21334298774499094176
0.39634467041599452664,0.38375537762997780078,0.36992535209151233833,0.35478227569520892626,0.33828676115703032456,0.32053456423689086208,0.30175155562546035481,0.28209013294450557829
0.27616270278562227158,0.26731948176073522250,0.25741462415795546281,0.24640298229896878679,0.23426113915131829835,0.22105753174020417728,0.20694467924036027973,0.19203179966795430600
0.14378615680194825610,0.13375923087755911545,0.12254640951435855079,0.11010096654954687478,0.09639847252537565858,0.08150928902179689628,0.06558988588302755440,0.04875531673901496027
0.10457442800993134446,0.08832443802128639443,0.07044336910094749216,0.05085425201713344306,0.02951626509796670059,0.00653896360478708940,-0.01782599803920860773,-0.04339996147513076191
0.16762061818171142269,0.14212880525748236571,0.11436862194683612703,0.08421630138934181609,0.05160649703813715433,0.01671336812685146264,-0.02005668657464608831,-0.05842371875277667381
0.24420782016577025075,0.20909356406990187160,0.17105118820189535445,0.12990922731307685822,0.08557748847725676900,0.03829680886376870402,-0.01136718093668147300,-0.06302996140385239143
0.24022221677320629296,0.19715777599470674097,0.15063166533330243912,0.10043347913675602923,0.04645107415846592980,-0.01102885439079152180,-0.07132565749332965555,-0.13397829908514849451
0.15081977101117799434,0.10260114408400873576,0.05061679884744760272,-0.00537069170525657311,-0.06549225243306178168,-0.12944804436912513146,-0.19650988619193388018,-0.26618454023295101685
0.05403927234696859205,0.00257415283174811972,-0.05279193941712471277,-0.11232028070647985529,-0.17616215620753375437,-0.24402632810244420658,-0.31517749216425772207,-0.38911885601927492795
0.02915388910629854169,-0.02510755654541856063,-0.08337377110267510383,-0.14593315335346529471,-0.21295950954847875369,-0.28416830907526036132,-0.35881080475500110039,-0.43638505882736722263
0.10114096471104594421,0.04464142182640097600,-0.01597095560787711865,-0.08100493705875437545,-0.15064850027819723377,-0.22460788095410469389,-0.30209937178066970098,-0.38260168188088083951
0.21339429791097810907,0.15576107973590241906,0.09392012491977214106,0.02755817212934592517,-0.04351180387387008214,-0.11897269233675639155,-0.19799593654289007749,-0.28003180644679032119
0.26881550989780977901,0.21108002339399409286,0.14906817029028365806,0.08247428701599049394,0.01112211831813756345,-0.06464589434599686546,-0.14396422617044773995,-0.22625745174230432744
0.24144149960400373978,0.18465099184831884616,0.12359821451843520934,0.05798746788159163390,-0.01234742727554706196,-0.08705213556603394465,-0.16524972045774183327,-0.24635637887353029063
0.17925370693847439418,0.12488244200887461954,0.06642779724801739505,0.00360273707974996700,-0.06375408227678017181,-0.13529913858748662814,-0.21018183113820254615,-0.28783782822867043372
0.13862995263195510010,0.08875361200339201839,0.03517926411967051831,-0.02236623305724990199,-0.08403896539289149037,-0.14952630031529864918,-0.21804280622229751940,-0.28907172397478719805
0.15424383355890372571,0.11100016301849718880,0.06460934870891378579,0.01482435146720878158,-0.03849782433353288180,-0.09508510040272767638,-0.15424460672003084682,-0.21552560233369860709
0.19351326760763945534,0.15723230763495332774,0.11834493205237474334,0.07663912878777963400,0.03199322011306229147,-0.01535467231004932279,-0.06480103221442029549,-0.11595672422789508882
0.19155596067400620930,0.15978350921710146593,0.12572092113780169997,0.08918637984914669359,0.05007964607988023287,0.00862616617326973818,-0.03461919692493578560,-0.07929879189739089118
0.12770696976392839628,0.09714334462387871905,0.06435292603751659180,0.02916896654226846380,-0.00849594190684048629,-0.04841123057665541740,-0.09002658578425871971,-0.13298523934216482933
0.02926661788334685224,-0.00282487734676948894,-0.03724559989340391064,-0.07416741887482126983,-0.11367950004356279503,-0.15553935744027688748,-0.19917118742334666281,-0.24420081597334078460
-0.03126258316553956473,-0.06680818753582108693,-0.10487434863133192342,-0.14566098254174422721,-0.18927671258351211336,-0.23546576974453239939,-0.28360353605013188805,-0.33328746520776747486
-0.00333487095182563456,-0.04244426429991336736,-0.08424715959120476771,-0.12898197404615757700,-0.17678593127738664870,-0.22739511754541025246,-0.28013545715220566912,-0.33457904188874554308
0.08007623128626809028,0.03847187469889810918,-0.00596830688048361098,-0.05351251112480933519,-0.10432029547097430855,-0.15812230697237650290,-0.21420815011421182050,-0.27213154131214417619
0.16699597301404178751,0.12492352953726648668,0.07991978374866030854,0.03171026361961409856,-0.01986906159178148876,-0.07454575638897184553,-0.13159950682096949182,-0.19057746442496789618
0.22811367906826776619,0.18895474869777992288,0.14695653788301688003,0.10186642164920005349,0.05353447779922258787,0.00221817094612745958,-0.05140956863075103050,-0.10692253015369847235
0.27280456870669705927,0.23810671479717601673,0.20079951174476859399,0.16065657270771596665,0.11754238846890388559,0.07168264449981411046,0.02366997570592959885,-0.02611884119535285223
0.34320407654534634823,0.31110241316791442667,0.27656645119351702666,0.23937166691686381781,0.19937840351030403085,0.15678299444189797152,0.11212477612667352822,0.06574299318512370760
0.43956486684118306618,0.40706992203535885544,0.37217208047975902652,0.33462367809185067369,0.29426448427412593700,0.25127778553803498118,0.20620138530459861115,0.15936648215461393652
0.50795941617625806064,0.47218070324961719519,0.43381813626995863187,0.39259084142527006511,0.34831540565067636850,0.30119001730385214222,0.25180874860563623452,0.20053362828229800985
0.47216391596147744281,0.43033176352022672884,0.38546006957086287326,0.33723568101722944945,0.28545871554848040175,0.23037456511077358812,0.17268810651755175933,0.11283363801896474643
0.28454534847327361824,0.23409892671382656615,0.17987972495599524603,0.12154467875139925159,0.05888395926825982368,-0.00778413946292115175,-0.07760261543781310500,-0.15003100557813800475
-0.00177791515842561846,-0.06163366211588982430,-0.12610667192972380146,-0.19556547112446287517,-0.27022530030036245874,-0.34968875746394745274,-0.43294074601174104000,-0.51932651866671608598
-0.25339905679697222185,-0.31937881734614032014,-0.39054584185693319576,-0.46727716342107239456,-0.54978539598429509994,-0.63762228659381048335,-0.72967848719439520888,-0.82522713399075930951
-0.34883921127882067115,-0.41433720147422997693,-0.48501416584641660057,-0.56122925448170146723,-0.64318178258029534700,-0.73042697358542174602,-0.82187790002689997682,-0.91681632175811655916
-0.29042768340174834885,-0.34945303535362021163,-0.41313591883003641936,-0.48179978282182500671,-0.55562587281500586123,-0.63422264714688336706,-0.71662702125885546778,-0.80220158545319264487
-0.20376714484336727606,-0.25446084344298464108,-0.30914291427103024468,-0.36810322864023542477,-0.43150984376618778393,-0.49904166120118070848,-0.56988741958137723032,-0.64351291148208356052
-0.18128595893590535026,-0.22592574192613876227,-0.27408468969172572471,-0.32603283219531992154,-0.38193218455630789654,-0.44151251340416347579,-0.50406853928279771182,-0.56913947015263099960
-0.21129016738220351979,-0.25395677281937034664,-0.29999037178511056556,-0.34965419172036427131,-0.40310737336458768443,-0.46009297180363045721,-0.51993474657464755495,-0.58219246639335442417
-0.21740971380043325190,-0.26196317170668559360,-0.30999184498669807297,-0.36176470789317255461,-0.41744139663016693875,-0.47674417743626240629,-0.53895480569740006338,-0.60360556072400017857
-0.14436365102018225426,-0.19212372680148034898,-0.24354180032993341665,-0.29890203968098816301,-0.35837019988161600281,-0.42163847416468974716,-0.48792167585835016785,-0.55670963135746021067
-0.03950058282756363504,-0.08740884375750145041,-0.13894605818206473558,-0.19440488493642973933,-0.25395712082041460578,-0.31729221984833594350,-0.38361195550634868967,-0.45240144620303474055
0.01981098553902766249,-0.02172660975307535644,-0.06642071709163754889,-0.11454302133006748210,-0.16625753010995006353,-0.22130003525066913039,-0.27897157107601144865,-0.33882677729092786079
0.01233974068332801578,-0.01621573171580305284,-0.04699881750310329342,-0.08021740851264118344,-0.11600158948765260103,-0.15417323970680923972,-0.19424022992958969724,-0.23589456759688370857
-0.03432252049837675179,-0.04810986266902192443,-0.06307313244687984266,-0.07933121033819093282,-0.09696037319100329899,-0.11586841296018469960,-0.13579196573588794839,-0.15657044771182598852
-0.05325102388613886517,-0.05819854866924636244,-0.06369448709807892794,-0.06979233645425379773,-0.07652392341666167108,-0.08383432055221533286,-0.09158290016766343355,-0.09968528159397276045
0.00702540535719851228,0.00067172351101680661,-0.00633947972454331106,-0.01405695062139909225,-0.02250291615125597777,-0.03159186339564368229,-0.04113370028930222327,-0.05100952724764720031
0.13261016021932156561,0.11695041347830995027,0.09995130677514130202,0.08151341222554224497,0.06158876234100868485,0.04033730579224923535,0.01812403558921232491,-0.00481907401954334135
0.25305987343572861059,0.22695864739717397374,0.19875926910326743857,0.16829438633611190634,0.13547569481578897177,0.10053231481397097158,0.06401006869305662927,0.02625527131686122145
0.26947405085336745278,0.23716115942141807738,0.20230807235334305472,0.16470222755742522369,0.12422567485471480708,0.08113893828244006512,0.03608261838134625699,-0.01053814005254890586
0.14000572163489446997,0.10498436412450330713,0.06722995901532928531,0.02651402456814280773,-0.01729268190014147596,-0.06392276030259694264,-0.11270971098170891322,-0.16323071936309677121
-0.05292882474598214343,-0.09022819298536276234,-0.13044505702384645573,-0.17380891483717958446,-0.22044804502419421133,-0.27008507206797899292,-0.32203568780001612382,-0.37586039995915343503
-0.15168439833771210634,-0.19114945642731043240,-0.23372989439558711222,-0.27964792758896245273,-0.32902303213378453206,-0.38156081286902726601,-0.43655442876237515737,-0.49354228020787610509
-0.04413069778303922025,-0.08450610796661646440,-0.12810063105015517815,-0.17512748703592415089,-0.22569733011666098799,-0.27950594970288034080,-0.33583795371769287197,-0.39422078289141349039
0.22669254668819480147,0.18693048671766651636,0.14397809512449727398,0.09762558626802739226,0.04776351267689776109,-0.00531150929391003331,-0.06090071981427622183,-0.11854165041654152191
0.47769946024666504192,0.43817639065876867743,0.39547036160016679762,0.34936751415383132668,0.29975322427732065123,0.24691398953481416556,0.19153418554954076969,0.13406615253761497430
0.53942247199056958529,0.49724180639290282979,0.45165759923359416472,0.40244588032539863054,0.34948659460684228240,0.29308012305359210092,0.23394343931166139416,0.17255278409388891125
0.38879681371966878789,0.34160516689625680664,0.29060096258894341226,0.23555330958445835909,0.17634392030981396737,0.11331204358858595893,0.04724785599927495972,-0.02131693708902993034
0.14084794484147317162,0.08972756740445585188,0.03446761663838988216,-0.02515829232239055052,-0.08925859239539422896,-0.15745996050864582982,-0.22891740833208509831,-0.30305417618622204623
-0.04924835087954915203,-0.09958225643776630331,-0.15399521635895055405,-0.21269785672183269543,-0.27578792488782100101,-0.34290084863524067371,-0.41322093388211950105,-0.48618619747781477436
-0.07822292023801075134,-0.12189237036867218988,-0.16907006176843283884,-0.21994179661833598849,-0.27459792677422079077,-0.33273856220587466614,-0.39368177694866646199,-0.45695679474859407510
0.04643613590889233977,0.01331356551354011264,-0.02238263794844596449,-0.06080442044945503360,-0.10203358500250664376,-0.14586734418525598711,-0.19182081287510197032,-0.23956119037268130967
0.21349338144017315777,0.19191797849199840331,0.16880922071131695961,0.14406196362571546676,0.11761375972395868295,0.08957302379738364684,0.06022163892706118571,0.02975139091734737770
0.29430372072705063280,0.28255920570201692454,0.27014425704836686482,0.25701073803979757049,0.24312927315484719748,0.22854429287007346772,0.21337811630536990259,0.19771591001069241389
0.23329996939973948744,0.22786395211314638964,0.22224937447476234009,0.21646087187695395304,0.21050587553592448042,0.20440328194191717537,0.19818501360614504403,0.19188106296213663926
0.07648236291075898030,0.07394580324626474910,0.07138413418713344949,0.06883635434877580228,0.06633650640489477390,0.06390163820988729870,0.06152938765424059014,0.05923325886228206910
-0.06455786165509166952,-0.06650883798802546820,-0.06850860547251547139,-0.07050934675342664104,-0.07246977029531705139,-0.07437053143007378575,-0.07621878496716381901,-0.07800135536661675917
-0.10619507832294894367,-0.10850389035665887472,-0.11089814054227831175,-0.11334130019079709240,-0.11580214107782808852,-0.11826731226579025036,-0.12074475907716254730,-0.12322395189794180248
-0.07069234095881667124,-0.07331995234934204908,-0.07601976269379621953,-0.07877157968254482057,-0.08155973324713870765,-0.08438526943884409881,-0.08726648913082889203,-0.09020378321113579900
-0.03190731813290714064,-0.03433942262849053184,-0.03681829934543155020,-0.03933170980706231917,-0.04187301058715074686,-0.04445771708705462122,-0.04712240301573646789,-0.04988138305543794032
-0.02065666797199203208,-0.02224206777238727992,-0.02387749099519977103,-0.02554641706084296443,-0.02724042794648632790,-0.02898268155479856792,-0.03082800367364832081,-0.03280106396984610456
-0.01657159525500446345,-0.01754865897887239456,-0.01864599431688165887,-0.01984134883165571128,-0.02112140354875161052,-0.02250617548139744600,-0.02405184857553874234,-0.02578132811774171487
0.02747806274488746522,0.02593103971778348837,0.02413603179072417934,0.02210688645472815364,0.01985192909572980335,0.01736038098051773809,0.01459831772518990593,0.01155686318008562058
0.12825648910309170314,0.12411495148183115944,0.11953374269650755835,0.11449371967569092756,0.10897924136179777677,0.10298998322812739914,0.09653933822889809724,0.08964352287462459823
0.23034538738763365995,0.22152580315215930629,0.21198222155103171871,0.20164257025012249924,0.19045183076274160849,0.17842123994477970816,0.16563181888091937921,0.15213520331042251765
0.25476245077793013838,0.24164521907001249024,0.22753137305850443250,0.21230235290197527198,0.19586770683271204074,0.17824465840731473776,0.15956607204019793156,0.13991092970798824080
0.16278987173812314859,0.14785885097462866944,0.13176738507713023352,0.11438182642916355780,0.09559993898101892817,0.07544006195238212031,0.05404959480984097148,0.03151712610063670678
-0.00941506913173839263,-0.02438366238706922429,-0.04061838325167189262,-0.05823439882715420596,-0.07731750058617889443,-0.09783816478738452393,-0.11964740280439206677,-0.14264785950034197803
-0.17983384906868674080,-0.19629687868789799654,-0.21425258068024974345,-0.23378949789074507382,-0.25496530902375608152,-0.27771164842166351505,-0.30183681476318918735,-0.32720377539872069761
-0.28705020000618275411,-0.31003760471882130245,-0.33505417693544498059,-0.36218996436241968073,-0.39148990540677730543,-0.42281172284692486452,-0.45583395841965823614,-0.49032469603420536508
-0.32175565338912365254,-0.35596332479316050712,-0.39299342542997739436,-0.43297734973995555263,-0.47597566309168348742,-0.52175704715672743816,-0.56980751876609225803,-0.61976441208457133669
-0.31341366517434210426,-0.35948689614258855229,-0.40916683625216393461,-0.46264882079825830896,-0.52003032329258147559,-0.58100969628572962655,-0.64489257843974456819,-0.71119894922173487739
-0.28013717174158586642,-0.33384238819920264429,-0.39163009172708745931,-0.45375091650507920482,-0.52034040976274276158,-0.59106854557298593722,-0.66514164703617439933,-0.74201891675396136616
-0.22757848666890601042,-0.28154276128413019409,-0.33955972617434254657,-0.40189857138822054905,-0.46871273754604503292,-0.53968985959128246144,-0.61405019705035412958,-0.69126707185516744758
-0.15762834475766904219,-0.20433335006368535947,-0.25450904906597188182,-0.30839639670664481530,-0.36613650956205506803,-0.42747008425494320560,-0.49173407574982913593,-0.55848279894215657748
-0.06193242754378634751,-0.09550712186776123824,-0.13147810575493021346,-0.17001651194225256281,-0.21122259280091995604,-0.25491334693002137834,-0.30061835070864056929,-0.34802240427410702228
0.03695955487854529764,0.01814053420228128530,-0.00182009131397443957,-0.02300797106392607136,-0.04547057586260543072,-0.06910417759305276242,-0.09364882716005941410,-0.11893135772225831015
0.11278389897915740148,0.10470686760135480831,0.09644600790906451837,0.08797840147298205404,0.07929610108767937149,0.07044827182601887117,0.06154750171136116887,0.05266621048835334884
0.15376068442297166627,0.14931682470899593218,0.14503423972167855949,0.14090967756357514196,0.13694869965341058271,0.13318871903582729654,0.12970606487639346760,0.12654618591998728627
0.12783930193650858143,0.12029876881957879409,0.11262370754117156935,0.10479234693021634295,0.09680177355470392930,0.08872200332846448545,0.08070172889236730540,0.07283339137370221927
0.03767857623422112695,0.02405667149674451180,0.00967864425434296002,-0.00551130447903122600,-0.02153271253841870445,-0.03826038188610617757,-0.05542190936056947542,-0.07284186048588155160
-0.06811442754753868623,-0.08567404748228230060,-0.10446221788569018396,-0.12455613711153305789,-0.14598438855162845784,-0.16857904591883876577,-0.19197697117041051529,-0.21594100861163117999
-0.14175214576763320307,-0.15809731919409300560,-0.17569353516517471903,-0.19461204636450826766,-0.21487589456674036081,-0.23631183854992576787,-0.25855427459904434251,-0.28136365030164373069
-0.15302072371195682421,-0.16410347417239901091,-0.17607032178109999210,-0.18896838068428101209,-0.20280752603919977028,-0.21744540809366871836,-0.23259181659082051041,-0.24805819552730612454
-0.11948619550692129998,-0.12627626339866424021,-0.13360785942635483581,-0.14151406254949561170,-0.15000030575555692303,-0.15895945005142217421,-0.16817472378885639506,-0.17750884122071311499
-0.08666205710014393548,-0.09531245237701700679,-0.10462759800158456802,-0.11466240013441966750,-0.12543957370128380746,-0.13685243852440923118,-0.14866574338948096434,-0.16073310001817256443
-0.08153034025869707047,-0.09894023921625763607,-0.11769085633653363077,-0.13789570538067541516,-0.15961531511707516273,-0.18269834560399844658,-0.20678069078990118923,-0.23163316685418558483
-0.10152895510004640578,-0.12980462103309747812,-0.16028462780870011972,-0.19315198409423825487,-0.22851093208395947820,-0.26615097150701721995,-0.30554478192639850098,-0.34635698376287016309
-0.11846998433069266810,-0.15352339598454822767,-0.19131864558446731728,-0.23208919611716982701,-0.27597336249437853795,-0.32273008337651915012,-0.37173509476123445250,-0.42259178987263384952
-0.09159817406969532338,-0.12691620830912742068,-0.16495307752972518389,-0.20596242738669187644,-0.25010138839627249485,-0.29714462126746160608,-0.34647702901480509352,-0.39771363795469966140
0.00417243676327992176,-0.02733101563303301854,-0.06114164613638026213,-0.09751132945170176702,-0.13660400688067272923,-0.17823892575509703295,-0.22187843088843056671,-0.26719581062152747419
0.11942932780460803477,0.09007568052022973948,0.05873995475243314057,0.02517333895462977797,-0.01079108665517325948,-0.04900257046873288114,-0.08897599177117540559,-0.13042412567821887182
0.14181847625317076100,0.10825361883464139356,0.07251643123687513681,0.03434530168050300980,-0.00643255943842021335,-0.04964502256478327963,-0.09475660767801827311,-0.14144547017790823351
0.00241480703444010543,-0.04104878539078493649,-0.08738639627572238056,-0.13688665562668630993,-0.18973097005563704931,-0.24568003960767795246,-0.30405710375500594189,-0.36443898907161059730
-0.24935900462014126688,-0.30371749983762935665,-0.36179338957706491664,-0.42390582563195589039,-0.49024647292300810308,-0.56050215900137378977,-0.63384122100390216659,-0.70972800693782778225
-0.44998107731163022871,-0.51090773068273587221,-0.57607959121401874913,-0.64583987162267875171,-0.72039194463798583712,-0.79938348440178885745,-0.88189424372593283596,-0.96732486267541883951
-0.44848067820960968444,-0.50830477060849099669,-0.57228029931485624449,-0.64075826064562591000,-0.71395132258694260496,-0.79152406203390990314,-0.87257875534709083976,-0.95653488842305034456
-0.24923688245981379108,-0.30070756714054747150,-0.35562430427724456283,-0.41432498875006751327,-0.47702431284782009779,-0.54345350142962312034,-0.61284113894665559474,-0.68470174266809957775
0.01106148055902433404,-0.02770555305412941358,-0.06884278079179738385,-0.11265428819276206152,-0.15934564127355105301,-0.20874262299002857568,-0.26026619049961768892,-0.31357148687013169930
0.17076632911964842454,0.14509886014082454264,0.11814441724726196248,0.08964673203325537743,0.05942047476224920910,0.02754614048612946675,-0.00560087593815049734,-0.03981942328768273837
0.14682636413516444995,0.13096313239758591851,0.11455056857410592097,0.09737990879262392596,0.07929082695981334861,0.06029797087321696336,0.04062026223359437027,0.02035397043524309751
-0.00424990492222785624,-0.01409851661111046796,-0.02415756204118934061,-0.03459574544865254286,-0.04554854707285472398,-0.05703557374037425409,-0.06893466156548122559,-0.08120862770859328672
-0.15465865822120611339,-0.16057007693196950759,-0.16656096039588022539,-0.17276774256188115464,-0.17930406774125318137,-0.18620669939667991444,-0.19341440757825942298,-0.20092350132168956822
-0.19481082337675917349,-0.19789605764931292309,-0.20097959168747203673,-0.20417734987878483066,-0.20758927763364282137,-0.21126378710455567811,-0.21518006216887378135,-0.21935700052330212029
-0.07638695651748206306,-0.07786919363872207844,-0.07925904948216203061,-0.08066895573651665374,-0.08219819550511157924,-0.08390602078619301130,-0.08579402649024697736,-0.08789700926354331034
0.13276551077178752602,0.13013629848851299142,0.12759407367912456444,0.12500696905358538169,0.12226004531102289963,0.11929135850255398466,0.11611295268361279676,0.11269366316481388424
0.30082373910164572628,0.29372502240154463315,0.28649970051821671557,0.27897851984462490593,0.27101966066127097799,0.26257370976569294196,0.25370918981924983626,0.24442663814156276314
0.35742769508489291574,0.34485821437321073635,0.33183067329951804192,0.31813994509374710074,0.30361968143143336363,0.28823979166490276693,0.27213499841911370503,0.25534736966527310509
0.32034391972386005998,0.30336518424441366593,0.28559205579561525168,0.26679461160860551416,0.24679011107458123653,0.22556557665374973864,0.20330698406177433180,0.18009135441836102154
0.25768283584162138267,0.23812325973935974388,0.21749892732818085217,0.19556227811978751929,0.17211808214354207269,0.14716188625032144977,0.12090857588660917921,0.09345564793315533358
0.21259196420280621065,0.19180338205877286994,0.16975379400713616618,0.14618014967945805460,0.12087469197160222167,0.09383250573847080889,0.06527942997168947881,0.03532040053019829678
0.16283367299328466160,0.14002838394415992318,0.11570675961014785516,0.08958874209643413744,0.06145422907572319765,0.03130511977750385921,-0.00060775445519410459,-0.03416204525358304545
0.07411950978037609716,0.04721020420920229305,0.01838199288842561757,-0.01266145113347310475,-0.04614760807832950923,-0.08204469175482373422,-0.12003705574046676097,-0.15995574663935713255
-0.05112164269687979185,-0.08363000715539521679,-0.11856292323850144144,-0.15622645684917513265,-0.19684587603992487193,-0.24033618792671035402,-0.28628169944772891009,-0.33444024562491470043
-0.16460283379386289604,-0.20239421736895138459,-0.24308709565172118006,-0.28698716776162347397,-0.33430805339211222549,-0.38490392684738855555,-0.43825440840375623486,-0.49403933639438041281
-0.23043918818091146949,-0.27208329527333008357,-0.31698872866370408907,-0.36545514908864024095,-0.41768166798227412961,-0.47347032227513502489,-0.53221598340388365234,-0.59353466712281099937
-0.27292813259830145389,-0.31798474898285761236,-0.36661602738639481602,-0.41912213034147594026,-0.47569486368587493574,-0.53609507462196237526,-0.59964609389000866901,-0.66591134680268881940
-0.31597923172803893399,-0.36435744543850762112,-0.41659399568622834664,-0.47299941541745077478,-0.53376851909386546780,-0.59863447537682157318,-0.66686377168635124768,-0.73797960253228134242
-0.35110457620106788612,-0.40191412445476304427,-0.45675402667930792289,-0.51594739815575885178,-0.57969672008017580911,-0.64772325380354756064,-0.71926160431887753433,-0.79381351972182223609
-0.36815379811694337597,-0.41926507395470447026,-0.47435824906509488352,-0.53375688948213473317,-0.59766414553870361726,-0.66580358671103201385,-0.73741237268255510617,-0.81199461623470414740
-0.36839671625189668314,-0.41528439155450869169,-0.46570861930962353936,-0.51996206309394299439,-0.57822798649193374310,-0.64025492766082725549,-0.70534859934411742177,-0.77305862738173636295
-0.36038575831878344458,-0.39793498496374984930,-0.43816414507826711988,-0.48130205730417302545,-0.52749123227737326758,-0.57653249219262114877,-0.62787611364876194653,-0.68116677562759453401
-0.34390816676962721044,-0.36948441084606820084,-0.39670386487585429514,-0.42572036685994291139,-0.45663038927945370782,-0.48930533344398874362,-0.52338200162864867426,-0.55862835227549156869
-0.30575498330641670552,-0.31976738525527403922,-0.33446944282465357334,-0.34995433736478365194,-0.36628504633666136847,-0.38340960451080557947,-0.40115026329102942970,-0.41939964473522939326
-0.24090633656793591921,-0.24599212353454200097,-0.25107543706519996896,-0.25621741449062557239,-0.26146844531938229217,-0.26684390469571972471,-0.27231124964825714763,-0.27786399357967805912
-0.17084453449124817337,-0.17028512016864408296,-0.16932099643858083970,-0.16800492470122008193,-0.16638916262368486088,-0.16453394210674607279,-0.16249257638798378367,-0.16032162571502758808
-0.11548582784179110827,-0.11198560994696216131,-0.10788813459501202241,-0.10324698791229833250,-0.09811885501006112342,-0.09258403921250568658,-0.08673042102194222780,-0.08064257963900028914
-0.06292111587542321971,-0.05815922209172250112,-0.05271756805374028243,-0.04664911226681774103,-0.04001080798174914271,-0.03288714218705933445,-0.02537387414843492867,-0.01756320310540257154
-0.00551688768833542061,-0.00008874762286560147,0.00607835338715343246,0.01293821654947594976,0.02043858011427453214,0.02849158470124479522,0.03698979735547031078,0.04583413151074367670
0.01650440841939015968,0.02198109994199290776,0.02821460931244702819,0.03516628826233546279,0.04278814705143122593,0.05098382754039100517,0.05962440651612043591,0.06859991050092237308
-0.06228315786552302002,-0.05832617443939068502,-0.05374889493642849569,-0.04859176727336777385,-0.04290495474284065913,-0.03678788812182835072,-0.03037403022597239335,-0.02377197078882414480
-0.24198246276270549138,-0.24161753228158711071,-0.24096600929044553752,-0.24008578844837902277,-0.23903816105557057492,-0.23790761690178299781,-0.23678755005217325125,-0.23575695912668928611
-0.43230500399021981606,-0.43751396144061371896,-0.44290894690662974131,-0.44858449873125039176,-0.45462402317273337138,-0.46107583040471683544,-0.46793889484065498419,-0.47523107682248783012
-0.55300148455249842350,-0.56500166284181663201,-0.57770111977127991398,-0.59124464151861810812,-0.60574576184346207164,-0.62120325188014080542,-0.63748536437601410753,-0.65452922713536587640
-0.58119383447162087375,-0.59949267878799006315,-0.61891419476403963795,-0.63965026824833404184,-0.66184281645451070730,-0.68544549972948298766,-0.71020548220527013328,-0.73598639101272467222
-0.53564196710763634091,-0.55779654291931435317,-0.58129497490292780792,-0.60635685037965902922,-0.63314133368308622707,-0.66157874718607456721,-0.69135005846432318055,-0.72227907020698178808
-0.47931738205647783646,-0.50204388547357114980,-0.52611655907251630993,-0.55175704765003097396,-0.57912674315810086512,-0.60815935089651296241,-0.63853943184024763990,-0.67009285399630391655
-0.46680260916772003954,-0.48850583043810841266,-0.51147784095911452695,-0.53592942264620313519,-0.56201649116736407397,-0.58968859278501306598,-0.61866771951538679364,-0.64880140149392995230
-0.50185281833541106611,-0.52385631925753450844,-0.54717626233521232670,-0.57201988524202485031,-0.59854127884818808525,-0.62669444241963989661,-0.65621287949489937041,-0.68694850903744020254
-0.56730781511045025312,-0.59227328522176991843,-0.61881190167650312883,-0.64714028259224232187,-0.67741608475086556584,-0.70957252738222198474,-0.74329926485935537972,-0.77841634013536009640
-0.62620112746714162721,-0.65594714770289574979,-0.68764999444645669158,-0.72154350324442473319,-0.75779102517278973394,-0.79628396766022724318,-0.83662422805748248855,-0.87857164953709754318
-0.63854862376880672237,-0.67205109560410070113,-0.70779681031561436644,-0.74603391117431983037,-0.78692955438397016454,-0.83033592550680757061,-0.87577376468594758663,-0.92294896255094882598
-0.61238817937326195384,-0.64631497794821757275,-0.68250162293042448969,-0.72119828150776943421,-0.76257099153845975259,-0.80645814026825024534,-0.85235411541102068522,-0.89994902355895389778
-0.57668542473637018908,-0.60831241861644869129,-0.64198865645733105278,-0.67795806597891283829,-0.71638412706494525306,-0.75711838120837160471,-0.79968287661439174663,-0.84378925227560142019
-0.55138018440305391898,-0.57949764088276944918,-0.60934185486060576942,-0.64114787481991919460,-0.67507784554103977825,-0.71101394652269589436,-0.74853851944686389253,-0.78740695944364291758
-0.54685352686175370263,-0.57131346578698605221,-0.59716168815596637476,-0.62462032517681898014,-0.65384787863611815162,-0.68476163465766237692,-0.71701560601452618560,-0.75041496961521236830
-0.53978507353716609352,-0.56082991942215498771,-0.58294801538455576218,-0.60634242645938141170,-0.63116213999824888337,-0.65735399750015610643,-0.68463948366469418172,-0.71286847663562691313
-0.50678305638763032626,-0.52451015624684849126,-0.54301570895777973025,-0.56247958145863907742,-0.58303633390501263811,-0.60465361246625104474,-0.62710882129852218991,-0.65028794227113917437
-0.46991855725320180737,-0.48445611084587597572,-0.49951189255715283677,-0.51524310498128356173,-0.53176853834285942035,-0.54906733592466883120,-0.56695634132964745078,-0.58534717670038061144
-0.47889024127118207108,-0.49035895817088043236,-0.50212136671065532578,-0.51431392283496246698,-0.52704025955435707118,-0.54028615066388574473,-0.55389804404797693405,-0.56780705980353018969
-0.55328907168148411255,-0.56207757970373772860,-0.57099190783380515679,-0.58014991243726010683,-0.58964159241809521728,-0.59945810433910373671,-0.60947193102656072039,-0.61963057363283979839
-0.64005104571013216042,-0.64590658758142138751,-0.65172536309071615879,-0.65760395073710253833,-0.66361793243202726877,-0.66977037618056833868,-0.67597407353362293225,-0.68220070110606989555
-0.67597863669139568454,-0.67740509943705085050,-0.67853009360971172637,-0.67941925196348107452,-0.68012922212617565876,-0.68069098977048914101,-0.68109439063349264121,-0.68135793131439559289
-0.65472097698366316099,-0.65163892695973468783,-0.64798516553577578669,-0.64379508963903209207,-0.63910787241338329334,-0.63398704686674123288,-0.62850703317727552033,-0.62273803955256168408
-0.61563247154979960918,-0.61089866648163804186,-0.60552508905989732568,-0.59953878283585493314,-0.59297580331960930700,-0.58591714014834628266,-0.57847607499054520819,-0.57074654954393877482
-0.61079875737127398150,-0.60889493366369140670,-0.60659636394891791600,-0.60395411088526296250,-0.60102194636282213480,-0.59787388963325693858,-0.59459069629862104645,-0.59124587366464043114
-0.67234941382190693826,-0.67701080708443062139,-0.68179321502625722662,-0.68679329825007273680,-0.69209511960857805768,-0.69774240522478736537,-0.70372361936684280082,-0.71005304569852356611
-0.80882002603626168558,-0.81970392295150840134,-0.83121443599476818598,-0.84348225001775289922,-0.85661195149278401839,-0.87061333061583401349,-0.88538660692346060621,-0.90088637745144217739
-0.97518534305957860209,-0.98675808735247971804,-0.99906429260479612253,-1.01222564379025570247,-1.02633837200604260964,-1.04140472820691121214,-1.05732069140026907483,-1.07403261644594216762
-1.07294981435776071166,-1.07824749245519302399,-1.08384780056150953342,-1.08982043861693678188,-1.09622614437668697285,-1.10309563090294671106,-1.11042073840970600962,-1.11820510106045056808
-1.03999572231756531870,-1.03610018725724262190,-1.03181154188829071749,-1.02713828303027776556,-1.02210082161976445470,-1.01677208529750062738,-1.01127087497587009324,-1.00568262689102927432
-0.89967855591053103037,-0.89015754731685736711,-0.87977642004434941647,-0.86851827341915877057,-0.85638736311070173812,-0.84347823728874649074,-0.82996852437725265883,-0.81598705497551138333
-0.75668885094132454228,-0.74938114470517414034,-0.74133998399699096993,-0.73257861506138999275,-0.72312083854826458840,-0.71304012616344258912,-0.70244985163379281001,-0.69144472126281275592
-0.71727656443999632252,-0.71877202982205912196,-0.72020702798733571282,-0.72165696308329285724,-0.72318381758676164583,-0.72480418379002775620,-0.72647772895012963090,-0.72820275688383073742
-0.79050737170960350131,-0.80196418498338373215,-0.81417827270387921335,-0.82727820652264349999,-0.84135651872933880924,-0.85636882094852295744,-0.87212304955409858387,-0.88851520966174424299
-0.90281161055226555323,-0.92075604538567101809,-0.94002374032664814951,-0.96076398493199521855,-0.98307894992516275945,-1.00688737718399390353,-1.03191635111689694604,-1.05800100305274669132
-0.96048452301171227674,-0.98074060098107762595,-1.00251494553317277436,-1.02595292227566559085,-1.05115215547016815911,-1.07802275360719557185,-1.10628090219753438816,-1.13574740148507347115
-0.92748698432741927267,-0.94807963792110472312,-0.97014193230464285111,-0.99381433321601075903,-1.01919155487221368972,-1.04618910389967090246,-1.07453590271482801732,-1.10405950483458181743
-0.84851066514235351512,-0.86900747418950197165,-0.89080536475248195405,-0.91404878641119180482,-0.93883703765164983057,-0.96509490486536408937,-0.99256144151838998635,-1.02107512290044888381
-0.78527660152432632312,-0.80514991405853109097,-0.82608956003366063037,-0.84824629682961316668,-0.87172621233737401791,-0.89646583646872279871,-0.92221607900905444577,-0.94883005190607971890
-0.76120214439466560297,-0.77910196355324079498,-0.79778050810814626903,-0.81738539712605651211,-0.83802293974013375433,-0.85964559791920469589,-0.88203246237881671732,-0.90506072061164699605
-0.74353849371639424426,-0.75657048365395140888,-0.76996252814931342989,-0.78383931892981462131,-0.79829460092712334340,-0.81331069958737667314,-0.82873792766886233974,-0.84450305696509242459
-0.70608875606202414765,-0.71141169618014854503,-0.71654900421404688071,-0.72158381043826880230,-0.72658563555622590613,-0.73158170744444850353,-0.73653754439215357586,-0.74145576657071021742
-0.66074156907448744480,-0.65816751038230114634,-0.65489625235149517835,-0.65096324509604042152,-0.64640864577810064340,-0.64130233695770122448,-0.63572728106216658261,-0.62976091340438822286
-0.61454639841522495924,-0.60690378065064543023,-0.59825961341937061722,-0.58861587948667581927,-0.57799093050027161578,-0.56647809844435892401,-0.55423173373104905881,-0.54137356090114174823
-0.58923969026960754114,-0.58103927151422218866,-0.57183557758091918544,-0.56162520299272333801,-0.55042148148472425095,-0.53831341547091249300,-0.52545304693129635254,-0.51195977496705813437
-0.60951567570816111985,-0.60395527722785657954,-0.59758825444797225579,-0.59042357029410419411,-0.58247955752536562102,-0.57382035085110161265,-0.56454358732942155896,-0.55473309213821930808
-0.66551190303719520713,-0.66228930639961625104,-0.65842165773380956217,-0.65392643814344242337,-0.64882445195062332655,-0.64315770778416869735,-0.63697743617745672395,-0.63033655391782039690
-0.73815818516451359166,-0.73422869427550097043,-0.72961477139343355880,-0.72432253480799646539,-0.71836414907255297102,-0.71178305266830721454,-0.70464318934013192575,-0.69700322230956368585
-0.79751467666110942289,-0.78962891309988425537,-0.78081418074515818173,-0.77104588999041756558,-0.76031771422184346587,-0.74870231474175719111,-0.73634262199305444696,-0.72334439875516098883
-0.81896569632494564672,-0.80652795892189677041,-0.79290040414183948769,-0.77802785686686437572,-0.76188771222255702309,-0.74459256050061184418,-0.72638347766750244183,-0.70742567882834561654
-0.81548447102521970375,-0.80088359755411853147,-0.78500706295563138504,-0.76778654669462542692,-0.74919450242867957623,-0.72937077159755958622,-0.70861710058696014691,-0.68713483399142882835
-0.80175949298956339373,-0.78823356018268986301,-0.77355079399856985223,-0.75765132061655759976,-0.74051531114124735655,-0.72228739019034293722,-0.70327111604869874117,-0.68366768150314949359
-0.79487859349305134415,-0.78436573971653389403,-0.77292737482977014185,-0.76052394430947201087,-0.74714917479088260865,-0.73293446027282094235,-0.71814263933098165804,-0.70294862702513682962
-0.83105327408178975013,-0.82286589020622469270,-0.81392958771459222866,-0.80421905409855654057,-0.79373621303085084566,-0.78259646082663503197,-0.77102223065551667158,-0.75916246613907845120
-0.90727158113052364108,-0.89859922217004872813,-0.88915723334501095554,-0.87891939012885789140,-0.86788692328852068414,-0.85617533294824110790,-0.84400820353305383570,-0.83153586093525766465
-0.97288641335368586383,-0.96109737305808740082,-0.94831904190857152503,-0.93451121911384504859,-0.91966811153758554198,-0.90392623367448898808,-0.88755830499400334421,-0.87074764803874549202
-0.96316354815625360164,-0.94799921110818674563,-0.93157268214121102812,-0.91382829746708882368,-0.89475332456140366233,-0.87451214021628931317,-0.85343940204096013780,-0.83175998233632641998
-0.82121200731768506653,-0.80424064184905375008,-0.78580142551870801881,-0.76583314728882001532,-0.74432293506772240210,-0.72145806729051897843,-0.69761704593092099813,-0.67305540117547113521
-0.58412380019765564043,-0.56685340841837383863,-0.54799791682817466931,-0.52749755634688799688,-0.50534352431738638334,-0.48173924114751920378,-0.45708880099141879771,-0.43166614269607189724
-0.39080860792443333773,-0.37574933938583776616,-0.35922005605595769273,-0.34117022712008437946,-0.32159761060209385297,-0.30070190676131991481,-0.27887204565891449137,-0.25637087139478803577
-0.36232089775225523320,-0.35417781992350971798,-0.34512078213852448449,-0.33512860102673408536,-0.32421424710636176370,-0.31253481173183528252,-0.30037993739626167589,-0.28794302283869216419
-0.50929481177707869310,-0.51220365298392045439,-0.51512087880762080783,-0.51807675821696630436,-0.52111084060359658121,-0.52430517651677222002,-0.52777497392222638695,-0.53159396523703816850
-0.69922981517391025186,-0.71301476304290645203,-0.72770079001744791825,-0.74337575435672198498,-0.76011093681694053004,-0.77791539237036677612,-0.79672773473134261835,-0.81650341274176518880
-0.76238516099395658987,-0.78111935263182719069,-0.80112214577412554917,-0.82251599783723750026,-0.84539390036226758074,-0.86973571541843819332,-0.89539869272668493050,-0.92228719792370295050
-0.65775220474907247770,-0.67220282906488515451,-0.68752074581757893768,-0.70381529588294766686,-0.72117542016324032161,-0.73961520948643377782,-0.75906180670722378512,-0.77947028783439031852
-0.47667842886009059722,-0.47974885298306219061,-0.48275273747952740511,-0.48574019916046795586,-0.48876759117131385324,-0.49192443396487101070,-0.49532005737597079031,-0.49903207463743987082
-0.32493265096677165227,-0.31497964288538499167,-0.30395237983555750683,-0.29182132221551460027,-0.27859439440372041341,-0.26443739186086356874,-0.24966197498825420942,-0.23447749209461540842
-0.22871470101326285551,-0.20878748639386390806,-0.18704406201161596912,-0.16338831227379296829,-0.13778508028170122213,-0.11044991240899203200,-0.08183956650205366501,-0.05225615427725471829
-0.16003913304769554204,-0.13511208634079269197,-0.10800325954781987703,-0.07858332412788725241,-0.04679395219299666009,-0.01286685942296404532,0.02268399970677165839,0.05951928161472917755
-0.11116079765808653534,-0.08546168720611599379,-0.05752263954208064467,-0.02721247096416841427,0.00553020947391678723,0.04048165063880162368,0.07714049949834676789,0.11517331350737750051
-0.09209108761973225366,-0.06805955024659654518,-0.04193833704174310117,-0.01361357919193255210,0.01696612595805306947,0.04959615523312640301,0.08382358670204285989,0.11934349292266920040
-0.11481310931081512017,-0.09247554701352682371,-0.06825961955413188675,-0.04206950408126391983,-0.01386544418690383897,0.01616216940367853905,0.04759984726489223383,0.08016699335487738332
-0.17103018770052311193,-0.14791519880920389607,-0.12298979161146766925,-0.09615965040136063846,-0.06738823189160123017,-0.03687519944095500601,-0.00505103606693074053,0.02779380269738392084
-0.20711451720239784646,-0.17973365515261874314,-0.15033108952858389995,-0.11879306693921370952,-0.08507548388552144125,-0.04941745766474198165,-0.01233739001702871541,0.02581891719490870402
-0.18197050501522354926,-0.14730829733744127408,-0.11010002419115975936,-0.07019479621224682109,-0.02753152051101158404,0.01758658511487425080,0.06449600540018786410,0.11275703021801218584
-0.10437744694007336510,-0.06170301378608548937,-0.01580170010658918725,0.03351847451167710989,0.08633773837463090683,0.14228254441916038386,0.20053159864119235456,0.26054080049362199345
0.00295349488269503911,0.05105635676011340690,0.10292679066472977534,0.15877965684024261672,0.21870390129701683390,0.28227560332689205502,0.34856750103410905073,0.41696212193651183142
0.09558567770186390811,0.14396127737798336543,0.19623137689718408994,0.25260050903102626574,0.31314800995813918405,0.37744091344494606899,0.44454700430906313180,0.51383976815026710661
0.10141079669735127144,0.14338577272568706067,0.18876941895837132113,0.23772120753338679688,0.29029426317804490898,0.34610429666838793406,0.40434372913475169486,0.46446371104454681200
-0.01767638206346294760,0.01303391686631415539,0.04618363068296213458,0.08187359550009394582,0.12012912423626868896,0.16066375966283730214,0.20289046738914415235,0.24640641050796310840
-0.22491774317886731316,-0.20496063205451608980,-0.18352779554072184975,-0.16055639911039729095,-0.13603163719970104428,-0.11013609872069554663,-0.08324440460742621450,-0.05561271582255896545
-0.42627668185455974692,-0.41137231117564626581,-0.39546363908105180984,-0.37848381416626519780,-0.36040357838448983108,-0.34134496446298173700,-0.32158179258917807264,-0.30129380503890551557
-0.53957799944394657654,-0.52253183098181377186,-0.50430793631128223442,-0.48479747584809662619,-0.46393907409458373658,-0.44185957142865339708,-0.41887796831524132246,-0.39519427352886615790
-0.56059029898282097815,-0.53948415264770011035,-0.51682515317032484692,-0.49246454098037573122,-0.46631620564689962860,-0.43854254047157736895,-0.40955883824925787273,-0.37962262674796615203
-0.53467682658241999505,-0.51512117764295972666,-0.49407781943207496056,-0.47140412287767097244,-0.44701972872145501192,-0.42109187598163971833,-0.39403844956969585889,-0.36611724317783889138
-0.50524034744489587645,-0.49434933906504407997,-0.48262527257278253767,-0.46997661548127450670,-0.45635403899042487064,-0.44187572485221610075,-0.42682935652624237610,-0.41138746526124475578
-0.49783203210649046300,-0.49926586395850897082,-0.50083426663371333198,-0.50251312304414530452,-0.50429018493975441562,-0.50619846575251803422,-0.50831854470558335279,-0.51068637945885519969
-0.50877785161571120742,-0.52164012780128721225,-0.53552001240347657518,-0.55045104641782260924,-0.56645013392362786320,-0.58346415608164270417,-0.60137307932418626599,-0.62008002030406927929
-0.52308937881215733512,-0.54255051852649593958,-0.56349521045872297265,-0.58598931722227032282,-0.61006544506808402240,-0.63561931869277132900,-0.66241268100363637217,-0.69027119616465781871
-0.52319394828300269662,-0.54292882676142062426,-0.56409084267795528422,-0.58675276717830326945,-0.61095241470887939883,-0.63658521123518718721,-0.66340499359707894023,-0.69123573578867258949
-0.47860566802985660129,-0.49232619690032669579,-0.50693431500943442192,-0.52248475245916681242,-0.53900975433495257327,-0.55645159861920456823,-0.57466018793708906198,-0.59352906893846990588
-0.37388717384233849383,-0.37684783053876275138,-0.37983897824352347294,-0.38287203978827916151,-0.38595921082930217949,-0.38911801729613415546,-0.39236670548187102536,-0.39571558596812322905
-0.23389059088534555619,-0.22558180569905181279,-0.21646663300940086061,-0.20650370931476505487,-0.19567695687450217812,-0.18407459341209575499,-0.17188445844206945434,-0.15923165820504991963
-0.10817131299621919605,-0.09261328285928357995,-0.07575606850156245409,-0.05752150462719679558,-0.03787219039601189691,-0.01693667211544939294,0.00499391585191810011,0.02772588102673869889
-0.03476286473800616755,-0.01801459857883786972,0.00005486175091542721,0.01952621289429552071,0.04043751740977758607,0.06265381215755039257,0.08586950301404223940,0.10988134281097963751
-0.01639366670709086968,-0.00326239107262601448,0.01086418174698426491,0.02603681461536202710,0.04227258940201217979,0.05945102907368264578,0.07731707483968239258,0.09569939513785567786
-0.02731201566630037103,-0.01859938881668739274,-0.00925348642385646208,0.00073802273521210719,0.01136443119550342197,0.02251898136528086153,0.03400358312757564144,0.04568174224436204189
-0.04125894927038438464,-0.03406089988639614957,-0.02635854444771593488,-0.01815746121161477059,-0.00948246567408199056,-0.00044001846308191968,0.00878766355934318573,0.01807256482706103007
-0.05686748668297082060,-0.04792186381274166768,-0.03835836373858087650,-0.02816683415072173541,-0.01736018747544759711,-0.00604743938351989373,0.00557076855528327881,0.01735586705923700818
-0.07608654233397391109,-0.06456388245701781547,-0.05226139819528070191,-0.03913193865410068834,-0.02515708813147996339,-0.01043441890641178676,0.00482276874870151990,0.02047314213647951145
-0.08965570680751155930,-0.07753879353246062589,-0.06462774625719415467,-0.05084392769183513489,-0.03613852184034049841,-0.02057964597368008158,-0.00435693438384212196,0.01241067787587806989
-0.11482466287307833974,-0.10558539207160717865,-0.09578747846035455538,-0.08534582015759337170,-0.07419860948851604576,-0.06237220675983151663,-0.04998915283699782025,-0.03711861026020953080
-0.18663882808419840487,-0.18307399810264288198,-0.17940186644807146199,-0.17555801166823520321,-0.17148861251895539115,-0.16717577587950416262,-0.16264709567719906613,-0.15790588523754786610
-0.31287186954059603705,-0.31528686837324598757,-0.31808289626069596867,-0.32122949112064969057,-0.32469322813785739257,-0.32842197670608302973,-0.33235457377727872785,-0.33643496075206041906
-0.45256914617701143877,-0.45783127579649690597,-0.46372437147533829283,-0.47024316646216696158,-0.47737298767388636200,-0.48505529167477900998,-0.49319639427036610080,-0.50172003033103163006
-0.52576586621876297833,-0.52823791052212343278,-0.53113151617972687024,-0.53444233558787546112,-0.53816329773723270424,-0.54227202551811759523,-0.54673732826843302046,-0.55152768616553671244
-0.49784168801457967524,-0.49350255594199043951,-0.48903271055779190535,-0.48440751580639967999,-0.47961572897420523542,-0.47469772254489867036,-0.46974908473487525518,-0.46482648166607276607
-0.42941430676104352937,-0.41896747154246954947,-0.40788607941686605418,-0.39612028204742283366,-0.38364826955706149425,-0.37055998566120873505,-0.35705896752443055941,-0.34327566803178571897
-0.40236712780257155586,-0.38968248267485300351,-0.37617802914949177717,-0.36178671464098699495,-0.34647526122125538173,-0.33034485227467419444,-0.31363341919036946681,-0.29649304604323739598
-0.44180019307686191343,-0.43121013921584971929,-0.41999012109131605985,-0.40807079439129900766,-0.39541174093352204899,-0.38208573607065199340,-0.36828354709730010130,-0.35412233672547599461
-0.49315887436836708391,-0.48800603743524140210,-0.48271407747475086891,-0.47723425636774879921,-0.47153275053971249742,-0.46563073699249091231,-0.45961202806903794782,-0.45352022400042812933
-0.46689755687019934838,-0.46878436708320275761,-0.47115289340742744217,-0.47400115532094139192,-0.47732279735806731891,-0.48108871642335987451,-0.48525534268282205508,-0.48978388059191241277
-0.32671742284522525823,-0.33469271599125266503,-0.34365923253533409154,-0.35367344694716867926,-0.36476993394039575191,-0.37689205038640227752,-0.38989774871134819101,-0.40368983374114325580
-0.12423631180696258214,-0.13385170835798060329,-0.14455537309299001936,-0.15644091786489694451,-0.16957444318344810918,-0.18391145830514063486,-0.19929826939286743315,-0.21563797718730290387
0.04591723353787498241,0.04092622562753851778,0.03530479155420621767,0.02897195009907065424,0.02186246268875953816,0.01397183970861573879,0.00535883616901023773,-0.00394689170168596726
0.14207561661897943894,0.14626365596101667532,0.15066062034190635943,0.15524463883574129985,0.15998572290843934840,0.16481804503204730561,0.16964388306821753805,0.17438993966895730003
0.19072761040753827277,0.20507375519757231608,0.22050904190499134860,0.23708518332583122801,0.25482080544144086742,0.27359909631979628664,0.29317094488951256359,0.31336546837294720902
0.19880197637473173700,0.21994472416751140176,0.24271070026012481202,0.26719923478102286518,0.29346208418305086418,0.32135844654613660021,0.35055632967782202059,0.38083113975454607747
0.15805893498235351613,0.17947827803458626938,0.20246590013597573487,0.22711689699175241497,0.25348153219851887741,0.28142900667413817128,0.31064756756940126170,0.34092420620185820423
0.07608843190742846374,0.09181676795775307875,0.10855813682444760693,0.12636036482309306872,0.14524279519517865888,0.16510920541360860070,0.18574762249495399558,0.20700809484057416943
-0.04884653157445640465,-0.04142418023559085727,-0.03373637857081600994,-0.02579283058009481516,-0.01761173794240920507,-0.00924660570160703611,-0.00078661523218475813,0.00769887462138339144
-0.19225897200098207573,-0.19165286519526095188,-0.19136836351760624919,-0.19145263305381837737,-0.19194720372330528746,-0.19287156325224089071,-0.19422419289786313490,-0.19601193156096402559
-0.29780269352603222499,-0.29995703556398145562,-0.30265641192757652966,-0.30595432068901462497,-0.30989421241793224659,-0.31447883894927924908,-0.31967234411174938469,-0.32545534087387689715
-0.31689524752346648340,-0.31837379117257319505,-0.32033153805934500014,-0.32281061633297192248,-0.32584458362426110822,-0.32943152290763200174,-0.33353704071705420064,-0.33814138706481633445
-0.22617460132005112738,-0.22540352219098053199,-0.22492534327867649835,-0.22477113404717116718,-0.22496583677655726530,-0.22550876230552463486,-0.22637673996111026820,-0.22755982750100722800
-0.08094728727347552666,-0.07735135821524896649,-0.07382847025001186558,-0.07040161264221142523,-0.06709084596613822116,-0.06390397785724563628,-0.06083929269880339330,-0.05790493648718231939
0.00698451499407476070,0.01395342866427365380,0.02109526855115394575,0.02840011553094068386,0.03585420042054660028,0.04342842910444377758,0.05107588370106287690,0.05875460100015372084
-0.03022898322488837275,-0.01913734764096944319,-0.00758477001603187224,0.00444189704545958422,0.01694012314989466403,0.02984470366303756256,0.04302491547044078740,0.05638545393716631882
-0.18040378934977260861,-0.16566132383667878103,-0.15020595192916610938,-0.13400120975957513503,-0.11703875200755638197,-0.09942257198169579535,-0.08137226927048335501,-0.06303811970137726539
-0.36329874829260550007,-0.34772144494010548410,-0.33138325871696100444,-0.31424098501922698157,-0.29628443354631311957,-0.27763528598095904565,-0.25855046887642701980,-0.23920224482173554903
-0.49030518323450400509,-0.47762379369024865472,-0.46441038055535360796,-0.45063586875721289848,-0.43629794950486194827,-0.42150089367503390525,-0.40645911130268796985,-0.39131586369447662888
-0.51606188417769494059,-0.50796282962720806786,-0.49967768518702643243,-0.49119881539849441499,-0.48253340602717159635,-0.47374681328796874880,-0.46496662821660622589,-0.45627875473260653960
-0.44256705773077825716,-0.43647766070415450201,-0.43033237125260093148,-0.42412796224680709978,-0.41787040777701484062,-0.41160075179850419413,-0.40539978617369454295,-0.39932208593310969391
-0.32154640409322199357,-0.31265023594415736197,-0.30343673231416234959,-0.29387973594785649079,-0.28396999514231907602,-0.27376405970825329339,-0.26338906457587074605,-0.25292883574291785687
-0.20406729367511391993,-0.19112255938055205950,-0.17748213792971173630,-0.16309520000484148405,-0.14793986397403519062,-0.13210910686700003125,-0.11581426500224742404,-0.09919413654126284230
-0.11001947833684665168,-0.09793718608787062296,-0.08515547612934995514,-0.07163473868137032463,-0.05736395988453774769,-0.04244716837348800481,-0.02710429174559705542,-0.01148168868456003397
-0.05522197011184693666,-0.05098742526313690404,-0.04661123103275655738,-0.04210758452239084931,-0.03750044977484465192,-0.03285479618944853186,-0.02827483335029551056,-0.02383400169136763724
-0.03773238815282705522,-0.04427133894618022480,-0.05149485980492901627,-0.05948079493896351461,-0.06828971659973910591,-0.07791491961365895613,-0.08827995331429773496,-0.09934092544031684902
-0.04819559314223859081,-0.06207645449806203919,-0.07723962797508709954,-0.09379525931395017724,-0.11181757518128031259,-0.13123725042835718280,-0.15184080510560435395,-0.17349212210381906307
-0.08401179959172061507,-0.09821924669219014858,-0.11375931917749804168,-0.13073044647476347868,-0.14919419399941488691,-0.16906302252844729317,-0.19010218884352650393,-0.21215808521691043032
-0.12725734724451501223,-0.13568269000213029063,-0.14497725240761202836,-0.15520435697209034043,-0.16640445508537257679,-0.17852498416153320115,-0.19142249887405901609,-0.20500316906966220554
-0.16862327249296141241,-0.16922619621499757070,-0.17003687492703595252,-0.17108885964844020022,-0.17241143465996464079,-0.17401771013716327285,-0.17590384491213759133,-0.17807240726458103963
-0.20235978247596422830,-0.19723644593748584919,-0.19181602076505102628,-0.18612147008828211492,-0.18018472735843488186,-0.17407766875310429211,-0.16790722736743934895,-0.16175538794631819095
-0.20216228154247253834,-0.19397090181110229756,-0.18522738860101917169,-0.17595349157137027407,-0.16618623494348516711,-0.15602972828919436932,-0.14564786726480308254,-0.13516476879761493701
-0.16552322719641884841,-0.15411947223965916098,-0.14196496022435595163,-0.12906596490408614453,-0.11544994513643351552,-0.10123475085167248089,-0.08662234082293392146,-0.07176249039836626875
-0.12455133424249174856,-0.10788399908381431092,-0.09015704205744444477,-0.07133841636883214710,-0.05142726291093534935,-0.03055102882552355320,-0.00896302356311094554,0.01315566040565584877
-0.10167660996892380343,-0.07920916875572296678,-0.05533164486818796524,-0.02997186963147191116,-0.00309936372547862590,0.02514806800107165577,0.05446295862543711064,0.08463029510844276293
-0.09846837338577410503,-0.07263898659664277946,-0.04518295418604436481,-0.01601303240015974211,0.01491159779453586805,0.04744482687708569124,0.08125123491922145447,0.11609545330334193614
-0.10833929036586900652,-0.08201941525473216421,-0.05400681467463916419,-0.02422376926701277217,0.00736137885025336773,0.04059333599749349181,0.07512952385450415160,0.11072554900797934585
-0.10958126063776495174,-0.08276397297759814642,-0.05414550982830943632,-0.02365518621022650800,0.00872914365614672547,0.04283078933733559801,0.07827691475434152280,0.11480027288169730726
-0.08246374639534626017,-0.05265481067563744511,-0.02074629303105663888,0.01334928293339730614,0.04966057291766512449,0.08797508378319432443,0.12784365056837809771,0.16894923456715102428
-0.04684835993624941741,-0.01183092767691261080,0.02572129457171443145,0.06593208426200748706,0.10885105414168363969,0.15422516971590460866,0.20150319115199732956,0.25030352296512975441
-0.02809430052455236596,0.01231447569055747239,0.05568158592768132631,0.10216620500275934436,0.15183912834133606040,0.20441175127531163724,0.25923996461185716544,0.31588283938668348938
-0.03182547359862081954,0.01172958163762502677,0.05850148959028803053,0.10866498309175412484,0.16229878195381819417,0.21909113136766203422,0.27834422543516473825,0.33958104156715418487
-0.07225443640865818196,-0.02982681269888051018,0.01576078431032707991,0.06467080151183714209,0.11697184436445752509,0.17234975366805038721,0.23011362412817168432,0.28978930560075039091
-0.15463665930218337130,-0.11855723948747703966,-0.07979326890003850259,-0.03821911710022165426,0.00621039339391455877,0.05321101261845762737,0.10217608482636685030,0.15268743855483882244
-0.26903288240384404251,-0.24349971858308891437,-0.21612615001154891758,-0.18683642309150561012,-0.15561230682688395599,-0.12267177541634524673,-0.08846315707316967925,-0.05329624318554228302
-0.39772042078215436023,-0.38385203713863152997,-0.36910962883515052724,-0.35346761518520808387,-0.33693136378102345185,-0.31963349515176314730,-0.30183091463855565850,-0.28370171401153621016
-0.49104783867757589855,-0.48630881155282673634,-0.48145341184538248402,-0.47649853784455437067,-0.47146945449135230222,-0.46642645227831025512,-0.46146401418057486632,-0.45665063826840118777
-0.50222242224606872263,-0.50214799960608769158,-0.50231072882692906489,-0.50276065823422033674,-0.50354286033996054073,-0.50468453639312838011,-0.50619326867613356757,-0.50808338149008025475
-0.44003869346187962641,-0.44122811348708379509,-0.44268351448251269664,-0.44448087011683312664,-0.44668673756972909761,-0.44933466527711918292,-0.45241955592047444767,-0.45595396607293403601
-0.35857436568519795994,-0.36031336892000920269,-0.36226854841946670716,-0.36453327715122241237,-0.36719135034490352210,-0.37029557217396563695,-0.37385799172382905287,-0.37790695508151450621
-0.32451929578193489112,-0.32855297766545243920,-0.33291020657358810775,-0.33769318533480652267,-0.34299221024839926519,-0.34885783165210848544,-0.35528967491344010110,-0.36230656485546036683
-0.37949875291986528980,-0.38791023577339506234,-0.39696427025486408224,-0.40676623664604877328,-0.41740153083092923492,-0.42888146916471614478,-0.44113430543026327380,-0.45412600142233428002
-0.50602451282312443936,-0.51741916519804476149,-0.52972210302821443051,-0.54302677976326862996,-0.55739926303830644727,-0.57279832787968765206,-0.58907133223966545721,-0.60612391725570113898
-0.63374557150953758633,-0.64218812038991712754,-0.65137512496726901468,-0.66135889969455197157,-0.67216911154249892046,-0.68374363391200632112,-0.69592980984805075106,-0.70862777195160142618
-0.70276621078592138581,-0.70124418194190052400,-0.69974713063085713927,-0.69825957666879479024,-0.69676500772711458254,-0.69523992229585351854,-0.69365854933318404907,-0.69200216709427142536
-0.70913949931281239358,-0.69354759245780062127,-0.67689875615104821982,-0.65909990700096576788,-0.64009059661930434171,-0.61993868952513730974,-0.59884543565498538076,-0.57694178421519959343
-0.67705144418190121858,-0.64854416112109591896,-0.61793726620818634210,-0.58507421968040618232,-0.54986389466946550275,-0.51247672499435170668,-0.47334765264494566006,-0.43276334913113695402
-0.63472322430268190985,-0.60072358345497689491,-0.56412614175326825094,-0.52475370503457785532,-0.48250882023515795360,-0.43761512421583165233,-0.39061732678093791238,-0.34187752796738585248
-0.59234231937833725645,-0.56369900890259916348,-0.53280114257688648838,-0.49950962652402275399,-0.46375120273221737133,-0.42571939211304987705,-0.38587196124195011215,-0.34451775742980600414
-0.52325597821557012779,-0.50728790183720862128,-0.48999603092441923469,-0.47132169152481823149,-0.45123886002049323762,-0.42985630039475258846,-0.40741284734031896209,-0.38407807611771299650
-0.42207727521436122498,-0.41857425459380614985,-0.41469173085578286964,-0.41045397932077881675,-0.40588533334391757590,-0.40101538999990249401,-0.39587212659349441113,-0.39049130403219189933
-0.34753978825551706811,-0.35071014032469777222,-0.35404464225442711101,-0.35761480530849143467,-0.36147558296929283017,-0.36562115263267536136,-0.36997703618403182668,-0.37451353342456605855
-0.37765756445615877857,-0.38032339498280598455,-0.38320185713324445009,-0.38635805780102927542,-0.38984367297410782438,-0.39366098093906659594,-0.39775685746851896507,-0.40211180838154964023
-0.53337618386796614711,-0.53033587313729657620,-0.52719540981555035319,-0.52396766548086515236,-0.52066877530331356905,-0.51732920543237903566,-0.51399281919703077026,-0.51069482162868340414
-0.74117846240963425331,-0.72984254455515795712,-0.71789145300604295663,-0.70526139110296404144,-0.69191410481215431805,-0.67791073516363975493,-0.66341757020869374095,-0.64853945129276635573
-0.88603329520058249358,-0.86641176173188272358,-0.84561519987761557537,-0.82350789955198988590,-0.80000026225176046335,-0.77518114319234954213,-0.74932902883253316162,-0.72261473032682110862
-0.89445380022701204137,-0.86987123319013637257,-0.84373973660231649241,-0.81588928072906374833,-0.78620659765723499568,-0.75479874679271929949,-0.72200581478842873473,-0.68803825478610824984
-0.78366420493465860364,-0.75945683619572190715,-0.73367817475453989129,-0.70617491479221827788,-0.67684720620589711171,-0.64580418538194250822,-0.61337396319866632766,-0.57976497311204122642
-0.65234330034808651888,-0.63264134355571222113,-0.61164606563367540648,-0.58925246824955712643,-0.56539602763453278289,-0.54017213588747770014,-0.51384160411372248323,-0.48657658958453453568
-0.60635912055859486625,-0.59178881124534576941,-0.57627948078243373953,-0.55976854933964936833,-0.54222115265224801739,-0.52371299052857267498,-0.50443293111113240990,-0.48451002954315225413
-0.66679130319024626505,-0.65503413879428606936,-0.64255367293563425690,-0.62929926868839991538,-0.61524315734540258038,-0.60044843322547758468,-0.58507175183537041274,-0.56921897717378122650
-0.74914935321401288082,-0.73779487105136909442,-0.72574983704752293878,-0.71295271269938387260,-0.69936701356643315997,-0.68505473267479444210,-0.67018041139954431795,-0.65485018252599214161
-0.76382247730065400138,-0.75330015787614124090,-0.74211558263413091030,-0.73020342914235147891,-0.71752428525820821648,-0.70414038674083079261,-0.69021968189537952210,-0.67586767580739459671
-0.68596686603210954569,-0.67963579193373924170,-0.67288920508312488611,-0.66569069157262183989,-0.65802094718429415821,-0.64992850784149491794,-0.64153116659957865053,-0.63290352281076589502
-0.54291343571765848797,-0.54400113540547179181,-0.54515491583508868256,-0.54639854829901757238,-0.54775401772692322577,-0.54923816830710503467,-0.55085958974099735741,-0.55262782311453650941
-0.40998267316601849641,-0.41895843260116560902,-0.42854063845117701392,-0.43881606484411300739,-0.44984852121287033366,-0.46161419453850222050,-0.47399461487225069689,-0.48692277497732727731
-0.35082048953275779546,-0.36390104322592514707,-0.37787789953297595824,-0.39286467098674143772,-0.40894118224011899443,-0.42605677336445396675,-0.44402223538187346463,-0.46272604041266046648
-0.35867989194292237976,-0.36851679643336804348,-0.37900049791837875368,-0.39021138119577813974,-0.40220573264449344109,-0.41494677280906194783,-0.42829858001200277196,-0.44218012972306802721
-0.37440933988040114855,-0.37443680707495247129,-0.37434283850717237074,-0.37413130104845571111,-0.37380964851168174690,-0.37340158158248282216,-0.37294347619811402117,-0.37246057031203755328
-0.32268590752070008820,-0.31121239422465918345,-0.29865963949964496882,-0.28496102322409072594,-0.27008437538253982080,-0.25413808952387989537,-0.23736684694493073722,-0.21993114927037490935
-0.17272957978202022056,-0.15336630729266567674,-0.13217690374846677304,-0.10907075974928402695,-0.08400992289540260005,-0.05717372301713861960,-0.02894924019119852338,0.00040133209241757198
0.03268467101478497727,0.05426928138925843359,0.07800467472082835141,0.10395801162458581657,0.13214349842509373611,0.16235177871043326991,0.19416670395567176000,0.22729249764706321857
0.20613603872940611250,0.22570971179175342014,0.24736849188713516678,0.27113761046560708179,0.29700090977332355147,0.32476143556211733987,0.35406326082672701094,0.38463730508800608732
0.25912809433480621379,0.27565081808940206098,0.29399315034329087659,0.31415400828674777678,0.33610299375309704573,0.35967716807190414086,0.38460286228565310207,0.41066080801661369870
0.15823595490065864300,0.17426208969000636650,0.19192477165288795993,0.21123428074324365755,0.23217319787481385807,0.25460121409508457146,0.27827199485919107413,0.30299030031499168958
-0.05207174765244976938,-0.03352676788715660411,-0.01333928677720284256,0.00854313640981359257,0.03213577569636660164,0.05729778342438594796,0.08374183908860145797,0.11125818066164007425
-0.27190790580577517410,-0.25090926070477165277,-0.22821960141769889741,-0.20374381019547854743,-0.17743421128271411047,-0.14943624578157718719,-0.12008506593657843065,-0.08960969657539949451
-0.39778816437593994548,-0.37672456109429214299,-0.35400600809152893422,-0.32951957447262736345,-0.30320200067852565162,-0.27518995775764409917,-0.24581962128326934058,-0.21531460891161188775
-0.37084948878644380388,-0.35067415664059575775,-0.32887008738235162797,-0.30533032873628301873,-0.27999381321795085986,-0.25298462893813328245,-0.22461090805656219738,-0.19507995159931168505
-0.19227908814025115869,-0.16993066650055144162,-0.14572827109457633932,-0.11957142316963245698,-0.09140633309448702171,-0.06136984575896386324,-0.02978536014580802568,0.00312164852088680491
0.04885094127600106417,0.07780214364276565042,0.10911507593989147602,0.14290115008529577501,0.17921386671761727061,0.21786865327681076421,0.25844968005676821621,0.30066198111329645037
0.20437238735565219083,0.24147825633778330356,0.28146897250388502876,0.32448323518319155401,0.37058449282684713388,0.41952787443548694712,0.47076699341359745654,0.52391772397092295499
0.18540145643869257452,0.22814327305059567408,0.27400948832876032002,0.32316731829293182665,0.37569430407850518128,0.43130347637379107262,0.48934682752902891600,0.54937739677616048706
0.01373734771896459837,0.05665173518213102027,0.10250245149397731181,0.15147064927454176320,0.20364429714249202008,0.25873608489779387209,0.31608166821404060087,0.37523246623610645445
-0.20392581798117945246,-0.16637591783993574412,-0.12641194993300369775,-0.08385685780765658737,-0.03861776103546653294,0.00906274963979950346,0.05859983104295297951,0.10960776186905500651
-0.33570455489157624562,-0.30635213567801444778,-0.27518962591274487295,-0.24205635974363517993,-0.20685924721529805326,-0.16977141596859882111,-0.13124196131926840758,-0.09155933904309516980
-0.34009741977058266515,-0.31837414767418847905,-0.29530851327081364399,-0.27075821652012455054,-0.24463206117149199903,-0.21703778999170955655,-0.18829250704328076571,-0.15859377383860714938
-0.28552007502885090595,-0.26974469436219888907,-0.25296005988014375054,-0.23504366196994547211,-0.21591107311927479340,-0.19562456031523436928,-0.17440264710185551800,-0.15237689656068945099
-0.24136917741892349731,-0.23144190161698632857,-0.22087316534863188355,-0.20957379972023021386,-0.19748004853055459162,-0.18462509263207874111,-0.17114647079432687704,-0.15712353251327898507
-0.22552468987754634155,-0.22237828559491962244,-0.21905921301779526789,-0.21552397530278355475,-0.21174046310284708183,-0.20771882366862903790,-0.20351605985964429935,-0.19916004649348592603
-0.20933279619199499089,-0.21301115620949828688,-0.21697797491090933808,-0.22123307341516629254,-0.22577413412764685274,-0.23058830064871260745,-0.23565401320855872136,-0.24094825532658348255
-0.14693783188077322310,-0.15500939934129576159,-0.16360205441117420255,-0.17274262201550680262,-0.18244733215477665356,-0.19268951689037899788,-0.20339851233025474375,-0.21452053688672040321
-0.03997012774435870081,-0.04795622105331563689,-0.05631578229348199044,-0.06507958313596209909,-0.07426860137967609965,-0.08386619110554920098,-0.09381350390015229246,-0.10406819965609692691
0.05749097795445354958,0.05330651045660252108,0.04917542464876000635,0.04507985887373350958,0.04100318448354371009,0.03692971994153953358,0.03285289506095201428,0.02876689094730897761
0.08844695861066015352,0.08945480231428920570,0.09098276825512727206,0.09303423276996133917,0.09560201357986718163,0.09863102649559495061,0.10202859092631420823,0.10572861403414790527
0.03776171643664761463,0.04270741348938510845,0.04843388834018025335,0.05496492643216805557,0.06230451329380282816,0.07037194459095907906,0.07901137535010338553,0.08811556599643965981
-0.03830083374767978555,-0.03268971544618095443,-0.02638382327387573528,-0.01935423278661834237,-0.01159277339211463656,-0.00317807371064781708,0.00573098502410566979,0.01502803904601025982
-0.05686048185438094538,-0.05349620569246316126,-0.04977561332852046411,-0.04568576560416194587,-0.04122674159897472823,-0.03645269557543573402,-0.03146836471381311839,-0.02634312699127830740
0.00091969091428189588,0.00188615117593053097,0.00290527702640791877,0.00396623529557826177,0.00505495631143717920,0.00614312983088746885,0.00719025370900415635,0.00816698961778422432
0.08524251289906262241,0.08715622704375976249,0.08916165722967284157,0.09124012900135433646,0.09337183067441982842,0.09553049146448767959,0.09768586402411337521,0.09981046254150185981
0.13729017593058648328,0.14477515382703354252,0.15281216531164221184,0.16140326095558077402,0.17053945974105030881,0.18016443029568937617,0.19017828220153168428,0.20050255915455478251
0.12094806937990125462,0.13718335486136723489,0.15468848505719479114,0.17351002986549149409,0.19366438241489838945,0.21504290131775655182,0.23741656770661939690,0.26061887961833718474
0.06172120853045563044,0.08783608319538303844,0.11600020905143443306,0.14631580657316872740,0.17883158305396767984,0.21337735720068620737,0.24956862194800841226,0.28713601437741193001
0.02271779004534888943,0.05723535668629282924,0.09443324199284520992,0.13446289471733871568,0.17740213312253666489,0.22302951046574595595,0.27082795389027813915,0.32044167946145013515
0.01092509226924745329,0.05010287385546845218,0.09227899484992704848,0.13763496426749391444,0.18626776477945039545,0.23793225871939246985,0.29204324155662553242,0.34820169648668464202
-0.00123278911227573686,0.03947882709905677079,0.08325489516796008571,0.13029198008565745504,0.18069883966742669723,0.23423024092097002868,0.29028692866781163895,0.34846297410587756538
-0.03412650833973742553,0.00739915330581202100,0.05199641183761247870,0.09987569925276465477,0.15115784070181501053,0.20560406969431518909,0.26261349526792721054,0.32178231266474499606
-0.10230581303454527875,-0.05988306981500501197,-0.01437292361288927157,0.03445317218149854255,0.08673111900933877516,0.14222693827429452873,0.20033141502109844123,0.26063990438882100875
-0.16709456603725730828,-0.12516983510038423577,-0.08023766206364282838,-0.03205828546134479456,0.01951476887309882766,0.07425731336722525555,0.13156663520530584299,0.19104753829987342062
-0.17186656633776165037,-0.13334884377905101283,-0.09209871001182313999,-0.04788770384027717097,-0.00057428719988095818,0.04963878555642876889,0.10219566798128698615,0.15673512971991301890
-0.11863276523265303686,-0.08644554857707434370,-0.05197432533817606531,-0.01502991201928606177,0.02450389649886796500,0.06645405828957832994,0.11035125288141575672,0.15589023693734119225
-0.05810052785348820276,-0.03363673088476462625,-0.00738993418236590961,0.02077239993108330463,0.05092752214553440682,0.08293192999125591214,0.11641854300700013591,0.15114486633173568331
-0.05109475383221998013,-0.03312982185811599867,-0.01376712950410416934,0.00707974102449570718,0.02945631224253768277,0.05324271414841616479,0.07815496703978232207,0.10400131909293083843
-0.10673382197110657665,-0.09262885985264791844,-0.07732909639857872552,-0.06076168445235815424,-0.04288728344147901134,-0.02380263342866836829,-0.00373815183227130731,0.01715058657685368179
-0.16613229424765230124,-0.15464729595516629734,-0.14211278270535618318,-0.12844820180173591173,-0.11360186085625950669,-0.09763787400013569651,-0.08073556619897351294,-0.06301205370212764612
-0.17265248304248934086,-0.16518678934180400231,-0.15694373635232475306,-0.14784596841513483745,-0.13783577360081003538,-0.12693262775227559525,-0.11523450244710684021,-0.10280116247139775565
-0.11791400008325977899,-0.11674681405502090881,-0.11523154479636998904,-0.11332379366471061199,-0.11098308257240398211,-0.10818329872994907059,-0.10491316389769289597,-0.10116159952349222662
-0.03290268430730804855,-0.03700314928301320916,-0.04107472820771231048,-0.04511808516423892329,-0.04912475765538797806,-0.05305082780908071394,-0.05681332661905195286,-0.06035962163614833065
0.03251097414614321363,0.02860370998196083356,0.02482121899237483761,0.02114339890185966062,0.01755823839639947953,0.01408191164144073811,0.01076705637619782691,0.00764031780216200065
0.03352589565864696336,0.03509476885066901281,0.03723595427178497813,0.03994788583167906137,0.04322327659159281438,0.04702595727813393967,0.05130137091075326339,0.05600273733901112161
-0.03093219161780027052,-0.02280333532188139750,-0.01364457066075061044,-0.00342257853035772205,0.00787530183002238190,0.02017329302138592614,0.03331664731338785518,0.04719277039458423528
-0.11399271198480874501,-0.10214796335023532126,-0.08908306648706412756,-0.07474006121794897484,-0.05908779938238871432,-0.04220655871034226930,-0.02428163743504553607,-0.00544448670546787260
-0.17298768810554157604,-0.16081326464241121887,-0.14749115167716619901,-0.13295704611136952011,-0.11717078401058121651,-0.10019103370605726699,-0.08217209970076828907,-0.06322402563192150438
-0.18978190461576568970,-0.17779587099166474506,-0.16474646784454269333,-0.15056803761532980279,-0.13521633170165181514,-0.11873375350840111031,-0.10124828225100127033,-0.08285197849052040875
-0.15657518112512003317,-0.14237856723136027570,-0.12699426401254063079,-0.11034452036956564347,-0.09237799039296848425,-0.07314954994709531311,-0.05282019647159337528,-0.03150298193831539001
-0.08710536651532738150,-0.06810448410624021787,-0.04758920146005556073,-0.02545846800869731169,-0.00165005465171537392,0.02374219373579986025,0.05046815650758825628,0.07835679205902046363
-0.01778719457224286343,0.00520014234541534785,0.02996094306097021875,0.05661253413399851969,0.08522340521953308823,0.11566558924168501843,0.14761437450944270289,0.18084957413695623707
0.01214123112958194473,0.03434740166979042414,0.05823334114374618259,0.08390481811063946194,0.11142160437990304700,0.14065809288598229987,0.17130326917237487239,0.20314447179817998745
-0.02890952892379172745,-0.01157466067298928113,0.00707255739435527601,0.02710357166318905567,0.04855693182844045969,0.07133767347514990975,0.09521838413633652853,0.12003880332399589903
-0.14425719784970369997,-0.13149408289942118855,-0.11771349845944865942,-0.10287226348255690267,-0.08694883630915888062,-0.07001091036791944056,-0.05221274166593086602,-0.03366845179701080659
-0.29300090989946242503,-0.28076415019296580011,-0.26747163930317024993,-0.25307677131047495722,-0.23755427267411413639,-0.22096718265779630164,-0.20346339318899789306,-0.18515250486838846777
-0.40745345998323223569,-0.39051211202506952436,-0.37210757252954462793,-0.35215068159032719697,-0.33058576679227352768,-0.30749315202415622439,-0.28308720544803073205,-0.25751804706348374596
-0.43547007367574463998,-0.41051403920428586325,-0.38350441538259311125,-0.35428513760478519412,-0.32275196699327690641,-0.28900758801989850921,-0.25336385501078440008,-0.21603002482644248494
-0.39059465741719151533,-0.35872050108491171372,-0.32434645728823718880,-0.28725838498116101905,-0.24730738556568637732,-0.20460206209649312026,-0.15951611320243250236,-0.11229519885507456556
-0.34270931873824872493,-0.30931329805948026834,-0.27339110063747579238,-0.23471179746983930614,-0.19310920759921021417,-0.14867041649773887757,-0.10174716854972941371,-0.05256937628137866442
-0.34237502175454509468,-0.31343221367427770430,-0.28233031565080324299,-0.24886648829031682295,-0.21288936248439313537,-0.17444736467283866732,-0.13380044207956853786,-0.09111987045886428549
-0.36503740812926949166,-0.34304384682165522946,-0.31934063470789003647,-0.29377166896063355850,-0.26621648468586939229,-0.23669269334669337801,-0.20536450531956720877,-0.17234329506646389740
-0.33351924246496528204,-0.31715542608745672659,-0.29934967021824476774,-0.27998336003662749327,-0.25896376932075382271,-0.23629988860472295187,-0.21210597373969652946,-0.18646315279184713654
-0.22337723168161077725,-0.21034855201848551287,-0.19597890768046036247,-0.18016599030895028011,-0.16283017330999899341,-0.14398254469198629169,-0.12372478715854276499,-0.10212965539194970854
-0.11857789654905766252,-0.10910043467031069198,-0.09849654204581462236,-0.08666806714012893764,-0.07353537814145406915,-0.05909219110568962596,-0.04340569434906133006,-0.02652101213075448369
-0.12027748882304115097,-0.11688575171292593657,-0.11289683756002480419,-0.10821999043502868176,-0.10277170720286220307,-0.09649337375699593156,-0.08935565758314002738,-0.08133081852979742732
-0.23273642560352339470,-0.23642414431866057289,-0.24017143443492613986,-0.24389967447194341177,-0.24752339372374687620,-0.25092149064610125286,-0.25394704769655396248,-0.25648459156947445159
-0.34605158769607463620,-0.35497054080271450704,-0.36441227187396163512,-0.37431438402240357899,-0.38459785618355951664,-0.39510698933798588106,-0.40562161122084217091,-0.41597211098709679922
-0.33003714711790299585,-0.34100269575503311392,-0.35261947911403540568,-0.36484886938021088287,-0.37763259811629323881,-0.39082541864943620702,-0.40420450995952889039,-0.41760077321074590140
-0.14769157230211887866,-0.15796322530892600855,-0.16875663257980558218,-0.18006388017156196857,-0.19185939893165607217,-0.20404316729552843257,-0.21644351620706372974,-0.22893425909178763411
0.12978805994678760394,0.12094079132237499363,0.11173108628267326703,0.10213125276539250508,0.09212926085908583473,0.08177447826919129192,0.07118192348693321014,0.06042872922435434807
0.38340518313979338183,0.37502549271651453022,0.36629589212748631111,0.35715457876694850503,0.34755692689997497169,0.33752239050634236239,0.32714319833810207028,0.31647209030208378611
0.51992509176764023504,0.51001232545838381949,0.49954474299554185723,0.48843057329042482984,0.47660174323379705941,0.46407939303751460924,0.45098356050790516791,0.43738058906208493459
0.51783595582579355909,0.50389976021077753643,0.48899583602655283254,0.47300026407561218678,0.45582490892053251219,0.43751970639459075718,0.41828145622539397719,0.39822557466384472802
0.43894019057184996413,0.42090055200832848792,0.40151154743652051060,0.38062198139069841618,0.35812816202302472091,0.33411194713069036766,0.30884869465548692169,0.28250481486970835387
0.39133697367408459833,0.37374883404127856590,0.35484066867177554983,0.33446109728918577142,0.31250678636190537540,0.28906203254229212440,0.26440669142371847622,0.23870865110298289391
0.41259958715869476942,0.40277499052987764117,0.39224717853116425337,0.38090767934014385654,0.36867908157804135660,0.35560326411344883590,0.34184920360053067112,0.32751029851923690872
0.43046510441187968432,0.43449062796098592010,0.43885653917233430343,0.44353831696892992431,0.44851046197224286871,0.45373915178619184108,0.45918796715796006414,0.46481636649108409864
0.34804708505281034547,0.36720819082347033735,0.38776264865235898771,0.40978735447785435975,0.43332184598960060695,0.45825426026706522764,0.48432192627707448818,0.51134164489480771199
0.12008466148177565636,0.14967293771347112141,0.18127217394133926520,0.21504378010979244285,0.25108527157385107653,0.28924088483925264326,0.32909467134179737346,0.37037337518504837020
-0.16816818056638105361,-0.13468299935732297445,-0.09904788560142065157,-0.06105223402563379753,-0.02056070048912893994,0.02226763158517382907,0.06696544858658985688,0.11323656323462824580
-0.34860034882245899412,-0.31403922447216131575,-0.27728123535054416404,-0.23809372796292357921,-0.19632305263167068587,-0.15212303582388184142,-0.10597165230070883235,-0.05816700655951766163
-0.35799358478463166877,-0.32270145119768600672,-0.28505435392605565914,-0.24481445682863692270,-0.20182410407062140179,-0.15623881213917964472,-0.10854226496827525106,-0.05903861039140498312
-0.27534891338859024401,-0.24069981328338996285,-0.20358084397060235982,-0.16376342230127849398,-0.12109527483779185253,-0.07572397818214363086,-0.02810835521335997358,0.02145758899078942586
-0.22601329606717623921,-0.19370530691449547311,-0.15898352125896869635,-0.12163366813523007748,-0.08150898385152442749,-0.03872842577270451531,0.00631399462346137266,0.05336204925523612558
-0.28125096211518135769,-0.25158608774354196402,-0.21969377678526688658,-0.18536580946513647739,-0.14845223133780488523,-0.10903068909245620943,-0.06741717220102474983,-0.02381672253294818756
-0.39862291933954968615,-0.36899747505933910841,-0.33722545223378375123,-0.30308288255668619504,-0.26640270433514612325,-0.22723730696297556042,-0.18587336615360663949,-0.14249212753697038103
-0.48143841378373336548,-0.44747270202258498939,-0.41112159823052063512,-0.37212138241265585448,-0.33027698712967618055,-0.28565734387531771521,-0.23861424356812865888,-0.18936543763408256180
-0.45767479540180228126,-0.41844324029689777822,-0.37645330298072493536,-0.33140446064303424878,-0.28308067106968376470,-0.23159254760017974895,-0.17739751816130883144,-0.12077856176747781003
-0.31769453639268963041,-0.27810405117591452395,-0.23567287502423878154,-0.19010138408116680764,-0.14117838395886941893,-0.08903634060143600371,-0.03416949809831410639,0.02311497827915951278
-0.12829303412671227980,-0.09657516965938447995,-0.06252172216518267489,-0.02588680630536477692,0.01350465046531442413,0.05555255734882212637,0.09986742256892915115,0.14620742897006022698
0.00512454194487808618,0.02175831032669515996,0.03965196860747132596,0.05895840888905087146,0.07979628158446394615,0.10215409119080494371,0.12587932184338976316,0.15088209215509754135
0.00555937544394782563,0.00515797183488046242,0.00474142689745492719,0.00436697136414457461,0.00409869956372993765,0.00403518576611154589,0.00429990404142767749,0.00498358949443515348
-0.08053405577916873670,-0.09359593336593731439,-0.10764400015286042234,-0.12268974236966433133,-0.13870810035744318700,-0.15552022682283947463,-0.17280274765087302868,-0.19033255939232862630
-0.08541386789847851824,-0.10286451240605458402,-0.12161793377869273280,-0.14172234326771820934,-0.16317939513494258974,-0.18579832998042830616,-0.20920278756657931241,-0.23313768731626680064
0.10449552384324409249,0.09025861505658874795,0.07503428663577990654,0.05875568595118648568,0.04139598020945530615,0.02308995677073128958,0.00413358547783792066,-0.01528139730217640928
0.40915570612824037067,0.40029631209891664012,0.39095106097004295176,0.38103161609718777525,0.37047974002871814081,0.35935277495689160743,0.34783175162547630421,0.33601743283409085672
0.60894467288855425036,0.60170541930160592603,0.59416377526807984122,0.58619846303700062773,0.57771729768631385760,0.56873474840378335227,0.55938677695198113504,0.54973199239874470656
0.56764522271677386733,0.55739024535794057247,0.54661239727056243343,0.53515981538886903124,0.52291773902949689745,0.50990869375851155532,0.49630953417748507883,0.48220196224975003796
0.36811190651902403470,0.35440976751453312499,0.33990884863557846440,0.32445035461413146427,0.30791933222301426376,0.29036648657380154104,0.27202360202699732428,0.25301247233207879717
0.18804369883600349778,0.17483514757031473619,0.16086307755728129765,0.14599053448191354199,0.13012086697110908373,0.11331075289486684798,0.09578317553771655002,0.07765993215213845557
0.14104201613765440793,0.13328594312171562764,0.12517652024398720489,0.11661494104031262797,0.10752828623645789563,0.09793990061012650128,0.08798111834330053782,0.07771616584533906635
0.20726170642153204926,0.20750406320558539841,0.20795495579619008297,0.20855496654860389283,0.20925176665840047874,0.21001385913135353634,0.21084170831682783054,0.21171312803479383491
0.26151605938475624979,0.26916289987204727874,0.27748511543772380605,0.28645855918362495007,0.29604987578621327904,0.30618168512710258744,0.31674210381293121941,0.32763494941109660985
0.20509741557450017480,0.21818138414924992396,0.23224001441074579311,0.24728559381316103649,0.26330966112298942461,0.28021544320634145242,0.29782372761558839613,0.31599703378160254319
0.02764530500242479150,0.04356631842203943089,0.06059696140387714480,0.07878533588871734772,0.09815293170447070281,0.11861247448112799407,0.13996898447233244167,0.16208033122567258588
-0.20698005496372903766,-0.19099979107924366928,-0.17393258600256894519,-0.15570666849819606026,-0.13627637452653840189,-0.11569996951587943612,-0.09414266780023364256,-0.07172154486188692113
-0.38452147859576835121,-0.37010614062381452793,-0.35472936561141671374,-0.33831215842103445901,-0.32079676258089406815,-0.30220798784811214732,-0.28265882591845792327,-0.26222894072449492997
-0.41781808360047251183,-0.40483228633701212607,-0.39100164146626226191,-0.37624840788499158695,-0.36051092608757184799,-0.34378849167312047763,-0.32614835598298874686,-0.30763946369850153628
-0.30578482789658945062,-0.29217132434859988122,-0.27766171129239125559,-0.26216997301169431278,-0.24562617378220180653,-0.22802073962489852188,-0.20941240139385058905,-0.18984439727041263479
-0.14052395999592642850,-0.12386835047002611732,-0.10604546086206137478,-0.08693997532537840744,-0.06645962527995288860,-0.04459954431244320811,-0.02145147073426596079,0.00292141442555772469
-0.03435459089451967096,-0.01399312694092806446,0.00791868167448153693,0.03153693663537112529,0.05698501674178565318,0.08426106189913304401,0.11322772306528436359,0.14379470911843911241
-0.00523525370933255584,0.01795745350284442751,0.04306055331999546903,0.07026357258237955761,0.09971612618110899107,0.13141401797813256902,0.16518912028963547711,0.20093204895897831541
-0.01165309385458100297,0.01271571794525926981,0.03921057594743482949,0.06803359489044175090,0.09934524073966168045,0.13314455199704625099,0.16926030921510701321,0.20757910733571696693
-0.04057868468623792441,-0.01641790471738023560,0.00990937423978342433,0.03859964649673266329,0.06980938664169558661,0.10353916642323458819,0.13962637114424455986,0.17796035625531725355
-0.10016002198910037291,-0.07741908095285926494,-0.05264396828181215626,-0.02565128857187071523,0.00370449582192764176,0.03542127652666519910,0.06934261369088158544,0.10536201402607967004
-0.20471551378395952403,-0.18645711997103475710,-0.16657095745674826981,-0.14489486742499871341,-0.12129821982854825657,-0.09577192037416429327,-0.06843586857314198912,-0.03936764083695815791
-0.33466567577665234934,-0.32524251389322589301,-0.31490792415989871111,-0.30353623715184741005,-0.29101828748657271317,-0.27730485721181219461,-0.26241529024874726828,-0.24635354613586130101
-0.40489896179947593158,-0.40721428457648761734,-0.40949050003195125447,-0.41165691555981381855,-0.41363613908425905796,-0.41531716861054429613,-0.41656365609662543426,-0.41727235418351360519
-0.36261394159826038086,-0.37630401183826700517,-0.39073944988405406864,-0.40591412331870102559,-0.42178975955725606095,-0.43819357302081057837,-0.45482390138369782617,-0.47146975348157044161
-0.26041885641221984571,-0.28168195281549079922,-0.30419535319693341568,-0.32800340967607904963,-0.35309958997921320201,-0.37926926039804598201,-0.40609246738498527840,-0.43328423361880358256
-0.17424591702350916700,-0.19754736963280616902,-0.22226664722841776856,-0.24846621127221490966,-0.27615119702643570188,-0.30509324439295837372,-0.33483271447708551349,-0.36506074244165320763
-0.13121938911518468696,-0.15188761908066095163,-0.17387392327211353971,-0.19722985821034819121,-0.22195435648753478186,-0.24783087522912972123,-0.27443142774585965737,-0.30146761382474662749
-0.10954664521501414343,-0.12624691207704202833,-0.14409534517595001812,-0.16312803445080212295,-0.18333644560723286188,-0.20452777795601612132,-0.22633104291671646280,-0.24849488448817999564
-0.06275208946023805301,-0.07799699039486447660,-0.09437521387213503032,-0.11193302784456612975,-0.13067362888822550704,-0.15042288493103397884,-0.17083500715245872326,-0.19167845355490870096
0.02803880835827316301,0.01020285187236897456,-0.00900035735782230527,-0.02966200218663453750,-0.05182160415180873253,-0.07530950797178616318,-0.09974909716761115597,-0.12489611672840764123
0.14543335328223663816,0.12328833651057567733,0.09943804104836424795,0.07373532147813254001,0.04609720797356279404,0.01669703685085978384,-0.01403345874707515907,-0.04582213620681182403
0.24534817323840951708,0.22183427962356519481,0.19647437525155819760,0.16909388471830683054,0.13958691853780019754,0.10812041660037124968,0.07513828029038886747,0.04091620526388364820
0.25994215573123768959,0.24032128898842777809,0.21904756642602321581,0.19596940246063260238,0.17099414686077063497,0.14426412048738901373,0.11615844946595976772,0.08691300833548148974
0.14988129553975149122,0.13735855296520779745,0.12355535241107248878,0.10837785894153791066,0.09177243766712155082,0.07384890268051932938,0.05487640578501048333,0.03502729355530388028
-0.06415033678608923762,-0.07058786518002302390,-0.07802821564953714428,-0.08650964761614735044,-0.09604661045999461633,-0.10655168350499893970,-0.11784641627432905497,-0.12980810402868050990
-0.29216411108001932861,-0.29569066933998305879,-0.30012949182606674103,-0.30548764001373335253,-0.31175651061592773994,-0.31885540460130040730,-0.32664702065828288280,-0.33502879100203553087
-0.40575515810196827182,-0.40756808293990604009,-0.41017379621942812173,-0.41356616187516187511,-0.41772808383415593880,-0.42258882065701064423,-0.42804019352246414076,-0.43399735261509081452
-0.34108248025616444421,-0.33995323731764248709,-0.33927147492501552595,-0.33902053836848977664,-0.33918034116986772730,-0.33970937891669916731,-0.34055777722515001571,-0.34168265847192946794
-0.14292653989337739118,-0.13745446134556452145,-0.13190397388042954252,-0.12624225842909639339,-0.12044414825068440467,-0.11451059960916856739,-0.10847686607282723548,-0.10236163299692761786
0.06561429590142996149,0.07519977484677750623,0.08535012546354441010,0.09611957281881726434,0.10754395183983349316,0.11958775045962570516,0.13213947207390724925,0.14512677876805860078
0.15572235776857479284,0.16689607779443613178,0.17883018990392504644,0.19160272841521994169,0.20526829467909118998,0.21979058355051606100,0.23503713691610944592,0.25092436840230364359
0.08431393420744456857,0.09485523482181816568,0.10607220200527955889,0.11807648995649601409,0.13095579611732099945,0.14470900409662074138,0.15923516921759744980,0.17448184599247709703
-0.08731691723252062165,-0.07699647651268079485,-0.06610374808807970015,-0.05447547932528181563,-0.04197476172472056066,-0.02855673614137624328,-0.01428850745074859187,0.00081530251419198376
-0.23763647239348914542,-0.22576140020418555832,-0.21324311102317902722,-0.19985811714236423331,-0.18541590714068037493,-0.16983884314549740902,-0.15319012260472192333,-0.13546735121228539733
-0.25732619304480475186,-0.24257071744115771272,-0.22691304693281708071,-0.21008323354339406008,-0.19185290879398420039,-0.17213841430746587569,-0.15103230065401657134,-0.12854441116128390021
-0.11861066168200129489,-0.10156141668455376248,-0.08331644766544367420,-0.06359327994903185566,-0.04215684445304593991,-0.01894149347023630497,0.00591978080370976663,0.03238813563105298610
0.11418992149379239565,0.13061683550469257997,0.14833843086675096989,0.16761405311790042449,0.18865702602272332866,0.21151312309234449049,0.23603711365467081040,0.26217457448097930550
0.32973072312331813682,0.34141015765526622205,0.35411833529773034668,0.36807021529744110566,0.38344518359729057311,0.40029399485900329925,0.41852019509856047685,0.43809586393527744086
0.44351996434461171681,0.44650944974564005241,0.44986870826576758065,0.45376016408538172309,0.45833030441609035055,0.46367524281164201883,0.46982342604271515318,0.47682875752232312117
0.44626185216569691505,0.43943708852692547895,0.43216815638202565886,0.42456901150642117893,0.41676132860480502584,0.40891276618050476088,0.40121790568868254123,0.39384261477628651482
0.37755696242621183956,0.36461427056530554269,0.35067479647614413496,0.33582190276429835230,0.32016343265379149097,0.30392198984963558761,0.28741358537153866015,0.27088530195383225818
0.27928146803180592395,0.26636451361099228174,0.25238394361284549605,0.23741493000338245722,0.22155993724661651734,0.20504757909121154591,0.18821063090706457999,0.17130505932118789136
0.18128716622792934166,0.17208131481056354595,0.16204284929743095756,0.15125083992851354187,0.13980470470435948926,0.12790106806468443112,0.11581271385649934136,0.10375230973233363907
0.09802395682869655125,0.09155151487263180066,0.08439540557615736460,0.07663486721361596754,0.06836342937436448719,0.05974659364399621808,0.05100164318473911218,0.04230232442329333320
0.05523849618927345606,0.04841320000441833027,0.04081424343365522289,0.03251130631685577449,0.02358890483455245921,0.01420557456033550575,0.00457365062311452381,-0.00513655860327054490
0.10558174675968230727,0.09677923828148508878,0.08701152050485377876,0.07633372356130294079,0.06482051826168679087,0.05263957443800373198,0.04003116352666740568,0.02718405393988541224
0.26404709875518189710,0.25420818776510983872,0.24332949975363707407,0.23145010645501684632,0.21863215179747111372,0.20504394311120985317,0.19094099766855227029,0.17651904724260150670
0.46242478685506488434,0.45350826344730776896,0.44368295178946176582,0.43296727458939954225,0.42140285506500080315,0.40913481429711817672,0.39639730373507769956,0.38336345380607972366
0.59330279863349688618,0.58571943702763040740,0.57742247624679887696,0.56840313076632364986,0.55867569290611529542,0.54835300694407884681,0.53763827618950987830,0.52667258271174999251
0.59276053148418850203,0.58528825549172691645,0.57719320648546446062,0.56844258204026776315,0.55902895342623015740,0.54904932137195538999,0.53870166455335655176,0.52811474501700783613
0.48020325421731913096,0.47189798905688590258,0.46293715696763415579,0.45328468307384578440,0.44293273033790653281,0.43198923499114483260,0.42067472955090151610,0.40913193789261725897
0.33207471657010800836,0.32328153785044505542,0.31376102342650008525,0.30350284070107719225,0.29252498524685860426,0.28096488529014868041,0.26907159402157676542,0.25701442679722125151
0.24623210461822389594,0.23900870649596880901,0.23112436217285217688,0.22261250535266421946,0.21352915788428233901,0.20403087681917111973,0.19436105979836484914,0.18469556942199619187
0.27596074734938313977,0.27309194685847570927,0.26989019962252935869,0.26642991897989537486,0.26279619631596479179,0.25912855705919130012,0.25560480435574139957,0.25236243185769619002
0.38433904834319659871,0.38721575579505429499,0.39026540908724705048,0.39358784914325956050,0.39727927803484669456,0.40143137685925872615,0.40611727074825587636,0.41140301109786836520
0.49275308472528112080,0.50069735089901379332,0.50930954198557865098,0.51870023270281417904,0.52896453075929761312,0.54014251192407503055,0.55220957235715217859,0.56516102391894740276
0.53499184115362385938,0.54589195760117537048,0.55778437173019668194,0.57078474678876112147,0.58498742753574861641,0.60040603551533811011,0.61696704829305148987,0.63462817218756328863
0.50260561812426751693,0.51510528601117933079,0.52877724372384993234,0.54374970089456642341,0.56012763499803652767,0.57792752996071139471,0.59707111291592263047,0.61751138995189913672
0.45870848994894181105,0.47400163284377411221,0.49069509723425908110,0.50894426106300927337,0.52887675196405548039,0.55051483859332661641,0.57376721709771061342,0.59857932015505443957
0.48001143049952177400,0.49985320579328623714,0.52144171291773466770,0.54496506111825460117,0.57057449766679235736,0.59828031107865053961,0.62794197973251708600,0.65947317810034278285
0.60913646756707617858,0.63382631091571162152,0.66064789352008945755,0.68981319196621360135,0.72148634086095020379,0.75564603231065541333,0.79207608035343357589,0.83063898044762862760
0.82952700011502134014,0.85729449571738280955,0.88745597935759357178,0.92022615367102611472,0.95576410659688959548,0.99401043850363923760,1.03468041286478995566,1.07758783119577961074
1.05461786445604333018,1.08071223853665610015,1.10908237735455639239,1.13991274788654428640,1.17333585256831485211,1.20927798949708642517,1.24745580599066352434,1.28767929340389897241
1.16422982608464709031,1.18335872315338264116,1.20418948275320336627,1.22685109103104905692,1.25143729527979918892,1.27790142535229334086,1.30605489084449732928,1.33576711690483507233
1.10234991669261161995,1.11273027362664445050,1.12405955312371874655,1.13641523451172821169,1.14985992650445023600,1.16439811306540685898,1.17997391477180091357,1.19654559747577682316
0.94384242047208366522,0.94770735516192516901,0.95195787426520406260,0.95664446515187295805,0.96181634781745173335,0.96752072714261738717,0.97379857294776772658,0.98067658053823103526
0.80246751921924053264,0.80330870093600825754,0.80429133437914857030,0.80545996408280429169,0.80686234392792122172,0.80856324735073292764,0.81063903156652550308,0.81314408731473530878
0.72312235138395275502,0.72230510277238524353,0.72151924486029839212,0.72080672643142618128,0.72021442281439429500,0.71981347594119071687,0.71969368682823431360,0.71992079418587573425
0.68409382272714713835,0.68077038542801027177,0.67728326775861025233,0.67366434133828223541,0.66995546470167877118,0.66624348084241247214,0.66265424348694257350,0.65927872667225206893
0.63835209774366397095,0.63150653153947011731,0.62415867159890847660,0.61632334521273401950,0.60803459872109821838,0.59940964573626209777,0.59064116959147860975,0.58186569404150745299
0.56443504816053813311,0.55339406611814889736,0.54141261927200434734,0.52848237205339021472,0.51462672122504615757,0.50000397464144952231,0.48489707334851639420,0.46950299354495350634
0.46979534312328524726,0.45402015362494768658,0.43684572273642380269,0.41823407171770032864,0.39819335790471471759,0.37692541540101714981,0.35481372144082706788,0.33212087762343495134
0.36544091768586511870,0.34388695948185576956,0.32046855187443595847,0.29510979234242656899,0.26779674649299695099,0.23877249008911660688,0.20852534365010741424,0.17738488521644973916
0.26043275416420186286,0.23158000440791984276,0.20034639123758854473,0.16661254266859287787,0.13033784984163634957,0.09180528827421199911,0.05161130477086271762,0.01015549796810056617
0.15538832948791703181,0.11877567712822104107,0.07921441601412111677,0.03654568657854011943,-0.00929553245823942602,-0.05799037279624483926,-0.10884526887411748175,-0.16139430841361640523
0.07339531344241570499,0.03088715973259004502,-0.01507705448238487456,-0.06468507365780337692,-0.11802098275532035832,-0.17474491811772699390,-0.23410288716213462079,-0.29558450852081613602
0.06742578122847552036,0.02372466000815178291,-0.02363577626864155415,-0.07485476417187236775,-0.13002772067061654782,-0.18882504385225409860,-0.25050282199754381196,-0.31455435812219711966
0.16090280169124426823,0.12227156964401095229,0.08027996221795538623,0.03474233889051248775,-0.01443517608755436575,-0.06697045740321086460,-0.12221586098367509532,-0.17972947477472989153
0.31122159249777442414,0.28212612723667485071,0.25039763223216837673,0.21588734448212920647,0.17851797663111299008,0.13850528851948704090,0.09634909794459811661,0.05238889385070146648
0.42707282678166957890,0.40735122982749161213,0.38580447475972051707,0.36232848606110107381,0.33687198293902964608,0.30960028758496233037,0.28088811269251451330,0.25098670363200825673
0.43741409327612884583,0.42321707356397852973,0.40775020718073057280,0.39094328052318183531,0.37276934979616138666,0.35337907148739805541,0.33309467671988618465,0.31212848310001634067
0.35463179385944776367,0.34300232166170074866,0.33040964494603131119,0.31680490145690726189,0.30217864812138151009,0.28668335136017658593,0.27062791539883251923,0.25421372213049453492
0.25305892320538275753,0.24442862566860887319,0.23510781489549043011,0.22506976023189440017,0.21432037043667559462,0.20300038208212986546,0.19137972824137336469,0.17963420537845489755
0.20031153315125890813,0.19689841423812184940,0.19316798586565009366,0.18912848868950124515,0.18480762019930241369,0.18031581841452223869,0.17583918057123687495,0.17150065743564288367
0.22653480954986035534,0.23030740484582112870,0.23425684439080390886,0.23844306481336835501,0.24292753750006385038,0.24778430720554098232,0.25308996379559334233,0.25889967438978156444
0.31128623286986772944,0.32155790532163625040,0.33245179324956802835,0.34408180670142973767,0.35654806625871432457,0.36990424503970603665,0.38414361331142959921,0.39927150196408811578
0.36565126833379374416,0.37697857107420718048,0.38895730685160845308,0.40172820391515912108,0.41541675862847149414,0.43009915055784492255,0.44578395919580254825,0.46249176456801788238
0.30902996637511093159,0.31339803256825754518,0.31782101643411636571,0.32241912112137605106,0.32731478967273219816,0.33265402969200508210,0.33858433375851820779,0.34522268329443500656
0.17342142261627216393,0.16519022881961353821,0.15598651225506185436,0.14586691930352826962,0.13492053069522169650,0.12338261434270363093,0.11161084790025282976,0.09986334651483713687
0.07253447121371460471,0.05173717096138029381,0.02897393908162626541,0.00422292282330474777,-0.02247594226083450553,-0.05081932636294110572,-0.08026300203092712193,-0.11042690206388672269
0.09767337044547280689,0.06981596365768856505,0.03945876259330059754,0.00652056152329749152,-0.02900210646718461363,-0.06678758204376332441,-0.10620804098382202740,-0.14683249438260045916
0.24474693571552649796,0.21709166222970838200,0.18697160506531135260,0.15428313996224590765,0.11899954505765908408,0.08141311191591386887,0.04212008534022523842,0.00152515022158388825
0.41635425260238484446,0.39372458979852109628,0.36902132403811932493,0.34215089218120370296,0.31308469993045107138,0.28206329904859467339,0.24958387176663704432,0.21598166680981964460
0.50545995833166679212,0.48751434140347138513,0.46783496938728313941,0.44634357404904773103,0.42301584778736611714,0.39805152562425333285,0.37186287022736042029,0.34472708755669501102
0.47822728254179019958,0.45923781441928701597,0.43839385575041733834,0.41560492382561659008,0.39083729786655285743,0.36429234313146791058,0.33639513397020620600,0.30743055305667216226
0.37315522806211792739,0.34600798300441359956,0.31632677107152579188,0.28397675032396807460,0.24889910663290029658,0.21134814657005615568,0.17187907336836455441,0.13086398239349916750
0.25066820624338670420,0.21239652118738472364,0.17067822024608950149,0.12532886407405499640,0.07626517511813624139,0.02381975094431897089,-0.03127343817493704464,-0.08851965047805164521
0.17581376315038027558,0.13095405811891105974,0.08209395405671723878,0.02903170949529534917,-0.02831988197501883117,-0.08957606305067711272,-0.15389771728060702705,-0.22071401651755703788
0.20206338148028071822,0.16067906880689078464,0.11554000117406862391,0.06647771479166669772,0.01342762822551129935,-0.04324413419939598935,-0.10276049421664561201,-0.16458644927962923221
0.32648531000912872635,0.29694911240098448291,0.26459242963665763337,0.22930751310149977140,0.19106063551597179950,0.15012790498837866315,0.10707662584714139342,0.06230289413306430713
0.46854663245152411433,0.45161264817735091714,0.43290600869289941333,0.41236444152944101704,0.38996863250447655336,0.36588076571827859995,0.34043079628546096815,0.31385181414909696374
0.51232311990632328769,0.50040664271607859792,0.48720367485266280472,0.47265389981768429761,0.45672681561497208147,0.43951664701558490478,0.42123443008707101010,0.40202763006411401658
0.41339741687523451352,0.39564465945657822932,0.37623064002910783232,0.35505367483657174210,0.33205439906829181673,0.30734649392772933618,0.28121197350457227682,0.25384235473320121423
0.24947032990405917929,0.21984928663178224251,0.18767710694264197469,0.15279638220681343586,0.11511941731806138445,0.07484233274686365178,0.03243984723578570428,-0.01176715269249735060
0.13926011790063363982,0.10070002473018123401,0.05886677529358763650,0.01357225543461513390,-0.03528046530734881697,-0.08741587825150157198,-0.14219444495614044777,-0.19918174215453998688
0.14429077247055002720,0.10686236565484476257,0.06618065004463175027,0.02207935715239028526,-0.02551826548486503879,-0.07632076563490208798,-0.12968070834954106840,-0.18515415969242354777
0.23324556676898500207,0.20790548690754265260,0.18018401544743731235,0.14998835765727358549,0.11728780132623527199,0.08231107304775749089,0.04553142098335161841,0.00727978135042456256
0.30674034366442443078,0.29796130218072819362,0.28805035029137171509,0.27700805239640030608,0.26485890141205514769,0.25173412216046281431,0.23785529916506634174,0.22338750405483542849
0.27589282221281596907,0.27975670468586122386,0.28346576112357457777,0.28709731559606621598,0.29072319225157744471,0.29440448263213198077,0.29817375521081368461,0.30207242508634490896
0.14161988079800874596,0.15001880515787360815,0.15862132141788121142,0.16754708893552250348,0.17689911705955480015,0.18672662293760650121,0.19700481274526698838,0.20774114550960121051
-0.01954887669744764453,-0.01408784741364659497,-0.00864945484256325441,-0.00310826063917511632,0.00265056873128906127,0.00871465135314039054,0.01512118201582237677,0.02192403764873578770
-0.14491892595051317216,-0.14696180449804291390,-0.14961244563191417045,-0.15277096870241635429,-0.15633097380584362601,-0.16014275587479509522,-0.16403865580594081952,-0.16787454017839695264
-0.22200972191130827205,-0.23392854613832075872,-0.24722665846907745935,-0.26185461802229087480,-0.27773306539952613559,-0.29464477417950635241,-0.31226053495168010210,-0.33032839575352029859
-0.25550123623408987905,-0.27855282580607637621,-0.30385376917051093448,-0.33142299852304890617,-0.36122233795464320227,-0.39296703666640009356,-0.42615071719571151476,-0.46040622621503796141
-0.23914971356734521235,-0.27148436471074333109,-0.30679516012670665637,-0.34516494018899479546,-0.38659635094668615141,-0.43075383047811816040,-0.47698686530186223953,-0.52483638984759495294
-0.17616702495950098406,-0.21137505967422720587,-0.24978135501981924005,-0.29149486124870571668,-0.33653745847031441008,-0.38456625284609891047,-0.43489527551215828582,-0.48704436698937964012
-0.09768858895699376876,-0.12837952577431799295,-0.16189421640563403382,-0.19832262436172168329,-0.23767957693760807802,-0.27966408314958896009,-0.32367954461432796309,-0.36930594417933942930
-0.02503934805500232161,-0.04800203231347233840,-0.07313296623542034358,-0.10048728773455975483,-0.13006447339262003360,-0.16162800942517421832,-0.19472328707882460841,-0.22902636174030990834
0.03448795678431344769,0.01594426340966241876,-0.00434706053137076751,-0.02642907870200373807,-0.05029944853526212983,-0.07576321066408156502,-0.10244748531906511246,-0.13008690491438115733
0.06109046528595741404,0.03922446090149407649,0.01542509849936967922,-0.01038072063294545253,-0.03821136808662711770,-0.06785703320232917835,-0.09889152174310519849,-0.13101929136550433119
0.05603138165741694543,0.02468370398174423580,-0.00928565239367240211,-0.04600693741738785814,-0.08553206474233897294,-0.12759076167827410053,-0.17160080162479748878,-0.21716630862032898497
0.06496079348539687826,0.02471695312516188764,-0.01880180443034041096,-0.06577356692664082516,-0.11627760978733286956,-0.16998899310307527544,-0.22618800817993836572,-0.28438802546973651619
0.12767903951506362481,0.08537138773321979734,0.03968102233361708864,-0.00958206847677033416,-0.06250680528020771676,-0.11876957588864425763,-0.17764207154042746528,-0.23863156215193184750
0.21912731600548601696,0.18214351528639113886,0.14226791782976061507,0.09933160694235301791,0.05325032337956715073,0.00428417362822930588,-0.04696685227304413235,-0.10009594032653597317
0.26209309513218093102,0.23214743171391077903,0.19994999516983558152,0.16535618118303341273,0.12828623376045575344,0.08892220439960162037,0.04770790386259084193,0.00494364524614920430
0.19938064935915328357,0.17118527268213570847,0.14094714450450693266,0.10852053571963614365,0.07381969901574711446,0.03699903989524769982,-0.00154381065027681661,-0.04154257388644500698
0.05660192545903711125,0.02335221498568830142,-0.01232859799448478288,-0.05061024064151994212,-0.09158888232665605977,-0.13506548690608360941,-0.18054344687765680466,-0.22769127624008411725
-0.05043385094583065220,-0.09012097043635705629,-0.13281311645876819894,-0.17869820916822701240,-0.22787274759517170408,-0.28006330799436346402,-0.33462854961482130234,-0.39113750707487460190
-0.01272951844136143915,-0.05334301107751550364,-0.09712894898659842069,-0.14426310467819772332,-0.19482559912136454550,-0.24850651848988750126,-0.30461267881606862717,-0.36267424716231511095
0.15357104452258835137,0.12036538312770968251,0.08452478569630812733,0.04591753565605915383,0.00449038045901358884,-0.03948818364653153973,-0.08543606262143220442,-0.13295559494698666603
0.31778130651364117076,0.29702827483072163917,0.27465954023590860578,0.25059850092908475538,0.22481667092214271952,0.19748319806977671087,0.16895968853642226448,0.13949440787506059425
0.33645806417764845264,0.32545034883340778764,0.31369273929969682113,0.30114332833803614253,0.28778472570379842743,0.27369898047261798091,0.25906727123966444282,0.24401230896310044383
0.17880411459924888673,0.16912820321868374251,0.15891112479239244415,0.14810934746304646459,0.13670170771323358894,0.12475576496796968173,0.11243064688538213780,0.09982959499230931177
-0.02096803631192249717,-0.03565636635245355429,-0.05121842689779873559,-0.06771797897433601277,-0.08518201391770310882,-0.10349054622885896226,-0.12237415578719351705,-0.14165783991960759214
-0.11262741322723265891,-0.13173749061451864306,-0.15207439787642620943,-0.17370851608183293657,-0.19666034047928812600,-0.22074842891859039473,-0.24559017400890073568,-0.27093324732137163968
-0.07483008835251855895,-0.09318162483537670293,-0.11277100301139753036,-0.13364457235431301263,-0.15579964285898265097,-0.17903199623376031546,-0.20294112504169553590,-0.22725755810835557291
0.02248802295453989838,0.00912693934049582309,-0.00518595183179218835,-0.02045367408122154840,-0.03664309066351243566,-0.05356856539616865198,-0.07090137520225889278,-0.08841315714134564963
0.07936907065083122215,0.07028741326038984161,0.06048346906923318667,0.04998627500609585661,0.03884904333343957433,0.02723121080117493070,0.01538606831726955192,0.00349735626479267007
0.02756505220925089747,0.01758158975641864463,0.00671597076335245149,-0.00500284140607987291,-0.01752095582186464356,-0.03067381976458068149,-0.04420077732539288984,-0.05790932258763890200
-0.11873893598247405035,-0.13551378428486240968,-0.15377337251538436558,-0.17351918758393200526,-0.19471204349357432162,-0.21713723477612295598,-0.24042141295743063578,-0.26429416456087517773
-0.29614297415620416398,-0.32309565563639525143,-0.35238524149771210947,-0.38405844167393043964,-0.41809666954369512082,-0.45420492664765715896,-0.49183142084566927599,-0.53058431593564503448
-0.40479187079089928858,-0.44070935470401417788,-0.47969190994353760882,-0.52182501996580032966,-0.56710675842532698443,-0.61516830470635175399,-0.66529578008532397337,-0.71698766654795709208
-0.35784228709408261171,-0.39732027746764519982,-0.44011107124971043936,-0.48631851539326353961,-0.53594980304650108316,-0.58860816251223613271,-0.64351442520381818557,-0.70012475057395562317
-0.19033448588629553466,-0.22825122397097313831,-0.26926548021184448789,-0.31348424645206096617,-0.36092125542765479684,-0.41120217101368139456,-0.46358269197086054980,-0.51754686161884377871
-0.03303649062788992230,-0.06872408852818426284,-0.10721787425100072488,-0.14863203261878735195,-0.19299305820787210353,-0.23996516693328534542,-0.28886322760790189568,-0.33921709791283166657
-0.00670759816984031580,-0.04424745442530481077,-0.08465595566939707051,-0.12807540286258184414,-0.17455670742350196112,-0.22377650868435977616,-0.27504573791125119797,-0.32789693597845054329
-0.13961308958399290536,-0.18425265296553292038,-0.23230220699684914210,-0.28395205338338969092,-0.33928517390274420817,-0.39794738857117811781,-0.45915414476269345023,-0.52237645589154246828
-0.33873486728358348508,-0.39131916880088668531,-0.44797158459464114788,-0.50892533361099190348,-0.57428867292055474358,-0.64366134426001442304,-0.71614194491085336747,-0.79112238341800900088
-0.47479587224928559985,-0.52993412241759429993,-0.58937582529850707225,-0.65336113997176792356,-0.72200109838498338632,-0.79488046447841331776,-0.87106648044612478010,-0.94992673767041924116
-0.45510382860547637929,-0.50437842959652301467,-0.55748626144819635186,-0.61463024337228744365,-0.67590013239024582248,-0.74092340729555006273,-0.80887415381707872264,-0.87918852537189196017
-0.27090376142340161225,-0.30786706532264956904,-0.34763447514763978763,-0.39034739016953534652,-0.43606426191777059032,-0.48450430876164674032,-0.53505404287371027827,-0.58729240607354848969
-0.04651030993538265990,-0.07235599793297882443,-0.10005879756697821925,-0.12971358784057507307,-0.16135819658329481063,-0.19479781999031323125,-0.22960800267086628468,-0.26549804868702164828
0.06838753254459463415,0.04456064055781097655,0.01906789840839099096,-0.00818658153468355097,-0.03724493379162660545,-0.06793151618275675152,-0.09985373488275026133,-0.13274634227860557245
0.02153543381743833196,-0.00940997959565968711,-0.04260250545740099093,-0.07817752810246207662,-0.11619846393170246701,-0.15643736043896605548,-0.19837637186482445784,-0.24166772306512049329
-0.15341403753695517787,-0.19363937569235936675,-0.23689591791392772269,-0.28335837273643138534,-0.33310702371470424232,-0.38583851461680834793,-0.44087023950323062094,-0.49774177416197273871
-0.34413407409075591481,-0.38702382289726672271,-0.43319549966766274229,-0.48282687215797642777,-0.53599499964336883018,-0.59236632002216149662,-0.65120355354079983989,-0.71200657590286853260
-0.41481062883060715318,-0.44896933602395916463,-0.48569755369214590024,-0.52512606006821194171,-0.56730565334014126933,-0.61196035271800719446,-0.65849359207763080715,-0.70649926370217408511
-0.32626338095915813353,-0.34499992766069870198,-0.36500354612185298420,-0.38633459216750443144,-0.40900949735385500050,-0.43286555309159718830,-0.45756324933563979895,-0.48287226672045596709
-0.15915835898579153151,-0.16616376784757388996,-0.17341953632061177237,-0.18093832003687909671,-0.18871531035276523092,-0.19667581257811039830,-0.20467346552324772180,-0.21261256607262887797
-0.03503250733779848108,-0.04083773699277352953,-0.04674849637098774102,-0.05277530302866195733,-0.05891247791391816813,-0.06509046350623967636,-0.07117269895300487592,-0.07707306884458096918
-0.01297006411576458358,-0.02625216203990823546,-0.04023157857930659970,-0.05494790602470892710,-0.07040579848668526708,-0.08646915244897658559,-0.10286007030926920536,-0.11939668944524582661
-0.07416358524226930593,-0.09503591601770054742,-0.11723499355493173513,-0.14082230878146462238,-0.16580650424378540198,-0.19198085976367601502,-0.21892584544506943356,-0.24636060368954756927
-0.19332903070670215406,-0.21500626788998097871,-0.23811094982380054397,-0.26268959404938935220,-0.28873543994214484476,-0.31602224030675002409,-0.34411012834035958896,-0.37269872494418654352
-0.35180272284748020928,-0.36753657047313348372,-0.38427286499498297667,-0.40200819550183503059,-0.42070260093492939379,-0.44016186633520426597,-0.46004622011579393570,-0.48011518997562030453
-0.51892433832577944397,-0.52765069527007635308,-0.53686818647154432860,-0.54651804982870788585,-0.55652477022525947969,-0.56673629550569071256,-0.57693533901957250176,-0.58695596861149490486
-0.63893934118488859841,-0.64578204685900419957,-0.65299400333643686789,-0.66049185991992365174,-0.66818257383989554388,-0.67592338532461770928,-0.68353522662110366426,-0.69087210324632719605
-0.62298614084643311184,-0.63351323715148222249,-0.64471079703878442224,-0.65651388863971371634,-0.66883994263206170139,-0.68152442114520583871,-0.69433459666141905675,-0.70708774735987922622
-0.43261471737794848780,-0.44774352125033051175,-0.46390299148983399347,-0.48107042123053850302,-0.49919345941246079379,-0.51809118814695387378,-0.53746561181213825531,-0.55709523863053023174
-0.14894768324688292815,-0.16522574917572216413,-0.18261969510559838969,-0.20114292830092714293,-0.22077454125834253262,-0.24134935076768160300,-0.26256526838086169384,-0.28420604376824498694
0.08587281006695242358,0.07263125706594766862,0.05851622072921144890,0.04350301037582370717,0.02759546004286352050,0.01091543633811214997,-0.00630058183440351631,-0.02388699605465558623
0.15435010314700053913,0.14511471251043536745,0.13532042561238630252,0.12495469102511551351,0.11402363063634279872,0.10261065024425884695,0.09087456072091641690,0.07892754354188286081
0.04303297424079030598,0.03566103058048292890,0.02786131485481014095,0.01964562166950209465,0.01103756866350474874,0.00211197583501515889,-0.00700892380996736425,-0.01623216732515215741
-0.12266574438311621253,-0.12999425750786580691,-0.13777456031362997346,-0.14596829676816122645,-0.15452856441278547961,-0.16336755237595024237,-0.17236415095478432868,-0.18141768274099956404
-0.18394548304964594698,-0.19038536064550534710,-0.19723528867575623735,-0.20443495490129989789,-0.21191927378054983833,-0.21959540740063718256,-0.22735312186040176896,-0.23509349594787093407
-0.09223923751580263841,-0.09523354470796911719,-0.09839974411456370307,-0.10166359158910931448,-0.10495322720324984367,-0.10819794827976660090,-0.11133862719012863063,-0.11431127392205300830
0.07509481005449591962,0.07629732804932803925,0.07761729344732763713,0.07913319194526476086,0.08091397374725715907,0.08299726366112809839,0.08538044293432098253,0.08808147913754391101
0.21036140777011558267,0.21340270963252327974,0.21666476004114854081,0.22022199822331292585,0.22413747558754382183,0.22843455861554223807,0.23308885038210880314,0.23810002090306128797
0.26927241768933690702,0.27095738030009675068,0.27272038235548673457,0.27462812097346600559,0.27673997045024906205,0.27909239689335518797,0.28169006245629790719,0.28455205690044022004
0.28833510853940536034,0.28768296489152023199,0.28689561688458597999,0.28603627130103770337,0.28516569120034412910,0.28434265492875204773,0.28361321968218061729,0.28302703685030161651
0.32920955354575370810,0.32911948339325380886,0.32890565452069026042,0.32864466039691070387,0.32840786098244884039,0.32825477623433974017,0.32822047058889636251,0.32835122902006363965
0.40509618105357680928,0.41037531149720180013,0.41590441974510755641,0.42179692824339071189,0.42814667074092249699,0.43497906821956078272,0.44223683293444937537,0.44990874967977972920
0.46251052324896174683,0.47595557930856463580,0.49023676760471163183,0.50551669247369501736,0.52191775736215184622,0.53941196535583046945,0.55780519434156738967,0.57699850107416139622
0.45691213466233648877,0.47785993568150136879,0.50019238885455674648,0.52411184696312962394,0.54976235054044675366,0.57706489370097968639,0.60570122947173477002,0.63549091997561713008
0.41616061889699956788,0.44220006853897186883,0.47001509916318484628,0.49982297628922245369,0.53177167309064721223,0.56574068488579987157,0.60132641136347741995,0.63828845498091735244
0.39908580824309164425,0.42767836232420802789,0.45826186530832679900,0.49104053466420188867,0.52614574442662731535,0.56342321247767046533,0.60242220761765885584,0.64286318009455767353
0.43695049921539136362,0.46539964551397644543,0.49582738819091870530,0.52840368321808628416,0.56322930525873549090,0.60013079463211504994,0.63865395516638645557,0.67850741597733010835
0.51107030004062647954,0.53696335041059128912,0.56459032544804643727,0.59408184591500057259,0.62550857308867813256,0.65870207928022017629,0.69325061983221569761,0.72888425875114704056
0.55853313825846062635,0.58073348869314866949,0.60430378915460214451,0.62934863829409093405,0.65592342271342107818,0.68388805883331682534,0.71290179034329348440,0.74274074936340817032
0.52729677670272212531,0.54672422753164562348,0.56722761559875789494,0.58891147312663372215,0.61183794691188042592,0.63590366696978117833,0.66083077750269614281,0.68644191534884591022
0.42885362343508715011,0.44854694817415624586,0.46928209883260174617,0.49119019085857512641,0.51435812258939628272,0.53870308241379571967,0.56395904617525338676,0.58996400188824205113
0.32529772054480565746,0.34790424033244254920,0.37175602983507755050,0.39702161296376897726,0.42381677445745397081,0.45205570342268336370,0.48143416915528092215,0.51177116419728763130
0.26705363844865287470,0.29206552847740274714,0.31850723938820446612,0.34657426423830783868,0.37640211075184598633,0.40789690679071960444,0.44071676893875755265,0.47465987357749783726
0.25486503924549869238,0.27853696917269998856,0.30354182015433733843,0.33007636027687997649,0.35827870068739481324,0.38806360882577184412,0.41910310346846119112,0.45120750188969144245
0.25965972741534087964,0.27661562919631732527,0.29439310960175907317,0.31315859911249355196,0.33303362098074057451,0.35397206793752822307,0.37574051095496951991,0.39821443621082441844
0.26091378853988078657,0.26746683733602305555,0.27404551226067297431,0.28076480189955632660,0.28771736117404267397,0.29491930800986093653,0.30229043207712175123,0.30980991757821857435
0.27895155340302230096,0.27678968375887275100,0.27400374076643385646,0.27066195267765541521,0.26682917509672299250,0.26256965926183079008,0.25792803909071471136,0.25296683446333917411
0.34408997717192735255,0.34022378452390528158,0.33564886907882118816,0.33041743148358426740,0.32458104719996688781,0.31820038338696071678,0.31132835210613257759,0.30403127184714584530
0.43780812235151689293,0.44044176904154164198,0.44292176456767473613,0.44532422409722022261,0.44770801265047410755,0.45007229829697492640,0.45234256794751109831,0.45449792834583341294
0.50175562860028122270,0.51491795752274593934,0.52877383611982697875,0.54344730382925743317,0.55901889412029637239,0.57540234420047409181,0.59233276429654857509,0.60966132036097764324
0.46121275996168786815,0.48120710907572317172,0.50240710369810182012,0.52497659739250679412,0.54901854742017475175,0.57439951862408111793,0.60073730434592165217,0.62780713220429806842
0.29252971124104265588,0.31057094981333005501,0.32958992300239947637,0.34975859045559887228,0.37119171136673456690,0.39378530152485768934,0.41720020253768125285,0.44124653298194088658
0.08854372089861381467,0.09848247283316236000,0.10866430089699599670,0.11924194568020908547,0.13032948823287052176,0.14190066649420041145,0.15376689661932513298,0.16584620436504851626
-0.02480658143785440667,-0.02154242792891435457,-0.01865015252566977477,-0.01599743756578968917,-0.01347540188510770905,-0.01105150625379297015,-0.00879560672305221281,-0.00670507928899343689
0.01087571247119734248,0.01516937423652811763,0.01911113639721552168,0.02283823614861456297,0.02646146052667139661,0.03000368525540449485,0.03337286314129433301,0.03655842528805852004
0.14550719313210316863,0.15901328947848766826,0.17285447340840640051,0.18720596380826687311,0.20219487395328700208,0.21777228819322022590,0.23368742022571309391,0.24982238379051530108
0.25585423203576740381,0.28169195209912550881,0.30878943520625712349,0.33737785831432348660,0.36761319311256707154,0.39936565306817201071,0.43219441314439460688,0.46585260665629957266
0.27649426225427953252,0.31247001271446195325,0.35044126209271736494,0.39069229394265941879,0.43341262680638553695,0.47842799625392862239,0.52517351094126707434,0.57331791286198752200
0.22768440489331684407,0.26935661924417814150,0.31340649285659621937,0.36015608798333326179,0.40982453018505943243,0.46223609083448446988,0.51679016409097122686,0.57313119533393386273
0.15983693561341896783,0.20346329469754445562,0.24956967240302618816,0.29849737064360426508,0.35048349316018651001,0.40536696524328591495,0.46255564852870095782,0.52170038400954421576
0.13916476787849263452,0.18394876349296870877,0.23129667252604635408,0.28155700175051134870,0.33497090412285351890,0.39136881021528346913,0.45013736075716093143,0.51091393532557949353
0.20778598977634182843,0.25498551261268503909,0.30498899975888149605,0.35814534032335038072,0.41468737450234866015,0.47440005742711177650,0.53659082759801257634,0.60084257891233561200
0.34564049710230404511,0.39424717065044906361,0.44586375059009480948,0.50081982165991167921,0.55932354201838108132,0.62110940979005269114,0.68541484977073763307,0.75176966974399039856
0.49345402266376914291,0.53837924238435830304,0.58614561892723682224,0.63702886588606455476,0.69119346824939420504,0.74836645368247578514,0.80782097485198178788,0.86909955297297103449
0.61216264175497248079,0.64801409068862403373,0.68612317658782662200,0.72668943528571516843,0.76982685571783437961,0.81531141105522264567,0.86257019382035349242,0.91123645017543808411
0.68807962436751379798,0.71332970490346014891,0.74013007338027547721,0.76861623062045603128,0.79886633995340405878,0.83073235067358219830,0.86383177696699153802,0.89791808985954235656
0.69599065975112317517,0.71406774508897230547,0.73322572843303457368,0.75358004397006661534,0.77520438319499240798,0.79800995419396258956,0.82173644728323536057,0.84622146501129202889
0.61537365907751562233,0.63252318805038387772,0.65071233811597362084,0.67008357626835968190,0.69073411473924628545,0.71258721230609423092,0.73538007298990082372,0.75895877459301763768
0.45854513747685443636,0.47858224554088973912,0.49985749981138749565,0.52255217465593373216,0.54678902324568412485,0.57246569939514690972,0.59923994407726421940,0.62691501865169785290
0.30019559510125798374,0.32188687832177809156,0.34490230955322703776,0.36943300269237605571,0.39560459981898232762,0.42328996048374056826,0.45209396795869372099,0.48178793387679819116
0.24773137264161054771,0.26790022478640351800,0.28928234513398454197,0.31204239000897454615,0.33628456618355556662,0.36187856905807780361,0.38844695478155971680,0.41576764983411362842
0.33237516857347898513,0.34941776660887491346,0.36752930572986020064,0.38683602930506472140,0.40741452996591404068,0.42914724721314806422,0.45171427300020722262,0.47492260046779183336
0.48715034258977546466,0.50168557177769268485,0.51723570524801842918,0.53390391118519964220,0.55175247023313023220,0.57068247872392219300,0.59042923825706672414,0.61082937478512022711
0.59310460432696876509,0.60661124951100164893,0.62112537384108734706,0.63675059103134201699,0.65355368237291999733,0.67145658015265752283,0.69023196227652727774,0.70973994188757039137
0.55006490576878330767,0.56315319259080010017,0.57714590556287881373,0.59215938507625698328,0.60827515415841015844,0.62544047098247546046,0.64346015930568212227,0.66221979289093446663
0.36662407881416408939,0.37891238388224229849,0.39185087714570937534,0.40556407009311890022,0.42014473242855732149,0.43556727369475889411,0.45167380496290809866,0.46838072715389050815
0.15021617974198622769,0.16211662200128773570,0.17443546015431765639,0.18729441021035825310,0.20078547987645839479,0.21489270449726197154,0.22947421318036206883,0.24446047338228327206
0.02543176273968078549,0.03891587138665119489,0.05284562437012583352,0.06733385088749052616,0.08246033386894648098,0.09818265173569588888,0.11431889184207304211,0.13077091698354756377
0.04064494635902195230,0.05700996804348355818,0.07407266321408287335,0.09193389031125559496,0.11065471463549124420,0.13014359302511177563,0.15014367750675292057,0.17050042567959317052
0.11866900136828147094,0.13592109578741018439,0.15400515440157505620,0.17300391209617116406,0.19295918363073952251,0.21375256138346093726,0.23509717371682375964,0.25681148100027023640
0.15564150229530121505,0.16889034236132771660,0.18265542709714069347,0.19699048119220108344,0.21192076081368471652,0.22736093470633989000,0.24310727483064650811,0.25902989317141561498
0.13361596373201120591,0.13954716494959273909,0.14532313980633945749,0.15096243396873534892,0.15647728882514991278,0.16186056506384718934,0.16707438717987443955,0.17209883155685817835
0.11552036005283719544,0.11673258714118669999,0.11729627856685048704,0.11720737522433999356,0.11647168671304475307,0.11514283537925741607,0.11330708862580608776,0.11102691903179399968
0.18124726341468400115,0.18528262187359303970,0.18884964627270048321,0.19195252298022472126,0.19460150692039643316,0.19683926263833820269,0.19872544192596389157,0.20030228993206222743
0.31669139851582878142,0.33117766393239639333,0.34610128678491242082,0.36151151595981079190,0.37743819857883631474,0.39383874216526265633,0.41058633707713021455,0.42759556747845756108
0.40229659367680881132,0.42912151298749229289,0.45750863345899028811,0.48756949934290577664,0.51936346776305419848,0.55274289465094539331,0.58734589953997695666,0.62292903142650113413
0.37473794952380862222,0.40802901240410555106,0.44352947235800355141,0.48138889670033002677,0.52168582458832579718,0.56421439609480872335,0.60848013149262125676,0.65415155376399169995
0.30114464499925186480,0.33283840995077168534,0.36668969330479522784,0.40284027066192817923,0.44136341253114869110,0.48205731451528816001,0.52444238560809641747,0.56819647874412448907
0.31388027151874270393,0.34037995121285957723,0.36864650990086744731,0.39878438310026359526,0.43084263600748351486,0.46464701904349525741,0.49979871582493490267,0.53602626406400977199
0.50348647418519854035,0.52673762666970480595,0.55151601073718226065,0.57788949941407019573,0.60587923416438815849,0.63531567225165641588,0.66584020803159338353,0.69720295716916635964
0.81434056502598384242,0.83795436436747816611,0.86318941098071977347,0.89009567864864314046,0.91867451183486359412,0.94872597798105740008,0.97985488520770347431,1.01178198164891952615
1.08456935192900449927,1.10934187183004451249,1.13594482122284090586,1.16442328806617023673,1.19476776799973460896,1.22674072755276686308,1.25988716680274936977,1.29388526682145310609
1.17428722607319135918,1.19821132352967740786,1.22400779032166018290,1.25172120881257065150,1.28133969313458884187,1.31261474924012810916,1.34507403829269955864,1.37838536006885425955
1.05335037624797767108,1.07518619179131813546,1.09874986375933336724,1.12409772833584042928,1.15123163438932074598,1.17992685958890519693,1.20974236732450801668,1.24037333707056651733
0.80091576240650041996,0.82193054121269015777,0.84451007746876904925,0.86874327813687124422,0.89466520654865422379,0.92209190468623114523,0.95062352014695006286,0.97999367425648342689
0.51571528286598977697,0.53763927405227307510,0.56102622352010711460,0.58600773406331863047,0.61265925201016580015,0.64083381253886961826,0.67015630287654837094,0.70038888378352648356
0.28380107183140507177,0.30575894573085743433,0.32902035792028788697,0.35374198342327189959,0.38002453430531762946,0.40775155337190138738,0.43657683065083185969,0.46629047588186955942
0.16167920975935626271,0.18012130567550832527,0.19949615498860889806,0.21994835620329636350,0.24157530127573603740,0.26429432499377569776,0.28782712683703581824,0.31201217210069193131
0.14224581055453747180,0.15434487804485158557,0.16684648337330795775,0.17985774339815105427,0.19345368229615986233,0.20759022067297899783,0.22208831207926069129,0.23685224621708972359
0.19948223761118191732,0.20638288812128280370,0.21326709540532440279,0.22021043842843954219,0.22726857863656860226,0.23442691716714406103,0.24158495545955704920,0.24869869732658556050
0.28993763590955740073,0.29681098366131830613,0.30362642576238341174,0.31046075770537162608,0.31737108558489629528,0.32434579686720732550,0.33128792379670479740,0.33815684467973383676
0.34494976358354523249,0.35746187501543946752,0.37026918769060418457,0.38348804505166772527,0.39720207754922026711,0.41137570942490164771,0.42583449023973801717,0.44049004547217451844
0.31964960852212603859,0.33902025649316513967,0.35911351365210830711,0.38009648023767522718,0.40208780016366080234,0.42502618867618269238,0.44864663059441389770,0.47280567698451669845
0.19523577285308577056,0.21670714276613073368,0.23899378923859301849,0.26228526215805719746,0.28671866318581484823,0.31223712029215872077,0.33856281190224057909,0.36554712373949405091
-0.00073556104339546553,0.01660769859577587368,0.03444542140903609356,0.05294942797833822323,0.07225041603289236725,0.09233130359916463803,0.11299928264927190658,0.13416209833344830415
-0.18053062497042593471,-0.16843976453287956563,-0.15621293704418029447,-0.14370871217316644186,-0.13081257863813935960,-0.11750125375566579378,-0.10386971397942050543,-0.08994801705854105212
-0.25567089349972837997,-0.24314030473190964554,-0.23039320910708582790,-0.21728954277477519064,-0.20371597786187825574,-0.18965050238254574366,-0.17518822992089788659,-0.16036192512523533837
-0.20275903774566264581,-0.18254966481329354400,-0.16152852605656856100,-0.13951234942544901707,-0.11636233768675831313,-0.09210219900689689543,-0.06694430254209002285,-0.04099902205450187825
-0.09509107602989690100,-0.06534755461318822456,-0.03409736070356761406,-0.00109719351530180600,0.03382933460555437311,0.07060719156359653026,0.10888162384135480210,0.14845064337249075370
-0.02011848183524462402,0.01375968738794026633,0.04943846632382089407,0.08719208147515494778,0.12721844695607981146,0.16942746004299466533,0.21341084361221066001,0.25893335447941406846
0.01147077542720011979,0.04186643802773468148,0.07384696230466980538,0.10766570157210013370,0.14350888978415474173,0.18131099249323620604,0.22072573039668627604,0.26155671466878865905
0.03352889009702514356,0.05728607032511018327,0.08225936691659078981,0.10864805394910606595,0.13660116782291889526,0.16608043782946721456,0.19683660780411985081,0.22872968183561015465
0.08656849078092825056,0.10629345979625788587,0.12711006289685189419,0.14916920131218902590,0.17258164969920050669,0.19730666375105346266,0.22313575970160809403,0.24994569375974909353
0.17802333018901553285,0.19764921232594812039,0.21850931481719637617,0.24073358849955317496,0.26441132332140493411,0.28947420194177103658,0.31568614009758722005,0.34289837613592233367
0.27493075200264061042,0.29490329693932509914,0.31620856191012003400,0.33897172653480461824,0.36327440395837740095,0.38902721805305312541,0.41596239910800619777,0.44390854066405921463
0.36719571856832139423,0.38455329285054756783,0.40306009953052868156,0.42283097977623751440,0.44394096891346590539,0.46630925187525185116,0.48969202974408060358,0.51393578363869207859
0.45348171693600447529,0.46605118739382300763,0.47941573757640448816,0.49366993338333764463,0.50887815420503212938,0.52498793729860204760,0.54182267433717012928,0.55927535593765476118
0.51763971780770190456,0.52670207636043442356,0.53632620605807812542,0.54658898280073675569,0.55754502965349128640,0.56916375100299443357,0.58132266153944678333,0.59395030825995653867
0.54561739464201575167,0.55442334943052218321,0.56381089076319801379,0.57385335797066183705,0.58460342610020121779,0.59603434952883782572,0.60803419321876128745,0.62053653304678624281
0.50939294889222408447,0.51938174312884799466,0.53004014282984457385,0.54144852164542378592,0.55366536341969263546,0.56666501902057364592,0.58033147866442169605,0.59459481829187610380
0.41080332388873136429,0.42037948415923448442,0.43051120567382761273,0.44128571855872483765,0.45277055529133991563,0.46495990683845744851,0.47776524593452485146,0.49113783902728119779
0.30791744103571522251,0.31517112705563127273,0.32265317027150702822,0.33045588225513988778,0.33865740234991992264,0.34728829144673800666,0.35631671127979092084,0.36573852592716504795
0.23853828176604188749,0.24358085594779427252,0.24853278489270563822,0.25349352512902617596,0.25855195927913932064,0.26376743737181768124,0.26914959695605183976,0.27473022874453922881
0.19370484987529182352,0.19863597186081302648,0.20338015392123834357,0.20804641283270006169,0.21273055603248713918,0.21749008818702078583,0.22232137953489949922,0.22725343315646118203
0.13999830656201053825,0.14639397388675839951,0.15270219055380399031,0.15903709064693002939,0.16549312402894766905,0.17209998827550679334,0.17880049741136536112,0.18558980017186996192
0.05155326089249532423,0.05844595561683699203,0.06531217937135148921,0.07225826954740749430,0.07936777941802315717,0.08664549557304750127,0.09399764534021293194,0.10139358589582626868
-0.03522746103613627611,-0.02997267480311206420,-0.02486563315378131911,-0.01982108606243701554,-0.01477272298158670803,-0.00971890870917133110,-0.00474055308889997050,0.00013742270887934691
-0.07161935522689105715,-0.07055120252765881284,-0.06998779650004181840,-0.06987688115273794909,-0.07017314565004376115,-0.07084825116764230379,-0.07190818419399551409,-0.07333116387461756369
-0.07439223745939753385,-0.07972448152190003690,-0.08611490583667438803,-0.09355187222029602567,-0.10201225855277500087,-0.11141546089235827843,-0.12164157145680697114,-0.13258761661638546192
-0.06355803246136997042,-0.07416924139411519568,-0.08628960567570588547,-0.09994094865231850644,-0.11511826424493327992,-0.13169711116081461721,-0.14945239881741065324,-0.16821349823984821370
-0.03251605629473892922,-0.04336277386741984458,-0.05571976464590155942,-0.06962101062430416099,-0.08507144129614079009,-0.10194881326944285616,-0.12002087431193668443,-0.13911610411357669403
-0.00125875516263487439,-0.00637547938827023961,-0.01248219836280664054,-0.01960107977976651566,-0.02773806837563373359,-0.03682641896251396402,-0.04673971421918603902,-0.05738290552736535072
0.00628224965076583895,0.00946900646264895243,0.01241375592561704162,0.01511781780332837472,0.01757921307860726978,0.01978661955004114986,0.02171148495012841656,0.02333911874886127752
-0.01236495558801373879,-0.00370111547248338927,0.00524786963049514964,0.01450016623736666461,0.02405717885609600509,0.03385421822540474884,0.04375656234224745839,0.05367447436460672655
-0.05114519081219354862,-0.04190166330333169875,-0.03224802294941429143,-0.02216038627653671433,-0.01163425206391466640,-0.00074247692255952492,0.01036218537477207220,0.02157771526651293403
-0.08389216872363554345,-0.07662576966350966023,-0.06904181076359594549,-0.06111277979386159354,-0.05282734454116926742,-0.04423790127433549491,-0.03546376924779064826,-0.02658199173140356891
-0.07692211569332364773,-0.07053693247239373187,-0.06385183532410521057,-0.05682938075786274357,-0.04944682464951743323,-0.04173823493165140092,-0.03379875520357706470,-0.02568685476738126472
-0.01154088516120005403,-0.00290470002194990248,0.00624305757309562715,0.01595614348567159224,0.02626938074373897855,0.03714384065737667134,0.04846248210754738883,0.06015173568640335561
0.11711366567872442956,0.12966377728979652795,0.14305854564671463547,0.15736382043387633911,0.17261970936320977787,0.18876403948708672664,0.20562944299238106183,0.22310477110941759338
0.29127993966511966928,0.30611764340053215783,0.32201174274467397884,0.33902449153858099651,0.35718908059518711395,0.37642113246342256971,0.39651840791307169098,0.41734102732329875218
0.46626999828482729171,0.47976273583158357550,0.49425155781170432290,0.50977817573054895472,0.52635833056339909053,0.54390075717141339595,0.56220970966139904856,0.58114579282867029342
0.58569718044318086481,0.59376460954645926549,0.60246447771966327167,0.61180435588562531724,0.62177608812200590993,0.63230443454340989895,0.64325189363221946248,0.65451706416365751373
0.60597179331738604269,0.60574402098705137920,0.60556583019566290194,0.60540111723869627358,0.60521410982292433989,0.60496579217854862254,0.60462039701309566730,0.60414522407624382527
0.53681925409638542313,0.52844351172410986006,0.51952756709958025638,0.50999102658640493857,0.49977088047307743901,0.48886884341321185099,0.47735912471420560710,0.46528240141523258266
0.45332330458576358678,0.43994415728493813100,0.42564957568663835952,0.41032568013528070150,0.39388826975945118170,0.37636652728982689098,0.35791191424127610787,0.33861431868354796570
0.41573427130334877910,0.40159961658234039072,0.38647676943710490560,0.37023836755794292674,0.35279101863385742277,0.33417128972842385926,0.31455525589204241799,0.29404572565098852088
0.41013857267869213707,0.39791483862330673249,0.38482292674367568619,0.37074387709616335451,0.35559089831367340917,0.33940020028121220541,0.32233977693069948423,0.30450549591219044920
0.39178098834696278852,0.38121340740877862618,0.36987712899161645508,0.35767563726034806715,0.34454222666265643671,0.33052559628400418612,0.31579579050993483724,0.30045262071793416014
0.32148519903359534799,0.31101008327274720644,0.29973501398317869970,0.28759046955192135719,0.27453665214249478588,0.26065212599650483538,0.24613508137994555280,0.23111056659286965953
0.20260942740336201906,0.19238434659545455840,0.18130601361222334345,0.16933378930085177250,0.15645528420115725754,0.14277425023713130603,0.12850654257391064261,0.11379712319830032063
0.08157787190480735029,0.07435614482877954401,0.06639785200444311974,0.05769354451366757314,0.04825358862435665669,0.03817332494998777748,0.02762482374118866574,0.01673068507527652668
-0.02255793213616173395,-0.02457423745621906477,-0.02705814749224805249,-0.02999287209622861911,-0.03335548514660526681,-0.03709199965059418319,-0.04112768445372104453,-0.04540109257225714845
-0.10720116033380704124,-0.10539439747017891047,-0.10387134024249775055,-0.10260720753901428348,-0.10158115689300105389,-0.10078207012844715706,-0.10021898540376858455,-0.09988568505423923993
-0.16187134505594286127,-0.15987544439607237479,-0.15821661857230651105,-0.15688126803912214036,-0.15586058875212505104,-0.15515955420240298834,-0.15480678543510578704,-0.15481001100041458240
-0.17758348534193918455,-0.17771762205829721992,-0.17837667043518590226,-0.17956022146183947541,-0.18126728500028069235,-0.18348889005279392372,-0.18621820883978670857,-0.18943958206580874259
-0.14397972413989476581,-0.14627485009592272602,-0.14925320450698925656,-0.15291788142802995032,-0.15726484842392160490,-0.16225481798105054199,-0.16782466891048403168,-0.17392076257813571249
-0.09947021542722737919,-0.10369582603020072176,-0.10873940132782018708,-0.11460292115919634703,-0.12127420378073522356,-0.12867619746461314567,-0.13668027707371785406,-0.14518876949935274889
-0.11549268819108961248,-0.12158258691545140162,-0.12863166421618105195,-0.13663933551854481885,-0.14558440790419069355,-0.15535339259526631528,-0.16575597561210100861,-0.17665220293524300232
-0.22947883109366104537,-0.23655084402195172832,-0.24466146559776932867,-0.25380275410973418548,-0.26394408803714419776,-0.27495287019653913418,-0.28661187322103165442,-0.29876027156735579515
-0.42246392052202735856,-0.42892114331674197070,-0.43636118502700288468,-0.44476081029641800768,-0.45407869394962463439,-0.46418910680999458940,-0.47490027653763999815,-0.48606373619033305111
-0.59702472333777101277,-0.60078111255425181714,-0.60526311496613049989,-0.61042352628303675477,-0.61620851668225506970,-0.62252594691260110249,-0.62926324006364442454,-0.63632007111327260063
-0.65527740501819242702,-0.65536208545955187965,-0.65577978583917151401,-0.65646108144941195395,-0.65734373120020561654,-0.65838410361948429550,-0.65957236585772216486,-0.66087474802815615593
-0.57944326714376781506,-0.57741123442568031976,-0.57539650932741004397,-0.57332248807139851721,-0.57112805217994300211,-0.56880647080462587439,-0.56641642730883701162,-0.56397161543700580211
-0.39927486864480971063,-0.39783967689881466478,-0.39631104840593039951,-0.39462366823949612815,-0.39272674595743128911,-0.39062261704212802860,-0.38837346724823801347,-0.38600016878590565073
-0.19241825406112900154,-0.19385833503479144024,-0.19529427148275926851,-0.19668669936213792337,-0.19800195483602323065,-0.19922640408224825959,-0.20036942477214569891,-0.20142336924129586317
-0.06684343638048154124,-0.07145622398920484231,-0.07622370093507223332,-0.08113321349543738126,-0.08616752698736993010,-0.09128983744114187171,-0.09644416868747111848,-0.10158534085583011131
-0.07807745366153960587,-0.08411726526414296801,-0.09039998426842317525,-0.09692719043507037890,-0.10369070727025719858,-0.11064279292771637964,-0.11769547031460321496,-0.12478543638702657703
-0.18590440515082118367,-0.19179118133327643925,-0.19794489713624963123,-0.20436845747263027162,-0.21105529845935730449,-0.21796030300496974097,-0.22499951659403422122,-0.23211205262991729814
-0.28153156760579328699,-0.28573956088256780017,-0.29014255598031013506,-0.29473301995331652181,-0.29949957232746932112,-0.30441425270366084810,-0.30943325687982492500,-0.31451968575131328265
-0.28712676766371719728,-0.28765446880431116972,-0.28811901226539343712,-0.28849298629511921366,-0.28875653258883593466,-0.28891899946133009491,-0.28901970891711603606,-0.28907452546731765564
-0.21725769100218109142,-0.21322855052620054428,-0.20874612205901887929,-0.20375978224720997511,-0.19823988936545233752,-0.19224079122629159078,-0.18590019281846953403,-0.17929854867202979496
-0.13022286349150449802,-0.12239452747632678653,-0.11374699630204618273,-0.10420890186755014939,-0.09374026933487289437,-0.08242785971917561405,-0.07048293871686128753,-0.05803527653281321391
-0.07743988641672219786,-0.06814251403961679721,-0.05787553198056238218,-0.04655952267188028654,-0.03414932467031904506,-0.02073835223419315602,-0.00655579655328306869,0.00825553182868047492
-0.07844364628418820651,-0.07079044866242693856,-0.06234411090881907674,-0.05303693819678233223,-0.04282919199700400276,-0.03179392344719329105,-0.02011515009779001398,-0.00790688557675675759
-0.10879086711811358779,-0.10434539465369456479,-0.09949817310365008383,-0.09420577064856014426,-0.08844178039717132123,-0.08224751222893551816,-0.07573251936926768402,-0.06896210273445828320
-0.12379627416841045007,-0.12153345248196929795,-0.11924374785409813660,-0.11690576536490716875,-0.11450661241241398558,-0.11206540523196141523,-0.10963687648120094831,-0.10725002446055038885
-0.08926664080961223269,-0.08612060399579092584,-0.08309615067381287412,-0.08017870452269051929,-0.07736158850406618659,-0.07466636605638821145,-0.07214943230437076416,-0.06984054149164521663
-0.01010809292525029213,-0.00238946379962412048,0.00537915044390612201,0.01322764225067215790,0.02116884991109912323,0.02915166331474287886,0.03705196372216380124,0.04479588089036194015
0.07049906118871047955,0.08451317977626796041,0.09895009363177637018,0.11387197001718382672,0.12930910832946734823,0.14516934058587621648,0.16122697161576013403,0.17734284275186412705
0.10937175956818720457,0.12683899637258716497,0.14497049419428537087,0.16385503674238963145,0.18353963689752911259,0.20391000612789492163,0.22467812858232927287,0.24566698517623530851
0.08464967869632265829,0.09881905665150786389,0.11344776776103922267,0.12862397212186443829,0.14439861217602686927,0.16068069519588820682,0.17722392399621880732,0.19388374674211580895
0.00490489758923937178,0.01016912523070613236,0.01529117785521282892,0.02033770359998276697,0.02535449721754605423,0.03031278996445013404,0.03509457022768803364,0.03964733266393960509
-0.09501589971460414064,-0.09953525856521759640,-0.10486291130698741081,-0.11095185452025473072,-0.11775838070572956784,-0.12524057150822898166,-0.13337502743843007713,-0.14211154784050772371
-0.16610866975429525172,-0.17677784680600192035,-0.18865731514555941772,-0.20169937492932005219,-0.21585027777554180450,-0.23101804043445628434,-0.24709174839034975246,-0.26395393236056075015
-0.15252273529170398692,-0.16267493515635039758,-0.17394753207498978020,-0.18626245772262395306,-0.19954066244008922260,-0.21368313396054214315,-0.22859258892889788850,-0.24415307751784309787
-0.03361151961184888348,-0.03766549326580981294,-0.04233480239324120820,-0.04749441756363803613,-0.05303428144379269266,-0.05888754221728716154,-0.06505341521565881358,-0.07147651648111272293
0.14622780346974048604,0.14940038594917107173,0.15255189983130990061,0.15584331250984881367,0.15940478273007993582,0.16325891608820175538,0.16729877037642157389,0.17150609697667826281
0.30795842711378706991,0.31617025222556383035,0.32480509057299794540,0.33403404091628108308,0.34398849768202638399,0.35465429656600933050,0.36585270083756438186,0.37751099532750836962
0.38866483361668174856,0.39837688858778391721,0.40869972227126244446,0.41979008938422285313,0.43176460484936246553,0.44458959484491378245,0.45806619337780019041,0.47209983633031571415
0.37773935087758986340,0.38619561913558442257,0.39523495659944840597,0.40498996653947483271,0.41555775340585288102,0.42690129790225250783,0.43883815158405542478,0.45127822126286321058
0.31954801933391530078,0.32665242233458446908,0.33427985012698124834,0.34254916840614063611,0.35154646125005606372,0.36123341685743337592,0.37143792418940230204,0.38207467247444398817
0.29196668099835948462,0.30040890877155573824,0.30949165299660491568,0.31933997925577145560,0.33004118352216721410,0.34153772030904161472,0.35361854724414065743,0.36617320861598445791
0.34506980782672469488,0.35971024238677590246,0.37546633852163480149,0.39248919759952127784,0.41087556508433004110,0.43050973201735931450,0.45105621405546814096,0.47232179375243704689
0.44348219860520970981,0.46838186435534540086,0.49517721098578681982,0.52405684812359576430,0.55512949304134262540,0.58818679080596691922,0.62269855201231516517,0.65833970713888512183
0.50727479291777222148,0.54134756411587203750,0.57800205540492222145,0.61745365701689902682,0.65981634227919050417,0.70479822029149741258,0.75169959672043173970,0.80007845437658098309
0.48858093905320787442,0.52469394851572603855,0.56350760694412538321,0.60522872357313095559,0.64996021056174957398,0.69738763842485929079,0.74677898792116703675,0.79766580803454723014
0.40810705720110918016,0.43784530446117975178,0.46973583356894005325,0.50394241399155925709,0.54054411348221487188,0.57927992312701936939,0.61954797269099359802,0.66096265915340790542
0.33308376456779148489,0.35346305535383359953,0.37520477715445893496,0.39842570328552184833,0.42318444557488965607,0.44930782207216413138,0.47638749641521743738,0.50416543899962129593
0.30224670619468713140,0.31742499803258839020,0.33348359663666410357,0.35051796084242708984,0.36858114767106536780,0.38755973755645506396,0.40716731105433484617,0.42722758414611061717
0.30851330342266630735,0.32698684573690878219,0.34649904995119951145,0.36716480509159643564,0.38905065871202432204,0.41203415382990249416,0.43579483998741641582,0.46013511516402638701
0.33556533401575128206,0.36552170565408836911,0.39730777132815303654,0.43109427007428974266,0.46697673066645517537,0.50475394262639028398,0.54391789528089895533,0.58414724999507039449
0.36333472457241688947,0.40717739348586434733,0.45383970455319061488,0.50355595927539420487,0.55645193483943578006,0.61222221597692083606,0.67012022191777120828,0.72966613064778429454
0.38729455697006898163,0.44026364432257136805,0.49668415975805696450,0.55683094637205166055,0.62084809867873458344,0.68835887159812381153,0.75845564544427646059,0.83055197194180363507
0.41530059926876877752,0.46786335428036812667,0.52377674056356893217,0.58331157887655693539,0.64660845229781505061,0.71328968303091189185,0.78244831458217756204,0.85349971472804264661
0.40740832605685678436,0.44885604167262860287,0.49272952853871337942,0.53924378076492029965,0.58850947372339468266,0.64022448014521537996,0.69366109631876149422,0.74835602344731266822
0.30123856183429748024,0.32490311684761663535,0.34956915440645580651,0.37536664804624392255,0.40236195546542280477,0.43037406719136073185,0.45895960283470327301,0.48784801024295959548
0.10328644190197347474,0.10940141387778135051,0.11515805027742223587,0.12060839797744818402,0.12577958978088585318,0.13060876821530173486,0.13492615856661399620,0.13864808727879832095
-0.10042777601720830061,-0.10553843426844090880,-0.11180864611274116127,-0.11922811469483420022,-0.12778824053294027263,-0.13747595557696634661,-0.14829146040240775983,-0.16020117849942677735
-0.19591478533018527597,-0.20200779320602149647,-0.20920553939804203969,-0.21748641623604209050,-0.22683061785122732301,-0.23721414436238150159,-0.24862600259272224501,-0.26102275859796275626
-0.12661188486665572728,-0.12447253169337811618,-0.12263561143208323578,-0.12102584704025573514,-0.11958944145226389766,-0.11834845416069626756,-0.11741616124629995765,-0.11683284779956051858
0.04132124539463000179,0.05456290210721650991,0.06851771216291915878,0.08332066944497179550,0.09906105648856358692,0.11565318415354533532,0.13282366620548172187,0.15042140062010644908
0.17914634009999341746,0.20055234251375686494,0.22341908689368894514,0.24791915087062077472,0.27416242314718097806,0.30201369627797430839,0.33108266973877431560,0.36113533751446469378
0.21438635833385211171,0.23975442891992101990,0.26696797806457939206,0.29621292976016072584,0.32760378451754346152,0.36097310663436932288,0.39586409015732093586,0.43199479542262170240
0.18714781810920677607,0.21406346328602599005,0.24300329892292762968,0.27415389353698454977,0.30762585419913790474,0.34322802664625307045,0.38046249659630165807,0.41901768803353872661
0.19893071995204267277,0.22794324075455771328,0.25918985903278007887,0.29286123286888343653,0.32906655648276106341,0.36758976436640944385,0.40788661324338315595,0.44961256168984781167
0.30364863814936493558,0.33737224798145665217,0.37371632892384837321,0.41289239151280171525,0.45502049739429556441,0.49985462531347057968,0.54678061477359385378,0.59540536195707960410
0.46113225571258192881,0.50158596883533557165,0.54515209286107724207,0.59207710738261443151,0.64250264315153804429,0.69615070448389848590,0.75232075789451380299,0.81056114521954381047
0.55863016339655136022,0.60494450439381941553,0.65474228083747787466,0.70830078534326357254,0.76578083658831941349,0.82687785580648454076,0.89081704020915430942,0.95709764914349348963
0.50185032251579941853,0.54948023749202057342,0.60058458170841633184,0.65544394204234079915,0.71422012370495102651,0.77660113347642500958,0.84179461624068985248,0.90928921223898628856
0.33018149512659039635,0.37399225365452937186,0.42088102067802846129,0.47109620219960163245,0.52477611242690835880,0.58162008412898835719,0.64088173864213127118,0.70208001522407592621
0.17904420871223369893,0.21769683593034896973,0.25895698776254150175,0.30302618845144513315,0.35000762434584203886,0.39961150610605045141,0.45114987005305656753,0.50417798066293295633
0.15618656799153401993,0.19166991461708898781,0.22945938106131230638,0.26972053697070103029,0.31252879957612123007,0.35759819671577536271,0.40427774567866914257,0.45214381245324153369
0.26738529809415245708,0.30183821217825962391,0.33846720816937536647,0.37742103442713542671,0.41876299947979339633,0.46221351126602289172,0.50714672412619687947,0.55315277731117939997
0.40292470807812325040,0.43720428509589659427,0.47361200954308835254,0.51229730733773748419,0.55332706297139577778,0.59643767716668227852,0.64103034619096677105,0.68671261041218312204
0.44127482514589827511,0.47539703963086243910,0.51162219627227745189,0.55011224288246551861,0.59094767299199058019,0.63388450982401467471,0.67834723062778490288,0.72396157127649662932
0.35471787706178037336,0.38899734027578025675,0.42539945404034079646,0.46410077693578627445,0.50519460265285465184,0.54844375103187625875,0.59327187705431039255,0.63930798253330345382
0.21650966445789562864,0.25187731845230570960,0.28947434495172746916,0.32948580998021292920,0.37200897985532171974,0.41679228521228350868,0.46322703602130987921,0.51092217038243836758
0.13874581203596222934,0.17552653980848284543,0.21467001551354386590,0.25635921356357771472,0.30068561767028567644,0.34737570991626809391,0.39578463650639178484,0.44549493259104078202
0.16110666263441536517,0.19737285690002881466,0.23596615355021327565,0.27705363880796268772,0.32071427021342724384,0.36667428884533548317,0.41430249199806629123,0.46318607923015792105
0.24011942241090997174,0.27194925749059772890,0.30573104666899503234,0.34160032197320128189,0.37961874076077167794,0.41955247857428573655,0.46086731630319055508,0.50321127903706486251
0.30733181722936409042,0.33141428848472259672,0.35678912191914052832,0.38354954241815825133,0.41173658078444236308,0.44118393029417196649,0.47151134662188809443,0.50246788977717993241
0.30869494614554077172,0.32546157520643692607,0.34289800797680353162,0.36106289180223394286,0.37998082499250007693,0.39954329173269098607,0.41950012282843995859,0.43968832646665301223
0.25709877997639052349,0.27114881500670151571,0.28564846958209716421,0.30065034854184841118,0.31617718984183584841,0.33213626751261310366,0.34830982570375029761,0.36455993040723549958
0.18758734324661410775,0.20347989594505597188,0.22002677961391844952,0.23730329425166468704,0.25534693517679046826,0.27404815073142008153,0.29314076536637900805,0.31245857024967699234
0.11912152977653354957,0.13794662275137087315,0.15778095486059354191,0.17873248591241056027,0.20086199665193452124,0.22404567271003630879,0.24796596763864231505,0.27242518881782185058
0.08556575183940959284,0.10672381434426712887,0.12924688994132796371,0.15327009736972033171,0.17887543151559956445,0.20593595409788814643,0.23410796828525604063,0.26317619008401160752
0.09647183864111433249,0.12008564686647227315,0.14544407476327256279,0.17270041840534317013,0.20194956227998173137,0.23305464801216096982,0.26564208110945725094,0.29947345064260910696
0.14666344887085186466,0.17310058805611297506,0.20165965276287123320,0.23250273411687055747,0.26572704996033330582,0.30116963309330857523,0.33840630711832858646,0.37716017429155929142
0.23707173264987363437,0.26584193745454448576,0.29702844199420930238,0.33079257791278793288,0.36722472407458373045,0.40612786915667692389,0.44702085130752144959,0.48958398527051821825
0.33275165651797128374,0.36253609099558181672,0.39489833874984492379,0.42999388931274601378,0.46790368628162898323,0.50840460609107518408,0.55097618697146566458,0.59526919496875974058
0.39828470200880239371,0.42723477088394362644,0.45875555671571632832,0.49299563449256050829,0.53002995807265496087,0.56963217964062295984,0.61128303976614983828,0.65463301446416766183
0.41485087958732541624,0.44088868855539342650,0.46929640408622319558,0.50021306971386436668,0.53371094581722888783,0.56958891786983123495,0.60738046640464637971,0.64677188712477673427
0.36683358530821696952,0.38875460717643800512,0.41270647662685061574,0.43881547355339095562,0.46715169089363145494,0.49755580235547441914,0.52964509825192040982,0.56316338291501188973
0.28273137856303243165,0.30154392824785880567,0.32208408262974308478,0.34446912987947098106,0.36876812209685855271,0.39485425059788137325,0.42240842607741713177,0.45121928986127063377
0.21535580440640492150,0.23401405440587835782,0.25431083800562220842,0.27636619556524255614,0.30025168069399349458,0.32584314714054668505,0.35282242919170703210,0.38098162746835934067
0.20636418165877298825,0.22769563680693574725,0.25081615594954587145,0.27585801667204495891,0.30289705167633218519,0.33178161997491312230,0.36213381736774835629,0.39370794272003706293
0.27367933719815035198,0.29803654037423832346,0.32440965981535851981,0.35293899937462919203,0.38369933597559019445,0.41650048066585332318,0.45088991566826397417,0.48657206398485769450
0.37806421026106051819,0.40239974911212089692,0.42878935117985078618,0.45735937067451559734,0.48816937654996167550,0.52100692250424063268,0.55539322829219417432,0.59101224894297232915
0.46394089289972401113,0.48398110898934376678,0.50579340059735411472,0.52946184534360540841,0.55501406969618705123,0.58224472613871192106,0.61072493749545919695,0.64016631230893750182
0.50712280115612329290,0.52060760315167087242,0.53537220595522005961,0.55144208540303130128,0.56880370050483941569,0.58727821949414504843,0.60653433636792142281,0.62634161324012771477
0.49807814735762451219,0.50589284246957322289,0.51449980733170053160,0.52387208722714273534,0.53395997993466992604,0.54461238520961829934,0.55559138495761517529,0.56672279838081685011
0.44287591584258617639,0.44827923029953814504,0.45419600214358135659,0.46057623225854188442,0.46735473549078754285,0.47439542255043548602,0.48150524377372472262,0.48853831151933235777
0.35554021856432943549,0.36171041507033563356,0.36837050180555008794,0.37548312509678938298,0.38299340064534437289,0.39076786244971389861,0.39860565229097810747,0.40635971229438355712
0.24257084142476686983,0.25036653680238157849,0.25873907693429931687,0.26768383338244228220,0.27717208205860899284,0.28707286323912267756,0.29716039543960554026,0.30727899450753126676
0.11678879345209856877,0.12455185135731887403,0.13289030556798694938,0.14182995258371752789,0.15136884964202246273,0.16139112724893855955,0.17167060936973488339,0.18206050075458454773
0.00216172907546378044,0.00646835938226775643,0.01108611148992144115,0.01604994885361530829,0.02137230307964754078,0.02697534940765125219,0.03269115569038395785,0.03841952600031599274
-0.07177665649402230341,-0.07357819120634831456,-0.07556421081063117995,-0.07771423176212097217,-0.08001676438890402421,-0.08249393741254680557,-0.08520432177956235864,-0.08817047582599853162
-0.07068077718676014920,-0.07675484426158372953,-0.08337475582402033292,-0.09053606256736643210,-0.09823198424909283799,-0.10644261511134757436,-0.11513958385014590180,-0.12428641168481090185
0.00623284085538947357,0.00233338900526470789,-0.00194093085230691536,-0.00657567350095397338,-0.01155690325401986102,-0.01686905183565348340,-0.02249970224003656344,-0.02842488171651286200
0.09819132101285150960,0.10365340689139415642,0.10952016474026642079,0.11585188210403334075,0.12268774410725884205,0.12998468444807467770,0.13761403585262355076,0.14550305829589835205
0.16004380614957522400,0.17933609857934146303,0.20018477157089015206,0.22272001275733771530,0.24701800073783378164,0.27293880006567944330,0.30012526997716482136,0.32835059816776895891
0.21043264204574352316,0.24335457716364963798,0.27895259172007241810,0.31742449686667956188,0.35888092818621597502,0.40308150347435955929,0.44943598296889492039,0.49756098208118210158
0.27770324197465540150,0.31962382662917671050,0.36494926345915690291,0.41391689167672651717,0.46665553470420223503,0.52285578638315233224,0.58177310512848823265,0.64291919804412756001
0.35306300752320673997,0.39732384897764799758,0.44518173116296633207,0.49687533134749972685,0.55253057601401123211,0.61181688978866777262,0.67395191606943238849,0.73841872672800790145
0.38252730735628664993,0.42201751614162391624,0.46475269633832400062,0.51093745810012414221,0.56067677785005132218,0.61367099136006098004,0.66922174540626411243,0.72686438452799084775
0.32968218225858064718,0.35937911636145181138,0.39161518811140000329,0.42653922159218726762,0.46422464976532051839,0.50443704767596342364,0.54664135257536639045,0.59047865320179371285
0.22739250249702930295,0.24715140479947925178,0.26876410386050142431,0.29232517748165681715,0.31787696531573633729,0.34524614304312906121,0.37405274690067302767,0.40403894255531452862
0.14376172766169331707,0.15739867232940324415,0.17249125359333289387,0.18909858336970744586,0.20724094180004054566,0.22677574777770034831,0.24740861919662424095,0.26893697220860851571
0.14368538881940359775,0.15616049452892316607,0.17002974247791818874,0.18533815222758470709,0.20209449544847343794,0.22015392728804158984,0.23923078110358825255,0.25912601703177645662
0.24166472764740976054,0.25545242725526662309,0.27071459621347498947,0.28749100994819765109,0.30578387148658703332,0.32543548722134463258,0.34614213151680245373,0.36768937494947723232
0.38073437599500098427,0.39398701481188946882,0.40864222989109544315,0.42472429867274463788,0.44222449915907574569,0.46099185971807843387,0.48074767871333790037,0.50128983207987509729
0.47462586888751306935,0.48352383049835762074,0.49349708325991126223,0.50453643321535091015,0.51661328604917700069,0.52961062183181339957,0.54333857044028666117,0.55764932279772261303
0.47123510859170308906,0.47385388723989968485,0.47711605123926525973,0.48097346539783913943,0.48537516982199596649,0.49024750903074643116,0.49551119310152441644,0.50108829717353486899
0.40064081474728485688,0.39970511871682135041,0.39918579595545322647,0.39901493866059656312,0.39912985752852714327,0.39947693930792588235,0.40002979963629042848,0.40074464620256933234
0.33684972072505192653,0.33757044304964772818,0.33882642174376043087,0.34055920702759262531,0.34270990109145427205,0.34520591075581280593,0.34797916134971895730,0.35095968012211986586
0.33246231115221219765,0.33756835778636890000,0.34347913461475676478,0.35015824322473465546,0.35755667591256817817,0.36556324579070603731,0.37402200500418253393,0.38280705073576670738
0.38301735166958211787,0.39093741728407627178,0.39979835106436967251,0.40957340134281911004,0.42021583681347651762,0.43158733236543733724,0.44347474969069433648,0.45571527733430811091
0.40574132019082126410,0.41121428819692162904,0.41740036354341331082,0.42425391712250254406,0.43171539033380090800,0.43965781279516896740,0.44790363745201283718,0.45631303980776671825
0.31717378598120576916,0.31423070592680568680,0.31136473130402964049,0.30848652517239272264,0.30551287615111660800,0.30237389821869492534,0.29902991226153358140,0.29543241133392678099
0.13282936312296136916,0.11969743196187215828,0.10589244375421924538,0.09128270035132975135,0.07576607040354667311,0.05934896377288351871,0.04216225359381787358,0.02427285050344436812
-0.04604629687611144079,-0.06449033454504690677,-0.08399592468138580847,-0.10470229699466657158,-0.12670783782275191198,-0.14995510190764979597,-0.17421730721616351945,-0.19935896468050801067
-0.11715597800848107091,-0.13251067676823424790,-0.14869085077585345034,-0.16579709393163821751,-0.18389753586314799838,-0.20293590272961942178,-0.22272111573697922493,-0.24313573425379542137
-0.09384593492895977607,-0.10179093231693084332,-0.10999652550094878023,-0.11850833018115321249,-0.12735677861829949875,-0.13651573171292319397,-0.14589452279746431551,-0.15543891839053133874
-0.09746862016294866038,-0.10139711082387352359,-0.10528022688608174029,-0.10913504171482038552,-0.11297103492569830763,-0.11677072207774406853,-0.12048317441524734883,-0.12408011155952249072
-0.17977865248326149739,-0.18528878927462660853,-0.19087822555978611883,-0.19657044851431157428,-0.20237464850635963898,-0.20824559580429180539,-0.21407806232393689072,-0.21980918824975145820
-0.28339199962588551562,-0.29103411785928245958,-0.29891836499036450459,-0.30707799265437235592,-0.31552418512096680470,-0.32418207217823369337,-0.33288586358376320851,-0.34153399561642161508
-0.34528821613760274367,-0.34929037602642937221,-0.35324637203651976236,-0.35716522587465598937,-0.36104148905969035699,-0.36481376080565008913,-0.36836056773702452460,-0.37160949703560935964
-0.33496270924934079538,-0.32834594971858077628,-0.32084656364211922019,-0.31240964881392574437,-0.30299184066356116274,-0.29259804151395385485,-0.28127785872272492718,-0.26907052501124845145
-0.27969913555780423486,-0.26161891504960010923,-0.24175318215665339561,-0.21997924395972429101,-0.19621446562234767796,-0.17053892839833245665,-0.14319221241872198691,-0.11433755783367903491
-0.23596432533836156353,-0.21362610395222961235,-0.18917303069490834511,-0.16245648122557632131,-0.13337851578831655397,-0.10204640571676464045,-0.06876976594439745960,-0.03375723163651214026
-0.21692944670928113182,-0.19955245829758158638,-0.18046647286020509049,-0.15955088239532685956,-0.13672339174812739304,-0.11205695500064812020,-0.08577725141258020491,-0.05803751224228792527
-0.20818460135146141243,-0.20036079279741975112,-0.19160382682046414593,-0.18184837983864804434,-0.17104350323191860883,-0.15919702776899505303,-0.14637341560607591839,-0.13261997472269265730
-0.18635422785138419655,-0.18571902842996795835,-0.18473123008085443053,-0.18336888572760329241,-0.18160613631586039474,-0.17940240345136160283,-0.17670025258227806120,-0.17346754034448433335
-0.13652319081867581030,-0.13587277549596968318,-0.13485687378394617397,-0.13346041862234533926,-0.13166393922599131661,-0.12943208175454987141,-0.12671032229864725993,-0.12347058000492137919
-0.08418410390559853684,-0.07720082053132522326,-0.06932650058052199082,-0.06052451930952229553,-0.05076944847447229653,-0.04008455094744135111,-0.02853585697644392752,-0.01617832019843009131
-0.05754893320572165155,-0.04285226691316942199,-0.02663571184299738312,-0.00884176435823091043,0.01055623245493965759,0.03145445875523758539,0.05362845226853452801,0.07691391581540386879
-0.06164104829372681754,-0.04251572121002925031,-0.02152597843434017957,0.00138498890874983859,0.02623154293340208484,0.05284811287030071608,0.08090288618915952856,0.11015568918930666864
-0.06579341164344024162,-0.04753693614300074505,-0.02751675310770390279,-0.00570145584844585114,0.01790035319657731425,0.04310810374461988143,0.06958529014230327436,0.09708452686005779320
-0.01716915192260485765,-0.00402609024995001855,0.01044649996591789573,0.02623752639534313730,0.04331067487188682702,0.06151620152127058871,0.08060793702648069714,0.10039414830751390573
0.06168091016715577385,0.06758979271944440259,0.07423965921970269999,0.08157146333739806465,0.08952231448606313979,0.09800161716623918828,0.10690806647421760567,0.11614180828811526691
0.09755308061645115436,0.09609599552090060393,0.09479267416684933334,0.09353969548147422763,0.09225094362330030218,0.09089768601726398722,0.08952525343324729823,0.08812789650518224049
0.06752932512997109060,0.06001109017007287549,0.05219238285303858665,0.04393184157077784091,0.03512107943187683240,0.02577150743505807542,0.01603185073788487500,0.00596254405817681684
-0.00858230830775763738,-0.02002593813117722540,-0.03202226149530262855,-0.04473748964332047856,-0.05829791570037961418,-0.07268326545928699423,-0.08770718872627102092,-0.10328470850401882952
-0.06085501306624163664,-0.07275854965823669307,-0.08516757588349356534,-0.09824698675754402200,-0.11212668722166831137,-0.12681083778142368534,-0.14215618075563327127,-0.15810332658178888332
-0.01946840784176552194,-0.02851912713141661546,-0.03774841819459247294,-0.04729433198192124765,-0.05727386754082856163,-0.06773486853301263766,-0.07863265818043789490,-0.08996825824076964961
0.06677415082222522280,0.06069045611189190920,0.05474890583275424799,0.04884276635836834468,0.04287425061911138285,0.03676627036072589727,0.03048623912605804079,0.02398665863874688622
0.07911915780617465033,0.07240783892033443581,0.06581378387005558384,0.05924169135268915476,0.05260549238736470651,0.04584221540975614434,0.03893428631345820234,0.03184769618889975173
-0.03814081877640998486,-0.05030653074848239620,-0.06285684196767192533,-0.07590339969046196178,-0.08953314091136117814,-0.10374513304501599420,-0.11843220327528150571,-0.13354276257527702976
-0.21697102894814671026,-0.23592512998492864984,-0.25594983757877093344,-0.27718068768321296735,-0.29970799641225193133,-0.32344819267898483606,-0.34813123312219618199,-0.37359422444251799700
-0.31576176055121141228,-0.33679213249619183168,-0.35920919324613603818,-0.38314768935125365079,-0.40868824852730528674,-0.43569848157760526774,-0.46382590354580977010,-0.49284959543679585092
-0.26569367948954419889,-0.28160823855383537717,-0.29858620783406941701,-0.31672723968553573304,-0.33608635572202871789,-0.35654191453542549706,-0.37779154879126813915,-0.39964604015945998094
-0.14028389967428217533,-0.14737325161848430222,-0.15482290479091287416,-0.16268468651421799653,-0.17098508026483277833,-0.17965157646827764615,-0.18850858264420383703,-0.19745231507139796023
-0.06624383059997038248,-0.06651227655573405118,-0.06656487822558095069,-0.06642126165677081362,-0.06609061313846410768,-0.06554403068489932094,-0.06470907745655474219,-0.06355318224342493272
-0.09361421670880776258,-0.09115809321168445722,-0.08826028374537868426,-0.08493364724174892744,-0.08118562613869809153,-0.07700671964983299422,-0.07236384843193749417,-0.06725351649431417222
-0.16865785043934886089,-0.16464788669608490523,-0.16008041566474526252,-0.15497271943085896839,-0.14933896321914053029,-0.14318687969504628743,-0.13650958666032095290,-0.12932457011549380876
-0.20008284849357718671,-0.19154960333441814480,-0.18208584634652252854,-0.17170061736704445021,-0.16040990263944884808,-0.14826571666514937187,-0.13534522461528358805,-0.12172608214530006299
-0.13691876010577971878,-0.11999423250834949373,-0.10141075830443492534,-0.08114694603923139349,-0.05920865216064272879,-0.03572195542240420157,-0.01091851144377494962,0.01501696248943144851
-0.03277794584810739958,-0.00771073368303067455,0.01975845034804524919,0.04968839577280471237,0.08208973328605764785,0.11676667639484025751,0.15333508292312481025,0.19150638483776766252
0.00103872365999471282,0.02861707890444463789,0.05886387199937322123,0.09185770411345481334,0.12762084256458436360,0.16593597190609299385,0.20636512759535280415,0.24858535599522044168
-0.07995357766188646020,-0.05672618723273035318,-0.03118955220010304411,-0.00327419266218470419,0.02704182505879236531,0.05957788833977575166,0.09396751782691441235,0.12993976149127581254
-0.21888895462281787729,-0.20287422153979761674,-0.18520861139830735453,-0.16584863623878637329,-0.14478158492029841176,-0.12212736777392430021,-0.09812559146054161685,-0.07295793328059659022
-0.31888634516005431863,-0.30695375170528477193,-0.29378841916688663849,-0.27936327982130632064,-0.26367246210160877329,-0.24680247259025442363,-0.22892203643121200596,-0.21016237411004784486
-0.33412731583087257325,-0.32080687783179623329,-0.30618080147393705870,-0.29021487354545466575,-0.27290075324897755671,-0.25434107255437427009,-0.23473963599645203404,-0.21424934144375204492
-0.29707447991530211429,-0.28066146140803571729,-0.26266807789501017689,-0.24304407710009306998,-0.22177556918379331963,-0.19900253547314905589,-0.17500767347783108274,-0.14999500836991999653
-0.26455108654642867094,-0.24914986512422929166,-0.23218641141282550522,-0.21361231933730301380,-0.19341695273012848855,-0.17174973733234277784,-0.14890767312509875508,-0.12510229487497595557
-0.26721562424152545123,-0.25919722270823442045,-0.25015361918321299406,-0.24006758722505050496,-0.22894531193758499432,-0.21689490701384772642,-0.20411394297575416457,-0.19074487671289308555
-0.28351568084074602050,-0.28614995048536945310,-0.28859784851819947349,-0.29088930371754251336,-0.29305433680441317357,-0.29512991036994662419,-0.29714887300624032163,-0.29914071391579233339
-0.25715984390333879173,-0.26861282596199004269,-0.28060602626427155748,-0.29321156175824253376,-0.30648082381331459567,-0.32038730906959705935,-0.33481717077072270516,-0.34970051725293221923
-0.15651488041630459702,-0.17242306884132560518,-0.18925754330884830834,-0.20712153912610939410,-0.22608434331829693753,-0.24608424500072098584,-0.26691932203419088676,-0.28846373321038354387
-0.02998327989050983064,-0.04723096424693212086,-0.06552532469832596240,-0.08499520307832061916,-0.10572735105959046864,-0.12764617281314918906,-0.15050304480805473673,-0.17414810219581863815
0.01593874592382285918,-0.00248720288858771208,-0.02205318369446653687,-0.04291066186644011682,-0.06516128524391447130,-0.08871460572413153445,-0.11327595775138042666,-0.13867171414404247387
-0.08566339709653197909,-0.10667670338133837526,-0.12904409524128415687,-0.15293359690307306575,-0.17845476381950803324,-0.20549018262949467206,-0.23368369389411014492,-0.26282283629851960205
-0.31020300572586922971,-0.33365337686123197614,-0.35866136426470041076,-0.38539692978838790971,-0.41396626085062582234,-0.44422591294156771324,-0.47577287549035301994,-0.50836054191402535452
-0.53220893514551115278,-0.55389160554087157884,-0.57696619001471405319,-0.60157905668356936868,-0.62781897096961103433,-0.65554889570437802071,-0.68439720081915278449,-0.71413429624209401325
-0.59278305928420216286,-0.60572546756211276264,-0.61926733338773898296,-0.63350384389156599863,-0.64849485497627545882,-0.66416504239502316409,-0.68029319131846122115,-0.69674995383142057648
-0.45714579947116712466,-0.45613548388294772318,-0.45445362159379099065,-0.45212552153071988714,-0.44917483975085936709,-0.44562833074504071273,-0.44150056887338273715,-0.43682332094916814791
-0.22966408360550616408,-0.21448151451282473912,-0.19735300653903423140,-0.17823227124930024479,-0.15710516623372605682,-0.13409915670513197772,-0.10946388830257887392,-0.08339161810248145457
-0.03197857131645051587,-0.00739604932754699650,0.01994304757733319014,0.05013585833214297821,0.08322513001077209982,0.11902158906037965669,0.15712492227660068700,0.19724127451651404797
0.08275383554567176947,0.11096764137182357768,0.14218966827930507035,0.17653752586404922176,0.21406652742147808111,0.25456863443414479153,0.29759259894753864462,0.34281118891622935907
0.13230046637612638549,0.16111732514038479280,0.19288425862824831736,0.22771615683387405604,0.26566575853004803509,0.30652366560822824626,0.34983704691760436623,0.39527753043204044703
0.13322217884784084974,0.16099789577331549695,0.19154773697528551524,0.22496790792850140939,0.26129659130757926233,0.30032622071993386736,0.34162196169726838368,0.38486544816845463801
0.09171791292521001837,0.11648885947584099176,0.14378157787969839121,0.17366483586289555019,0.20615699757873381937,0.24106040604709769171,0.27798104829113562397,0.31662522362978751111
0.02448107208877836269,0.04398527454637499168,0.06565235710377551048,0.08952285192809604497,0.11559829529440328322,0.14370953766417687847,0.17353753207071764830,0.20483793272392811224
-0.05941464091825048033,-0.04663947366060156030,-0.03216329375390133971,-0.01596531581035551262,0.00194986769694078122,0.02146275562319762201,0.04235887129857619782,0.06446705144009702571
-0.12615902645353740952,-0.11804640419473065582,-0.10858983307260430817,-0.09776589034835780900,-0.08556856232526902084,-0.07207196692406338256,-0.05741385781256064941,-0.04170651133826337037
-0.13503399762051329636,-0.12597276603415077934,-0.11556895392372075471,-0.10376915907178616005,-0.09054283966505102810,-0.07595830346006637868,-0.06017072164167441839,-0.04329473551105060547
-0.07799426487951606479,-0.06245288109759415673,-0.04518604540100984446,-0.02609560700341018516,-0.00512430878963582217,0.01761579541599970697,0.04185208132537474035,0.06739853497563011442
0.03854417514648033477,0.06135991261637292749,0.08636309595335303624,0.11368176431210474941,0.14338481409067405092,0.17529839068237645927,0.20901423130142296469,0.24425721106652473202
0.16232575650633562780,0.18716119046550597216,0.21429684244266852811,0.24384958357870387124,0.27587350954466810515,0.31016354545614321925,0.34626597916979229286,0.38387088445529926606
0.21806970611799336712,0.23813673214012445745,0.26014526338160914865,0.28416672411268423248,0.31022265089419154283,0.33812519330398899120,0.36749046493798220858,0.39804919149250045374
0.18052633862038838797,0.19137022806340739378,0.20347226447347732670,0.21684793055960016606,0.23148489028942659251,0.24724928874401025380,0.26390058006526451173,0.28126229859813761669
0.08843770146798232701,0.08974009467444324373,0.09156785557951512000,0.09389126982515022535,0.09667412628854886447,0.09984504132721844227,0.10331173069257307273,0.10699805666870730592
0.03460021137886966358,0.03057258286576136977,0.02661830434181487043,0.02268977871355188150,0.01874329123082018461,0.01474316153494282557,0.01067408140692033269,0.00651562036320141227
0.06609781626354499506,0.06166799267976835752,0.05720764261984201404,0.05267628404767387557,0.04803573432721004732,0.04325107985395783283,0.03830071275228812133,0.03316528229674681888
0.12558340051394847880,0.12300193943524337370,0.12044730916690671307,0.11789512631317061730,0.11531671946636741499,0.11266161306086727723,0.10986541063355255432,0.10688503187695032326
0.13236466237869920493,0.13000226925681229728,0.12761984306586521276,0.12519769074164183165,0.12271020763250230223,0.12010445527898502838,0.11730649778930199445,0.11426979221257912989
0.06491332776993719023,0.05877817787001604621,0.05232997635915934143,0.04552799662766919553,0.03833551962772613342,0.03072843468718421470,0.02270148179591192222,0.01425285621236397661
0.02054120607098458562,0.01019856202220777511,-0.00070470604216650980,-0.01223884963268075457,-0.02445731476663598816,-0.03735080872078287012,-0.05083905929048156830,-0.06487221490801245438
0.10433645337915967155,0.09504934102060406953,0.08541289457460003731,0.07535337391603015578,0.06481405390811487144,0.05379957633116739385,0.04238754257115324303,0.03061947220350081170
0.26081639244216070495,0.25957188806094960709,0.25871238079400521448,0.25820432448607733011,0.25801231110383282541,0.25808475151284232529,0.25836804950684633120,0.25881357867277504647
0.36365413687513953311,0.37437836008068353655,0.38645126726727485611,0.39991097402455322296,0.41476230869656532940,0.43086754502616897433,0.44796079566398278038,0.46585553143514552010
0.36488457232313731282,0.38562830380803092556,0.40846567702133290689,0.43349918223870564926,0.46077028752781823417,0.49006741836501793719,0.52093895899969433483,0.55308084567649573593
0.31882242302022151259,0.34429223219720150873,0.37217629976395077973,0.40260234062316696546,0.43562438462729202726,0.47099282151993704382,0.50816682814448954630,0.54678509111300466206
0.30252577066943342476,0.32802400384710805881,0.35592079844834267899,0.38633014551053435071,0.41929458450528883651,0.45456090580286112601,0.49159384511961834452,0.53003159727587922934
0.32209941879478415361,0.34529799515999021198,0.37071932727801570895,0.39844991251484901396,0.42851442008337292666,0.46067919560055670125,0.49446744646915552490,0.52955002228363901029
0.34364059412612346645,0.36582592174748307379,0.39013960088419241679,0.41665985630419311025,0.44540857380015708156,0.47617152810435819932,0.50851309948391021365,0.54212913839178911157
0.33306985830125823700,0.35685442081585999619,0.38282811119851622994,0.41109197954435588995,0.44168737565626564612,0.47440825846272077770,0.50881252054648484773,0.54459592493025466009
0.28263078310312345076,0.30919251212529591522,0.33805957829207350374,0.36937152672140077803,0.40320006485670922824,0.43934024092889689683,0.47731668123422343886,0.51681143001676854709
0.24269712993817726954,0.27182369522185179100,0.30337328437937038927,0.33751578694858314078,0.37434577656414719238,0.41365361364484776185,0.45492794534570774045,0.49783326690948037641
0.26492560364769734971,0.29448370512625549056,0.32648611582270958831,0.36110235696560405438,0.39842607789823142328,0.43824435368813308145,0.48004026119228249136,0.52347396721906713779
0.37139536308963633227,0.39879577346858258169,0.42852711758429945510,0.46072476901345948974,0.49545567348282454345,0.53250734200179317135,0.57139434966158497708,0.61179009876148038316
0.53806259982387150131,0.56272930093132911278,0.58958047818804548701,0.61870669286326718250,0.65013930095233229967,0.68366361853875912136,0.71883060298794221321,0.75532794326584207223
0.67623971394864179629,0.69915135334723288452,0.72413407590090483890,0.75124912269122035013,0.78050379629296307016,0.81167826963602518475,0.84434042321269975329,0.87818357225960763657
0.72862305063257504223,0.75112682035588063112,0.77563388511604280939,0.80220181922162880905,0.83083366382362866531,0.86130305702568554782,0.89316887941785305660,0.92611994718891510470
0.71221855507566855792,0.73395296546477839517,0.75755954098473643477,0.78310375994142067402,0.81059528255012291975,0.83981102929713014049,0.87030724932010827821,0.90177722792760528492
0.68350088765077954278,0.70148325199522720830,0.72097670320895357321,0.74204138186377832653,0.76468803769494231304,0.78872272566044643316,0.81375578276426629998,0.83952273648657804728
0.71244244531998235370,0.72408204673889331460,0.73668380601596894497,0.75028174657979729290,0.76487525584746696161,0.78031988485678005496,0.79633408003384642537,0.81272821130122374633
0.76748276941725734890,0.77252349242466311630,0.77796542565832338401,0.78380657830182365320,0.79002757745920526578,0.79653527639188659304,0.80316829517466814536,0.80981656493839948574
0.76489749406084095451,0.76398250953619317727,0.76296566271946542059,0.76180879300051329572,0.76047259266671074496,0.75890950494268538673,0.75706866779380388444,0.75491187401406500967
