F3,F4,FC5,FC6,P7,P8,T7,T8
-0.22170821152082093031,-0.22233947688473171267,-0.22303716816357530006,-0.22381783671192026497,-0.22469351138797616363,-0.22565907509752691773,-0.22669121641673123380,-0.22777896863409533013
-0.14591888074105724415,-0.14479346824262762095,-0.14337133086420594807,-0.14165828014414788560,-0.13965844415073275231,-0.13737239696834771530,-0.13479217562180773049,-0.13192244619718701548
-0.04054262093087757091,-0.03107154998086595829,-0.02057586504976157554,-0.00899740395316115868,0.00370431502442198279,0.01749665428902915862,0.03227751607601613698,0.04797146264231903073
0.06279805875219000855,0.08157183537174267363,0.10190106065377382838,0.12390734433719978458,0.14767058302038132966,0.17310419670736049147,0.19995352411046599106,0.22805031871578959612
0.08774819338761047360,0.10827950460538288135,0.13013032859584730550,0.15342275079118458669,0.17822887490047745196,0.20442376767996395248,0.23167877205434708743,0.25978527253192318369
0.02646090503705373492,0.04068649626917111850,0.05543432936276117967,0.07077040971483196385,0.08672173145675386718,0.10316301708949042470,0.11980808384119794041,0.13648080245412677614
-0.04806148475319632629,-0.04194773838476394123,-0.03603779653979025804,-0.03032951885994722430,-0.02484215303497693331,-0.01967754887599200767,-0.01502739855843690173,-0.01100651863592982775
-0.06872946990075139151,-0.06528163230185642096,-0.06213468506883669529,-0.05930678105684674545,-0.05682964716059239751,-0.05478786318526291527,-0.05332339608565535988,-0.05252273822469404746
-0.03206064704429254647,-0.02547851115881558104,-0.01873424263934184153,-0.01182292860103377474,-0.00475791086371538888,0.00237428366384828237,0.00941223078679350074,0.01625139267457364686
-0.00136882017984178879,0.00821851814760832765,0.01841523685079126185,0.02924991908638092594,0.04072697522490869443,0.05275237748251794534,0.06513475813930540148,0.07774600066973247348
-0.00944339804196957580,0.00052352687853558213,0.01127605338666322864,0.02284600356551950290,0.03523921570766680444,0.04835423562964914768,0.06198624608002918646,0.07599592485185728552
-0.02723978701710593267,-0.01799248186177228315,-0.00795683947539072012,0.00288766989276933788,0.01453547724528832241,0.02687164669739729519,0.03967837228147042677,0.05280601879481719441
-0.05564413239108443460,-0.04664436438825965425,-0.03689624121781590743,-0.02638816271781761411,-0.01513590353156035045,-0.00327050829802988038,0.00896927640299705065,0.02141992089214334039
-0.10773124571147468798,-0.09728169089275279235,-0.08602901043963391559,-0.07395089154904842255,-0.06105708091279628269,-0.04749062402645332776,-0.03352159989987452821,-0.01933161523281155120
-0.16102510015498600060,-0.14791778317248416297,-0.13386175133747338362,-0.11880449213149918419,-0.10273197292188714080,-0.08578694393962059406,-0.06826615584206410792,-0.05036401349223331575
-0.16663089562785377007,-0.15100402534589343895,-0.13427238735728924679,-0.11634973158008660166,-0.09719282840645836197,-0.07693079408219509474,-0.05586630433058492606,-0.03419333005153570026
-0.07090384459182555443,-0.05464889187389976311,-0.03723862769797142702,-0.01857915367382423702,0.00138184944809506853,0.02253080862430068346,0.04458590844853018570,0.06736600316334603877
0.06628460833619861936,0.07880886529645232674,0.09224854242405518268,0.10665933240611720489,0.12206656630823194132,0.13837249189164591012,0.15535710550959930254,0.17287363893342042043
0.07915176693425175769,0.08383450491537212945,0.08892762685169121328,0.09442431084420711829,0.10030581297246569938,0.10650117722200366788,0.11289306654789135753,0.11939618185006452278
-0.09433061231042805250,-0.09820940840959616058,-0.10220212086723956535,-0.10636338621068716637,-0.11074168943880388638,-0.11536685059330649417,-0.12024084960551159607,-0.12537444772169839546
-0.32362548967374454856,-0.33267545372156320793,-0.34211534060917131450,-0.35201145388787707935,-0.36241414735857568896,-0.37331543787902166098,-0.38463936232068424159,-0.39634253443618511215
-0.39545660842052177131,-0.40390727662872411008,-0.41262145853436055232,-0.42164994845102515830,-0.43102910870508898133,-0.44074257666334137884,-0.45071188058621014516,-0.46089092138924087072
-0.24159828655112716711,-0.24573674310311535707,-0.24975466780344970918,-0.25368808454320279644,-0.25756559600461392812,-0.26139246712522795635,-0.26513963367910431401,-0.26879877089494480513
-0.01320113249517949200,-0.01303946447350248436,-0.01239890118072850024,-0.01131357254885489126,-0.00981645585544920797,-0.00794467511168998712,-0.00572561834929056959,-0.00319616012224957806
0.12018193572513204137,0.12308187721964260197,0.12663092226793337680,0.13079158176065641683,0.13552218383701261639,0.14075400319436726093,0.14640679524431504666,0.15240481097131983179
0.10383808478314279777,0.10756072625380677654,0.11184846037015291897,0.11666107058110744554,0.12194885289557366725,0.12761420628360825580,0.13352600919535878576,0.13957857281288427176
0.01086195059448740070,0.01350368193551190754,0.01639785363173107066,0.01949932295778311273,0.02274981936934410837,0.02603053883622233680,0.02917314267049781612,0.03205642791799499097
-0.00885466433308456508,-0.00837664708263941016,-0.00803755503131177787,-0.00789500243495867317,-0.00801939757296408345,-0.00853841301773052529,-0.00962928235221273236,-0.01141136083884144656
0.13401980907932237175,0.13322691535698139020,0.13207866435459977850,0.13050147131752429241,0.12841171333944140232,0.12567992191855140161,0.12213759406022857423,0.11767183939844653995
0.41857233954356398709,0.41958901338643972423,0.42041407943734121488,0.42096891656664264803,0.42116479138202944643,0.42086543545533383615,0.41989568192318132978,0.41813169997612803508
0.70147667672822755502,0.70733662282134435184,0.71349025761401552170,0.71987881645222040472,0.72642735057625840156,0.73298763864456317751,0.73934883234518133932,0.74535618171048712011
0.76174564379706410922,0.77379902989362081556,0.78673737620295569606,0.80055475051493296679,0.81521730566240691029,0.83057191891330917066,0.84635555099530457301,0.86237883838844930917
0.50114358507061507186,0.51919073117191449906,0.53863469793314089351,0.55955024564016631050,0.58196966275192196782,0.60575206372074374972,0.63058658974172521194,0.65626207316814511028
0.04249413936706354644,0.06460466098250956801,0.08839074696711513024,0.11400580866684857650,0.14154884039634360593,0.17090386988193587148,0.20173453285919321076,0.23382756840946425370
-0.35471070502701190774,-0.33097718084850163978,-0.30553277262702654982,-0.27818422441234968989,-0.24879864835151757618,-0.21747797894999207347,-0.18457032343490195614,-0.15028654360893156650
-0.47249528343064173264,-0.44833284682006635524,-0.42251583227870609383,-0.39485759925157865036,-0.36523318778752217328,-0.33375781274989008152,-0.30079855953585782347,-0.26657871606720207058
-0.30055243260916569836,-0.27584401562027738297,-0.24946412471275603018,-0.22125583967620743309,-0.19112383540668653747,-0.15921576066885573253,-0.12592986315758689098,-0.09151764234827447497
0.01218553423370934141,0.03917973063365102343,0.06805857156063302438,0.09895959570425286178,0.13195533131808312444,0.16685797096729265698,0.20321673722834834863,0.24073624085323591659
0.28128077541430129838,0.31334587345648085011,0.34772264233489019736,0.38456467809290334481,0.42395004964319438212,0.46565273921686917147,0.50914204025484788296,0.55406538966263219059
0.36165938438145578404,0.40038714171741274228,0.44196836544103823563,0.48660714193141835215,0.53441702055285988937,0.58514842985678883203,0.63818626785662757595,0.69312419910631895004
0.25913550409875657499,0.30333077054059098820,0.35082065518167188101,0.40186179350946654720,0.45660801268450873502,0.51480297400524999141,0.57577456985628239217,0.63908295846611473667
0.09005312399821072122,0.13554263467004604160,0.18440514200379978793,0.23691306737601150467,0.29323314913196202314,0.35311156258516512851,0.41586656447673303605,0.48105422078678977682
-0.07449048507672351160,-0.03276923565576217445,0.01198698427865885728,0.06002237433887869233,0.11148218647024339678,0.16611764305321521928,0.22327927859915122633,0.28254522558501993235
-0.19926721954420223426,-0.16460056743769629906,-0.12748584300672644032,-0.08772768181647858099,-0.04521920982782213355,-0.00020676983742780623,0.04670541610671265220,0.09512801794121886201
-0.26009530917564954722,-0.23299815310167762417,-0.20403271063662273277,-0.17304720312817328809,-0.13996954545109369095,-0.10504659277101363601,-0.06884654981886051406,-0.03172969299944290722
-0.28962904565624769671,-0.26824823708154610369,-0.24535127167613560162,-0.22081073147599736273,-0.19457308663186398401,-0.16688129300973031377,-0.13827495457885313757,-0.10909088808798830805
-0.31082398889894402583,-0.29301780385058134870,-0.27383483681789083652,-0.25316029819790569766,-0.23094723415889903406,-0.20742177972228414973,-0.18308119498065181241,-0.15823415161384071781
-0.28038469295726675679,-0.26565849930321455696,-0.24965525331446028479,-0.23228238199827647148,-0.21350379504216088211,-0.19351257195133406142,-0.17272624909619915812,-0.15140751927541035160
-0.14895328653845363309,-0.13873783505972714369,-0.12747700038370315956,-0.11512240022535456807,-0.10166286965726087366,-0.08724158429330126918,-0.07214774797566460285,-0.05657149428829987003
0.10347570474609117663,0.10709759123009071624,0.11132179343593473497,0.11613515667827940814,0.12151146041408958376,0.12736453510468476180,0.13356011767722986150,0.13999802114152787302
0.43823237599899239614,0.43530050615710408346,0.43246209573136623616,0.42964414665792349801,0.42678017647379279387,0.42382029274002397390,0.42074588160710613138,0.41752537658505622931
0.73110196010244732356,0.72481060921383544393,0.71828383305366072520,0.71141208594058569226,0.70409893114508081968,0.69628970092946407267,0.68798783737757773782,0.67917468342508457990
0.84969331981352991257,0.84445218590484538712,0.83898343962236343607,0.83317328241422605739,0.82691507641992645361,0.82011942500536483269,0.81273120882209348714,0.80469460404229020689
0.75331815474118513087,0.75206359540799261332,0.75089511240043016471,0.74971681284024516145,0.74843002703271499509,0.74691279754285921921,0.74503763670843081712,0.74270019153335331552
0.50147046651653814919,0.50478633855384991147,0.50860750970136137106,0.51286317133632730592,0.51747383832654791913,0.52231267741713460762,0.52722354254855019473,0.53207859235649268559
0.19078012291326126859,0.19897210253878061526,0.20807721517674115930,0.21806005496083991080,0.22887273202278532458,0.24040593343257668502,0.25250475123742216477,0.26503850260408895467
-0.09165091526902212349,-0.07803097698623698286,-0.06313928034740179385,-0.04695935001870524261,-0.02949590028906568656,-0.01084667187190719445,0.00880809011981595856,0.02932453371810365972
-0.27747794546590048848,-0.25842738695917205627,-0.23780827586762282033,-0.21554129797961837922,-0.19158530189259692644,-0.16605585047016910294,-0.13922127325006480869,-0.11127106160875883945
-0.34372888014156366410,-0.31886978393835069268,-0.29208746690326009565,-0.26323629905175971455,-0.23223222189758460643,-0.19923808684070559716,-0.16466490786922199918,-0.12878069665510225028
-0.31050053646073572100,-0.28065586561892336137,-0.24849467568732225287,-0.21382551572140420793,-0.17653787851219543414,-0.13684480430814471852,-0.09528537798011725568,-0.05220354255098742791
-0.21081261973742068672,-0.17936111376935362505,-0.14536108143235629275,-0.10862139606266649206,-0.06903543873953893462,-0.02683662702698529426,0.01740244536457085517,0.06331118257038419184
-0.09728097218280130909,-0.06775075434820472531,-0.03567842642871037195,-0.00090732125151167845,0.03664690127092351535,0.07677403986460895613,0.11897508980508138265,0.16291489150360857763
-0.00655644122034855156,0.01902296107282970897,0.04692061856107297702,0.07725439152124177755,0.11008713868556194160,0.14525480564571671693,0.18237483905628659731,0.22117844632653857473
0.06850833646881784866,0.09055951334332830449,0.11461816608319699839,0.14077881567000730123,0.16909061065558675385,0.19941462928401013088,0.23143196548700262216,0.26491502712706027634
0.10857646376423692181,0.12977714780713892062,0.15279531649507635538,0.17772604268364519675,0.20461529185446639123,0.23330739246209480919,0.26345104029174348792,0.29480470161751459734
0.07637737805484914877,0.10013631424780265744,0.12576366860539089920,0.15337714761975793087,0.18303155301403678523,0.21452645683784871133,0.24740950307337294944,0.28138232517830169543
-0.00155702756836810269,0.02792855563285602874,0.05960098967347710747,0.09361538190735260723,0.13004667824581203628,0.16864692389193028377,0.20884586915053815481,0.25027353860654905082
-0.06756555546969246484,-0.03210517519055741675,0.00594943959023634672,0.04678889656673211606,0.09051216536528071399,0.13685032617048367709,0.18516511059675894169,0.23504163762588459186
-0.09500141901500298858,-0.05816451506001094757,-0.01859288588054899827,0.02391405007667334395,0.06946788016724372850,0.11782333665968931780,0.16837600867302454644,0.22072945240639946229
-0.09881278175897938165,-0.06858413187437802094,-0.03602010285364508346,-0.00095436397145873969,0.03671006923493024682,0.07679161743020300468,0.11882908395614906472,0.16251623542088389218
-0.12180096071281620862,-0.10569578858926172160,-0.08818027376454021238,-0.06916581115528387669,-0.04860076559904044635,-0.02658390598382979683,-0.00336174117468223408,0.02089850837820585172
-0.16316020749843115900,-0.16283029021855199847,-0.16215802588028438436,-0.16114905124172318462,-0.15981382799995580424,-0.15818694657591181318,-0.15631914323991669136,-0.15424983150475091165
-0.17225248648079960478,-0.18171248041866802647,-0.19155097666344353402,-0.20184910796108174180,-0.21267507843864708050,-0.22405299992095933925,-0.23594982298790659336,-0.24835172797185617322
-0.13243959279370209892,-0.14129827576792172716,-0.15060749071213841432,-0.16047231898018016194,-0.17098822717175043984,-0.18222157481112324917,-0.19419449830133797552,-0.20693199941409057274
-0.04220569803058003833,-0.04167147342164492091,-0.04106294355035914473,-0.04045160950340551120,-0.03991922032459396807,-0.03959763825733988302,-0.03965560286429312131,-0.04021626187749136744
0.08371152583021825022,0.09481628823896433300,0.10666249862033849727,0.11922994304347078742,0.13246680995924806079,0.14618663401868217666,0.16007873810286962768,0.17392549954459757267
0.15989895162349415658,0.17542498569227613081,0.19203516885150542781,0.20973732282206170030,0.22849852999427636147,0.24811487381282570919,0.26822103321499840556,0.28856324297119223532
0.13161313404096908197,0.14436704892729812499,0.15811823562484483841,0.17286806702658347179,0.18858103312155324871,0.20506524126805894537,0.22198377165001245692,0.23910260232047003681
0.01945013355784966716,0.02710703581921216493,0.03548674339563982760,0.04456778228130350850,0.05429874175826072957,0.06449837152682695585,0.07486957298686174045,0.08520651187794753278
-0.13364985593779055151,-0.12818765557155026302,-0.12213665744518933942,-0.11552726061078093245,-0.10841782827410077761,-0.10098903342374684899,-0.09352898425245186054,-0.08623558184144658467
-0.24590889875494839623,-0.23897388520592241501,-0.23132549728337395423,-0.22298319274132438750,-0.21399621961926637570,-0.20454310386176596803,-0.19491733346790768300,-0.18532102321111265653
-0.28186771386356890279,-0.27207035973472526447,-0.26125261147598888289,-0.24940977342579886966,-0.23656732343257008688,-0.22288094776357403326,-0.20862307798171375595,-0.19398594755990358762
-0.27783530253378618813,-0.26632324946199814608,-0.25347307989933565153,-0.23924991108388127259,-0.22364498431551824154,-0.20676247144689957613,-0.18880706344943945507,-0.16993072667587422186
-0.24460957859873361242,-0.23339286429429928482,-0.22070654008290727099,-0.20649638113496637803,-0.19072863997885761145,-0.17345875519505324358,-0.15481998007758829283,-0.13491884919387067687
-0.20883418341724174772,-0.19941429730009838095,-0.18870059497228508505,-0.17664197255181532387,-0.16320478578073566167,-0.14843141333878534516,-0.13243032967905138397,-0.11528860916942100523
-0.20372152562594328384,-0.19806809814079398557,-0.19163312865134346508,-0.18439708366948459606,-0.17635538190274457904,-0.16756870300358450709,-0.15815445354544604983,-0.14819921340158376255
-0.22609109539851607318,-0.22605489484573207393,-0.22592196478365067502,-0.22572417205849445998,-0.22550218112579187291,-0.22533727945361145539,-0.22534320740964944307,-0.22559877082094256795
-0.26684897999125639645,-0.27262325863782072011,-0.27885690948235980491,-0.28562568417318018321,-0.29300347166631035556,-0.30106230968375746748,-0.30986382676322699048,-0.31945077540551658490
-0.26580681903274444577,-0.27493450336902824915,-0.28469869762437416405,-0.29519081838134564322,-0.30649108127752583419,-0.31864075122890211933,-0.33163261117557268909,-0.34546593956210935872
-0.17706384789361168108,-0.18389352616381929306,-0.19103812126030816909,-0.19856719621458840397,-0.20654246977824439191,-0.21500053672924307469,-0.22394236378593973535,-0.23337500935680954850
-0.05887672202631166057,-0.05801255932238483931,-0.05680234256217493033,-0.05526564559772445540,-0.05343323893330791802,-0.05138720079196638924,-0.04925027893138418655,-0.04710923482394019368
-0.00449726008255409756,0.00548683211828532389,0.01649828076298159862,0.02857137585402131155,0.04170374999439877689,0.05573975942388081917,0.07038065055868247821,0.08542709442568001410
-0.07535506509785799834,-0.05928922634004742814,-0.04174469298367479431,-0.02264835763304346578,-0.00198186054598163729,0.02004762596382025572,0.04301697899208520304,0.06664859623314133008
-0.20996222179809995168,-0.19346729273033297369,-0.17539473013783177247,-0.15566058809407545827,-0.13423711816459948931,-0.11132784566856275543,-0.08735788332766845909,-0.06260538871873400080
-0.26823309870770034591,-0.25432185419649638858,-0.23891728593537092662,-0.22194363155740401417,-0.20337280856696107745,-0.18337427909541909044,-0.16230440225975872881,-0.14039853153805015307
-0.20370717869404184053,-0.18951150106679498508,-0.17375936769265334925,-0.15637040033229337999,-0.13731044929897812112,-0.11673708819068054354,-0.09498901089716901835,-0.07229143578773224166
-0.05955549381792861474,-0.03913650978003573727,-0.01679593037839988839,0.00758310986574215005,0.03405571063946823823,0.06242422207770246395,0.09224630487896612330,0.12323172798543978457
0.05460276120033658032,0.08406931199359429785,0.11596229012113214163,0.15044995401377314614,0.18761328955886491521,0.22717996786082264582,0.26852898920678192063,0.31125914886192168618
0.02831996202654141551,0.06281110348845173053,0.10002030748115214864,0.14014379364686224694,0.18327357420758666473,0.22908089504998677133,0.27681981118267490194,0.32601187497583195007
-0.10848095184438293070,-0.07484228295952595478,-0.03845378024296730590,0.00087914894178165327,0.04324638725037413534,0.08831398564788250916,0.13532967708702461906,0.18381103185637251429
-0.23296209089567954109,-0.20014640816213857821,-0.16443449279058164336,-0.12562224944957017803,-0.08360690984400884207,-0.03869664360423467897,0.00839669742803865991,0.05721511046898552361
-0.22168501598727205493,-0.18321185106014656330,-0.14129318486564293456,-0.09567364522135118898,-0.04620898418568944455,0.00679605605240297776,0.06259338936976958923,0.12070085231999540254
-0.04264521331182136860,0.00636697182736983228,0.05952947323110650835,0.11716158176035310068,0.17944892691363806270,0.24603973632476489053,0.31604679851587680339,0.38889811441254762414
0.14878171628339059707,0.20339963969762822615,0.26236657628679660448,0.32601306606199464966,0.39452217099397945965,0.46748447500453155223,0.54389838521639521929,0.62311730673489729160
0.15854905771775004708,0.20721042310365342387,0.25960714105969562304,0.31600403847183866635,0.37653070473878530455,0.44077132781536204620,0.50776738013526745430,0.57689788356502724742
-0.03494304665766823081,-0.00077893545763316012,0.03605575257966703306,0.07572007139476982784,0.11827168995312223321,0.16335530437358020128,0.21021065389224438680,0.25834115479089064804
-0.27510624241200287710,-0.25483986203984393404,-0.23277148570466471567,-0.20882698857169432194,-0.18299897707007820036,-0.15555694802975852942,-0.12703406217701418424,-0.09778416757309726925
-0.37006701547164261301,-0.35377661848762459451,-0.33580198251910525764,-0.31608087631922182625,-0.29460567937071457933,-0.27159782250779601620,-0.24749277745082204349,-0.22258336654438362623
-0.26062524134445869128,-0.23843636870776932501,-0.21403476925740211323,-0.18730609296184422274,-0.15820310389833641684,-0.12695641284241318547,-0.09406136109809758172,-0.05984845432299241985
-0.05598509066967544134,-0.02828583318784721676,0.00202880573814520756,0.03511635083061005747,0.07105362679862982367,0.10958668780451166769,0.15014156026481240147,0.19233945267596441742
0.08608975707433724756,0.11037627600836413810,0.13697765865396960283,0.16602766334016053063,0.19758641214808497777,0.23141151398106318826,0.26696907729455743308,0.30390711592494912274
0.09834517013132371144,0.11100517819883840009,0.12508472021589125966,0.14063431287214966936,0.15765840164719591154,0.17596764021290323132,0.19519303334033122344,0.21508720347469059697
0.04192185135572233656,0.04347586833326349404,0.04563510851118940392,0.04837140316692999792,0.05163803733079758845,0.05530288653715715458,0.05916599764807430745,0.06308608954234627697
0.00551414463712044094,0.00540016313096822274,0.00580681439793821405,0.00669561889983696663,0.00801500114725619064,0.00964947200895205706,0.01143797440441333448,0.01326277335140941052
0.01069266693960065594,0.01819259766646563747,0.02679163373423489036,0.03650762735843399859,0.04732825435009852671,0.05911046347359515118,0.07159614994749015360,0.08460624594074585281
0.03307070288306067363,0.04915275092181600053,0.06695088615609273708,0.08654703322311363412,0.10797297326882304702,0.13105189932868319125,0.15541046080081311054,0.18079792831967275712
0.03564903850049142703,0.05374427610808815009,0.07370306470835275015,0.09562740896602200946,0.11956407600301868777,0.14533176032480896178,0.17253167065762226029,0.20089865287183159004
0.02199492011369777802,0.03535723982326517689,0.05027382076206918932,0.06681992552418448972,0.08502615741625110801,0.10473674723204226544,0.12562156148798073185,0.14745986760706358831
0.06595670894980998344,0.07419773747024056842,0.08367452631258960605,0.09442453828127389537,0.10645293649571309358,0.11962630927046340179,0.13368765443466462672,0.14846063247767449234
0.18823083052087383193,0.19750242702283613005,0.20809216931924048866,0.22002940879748444925,0.23331018581148002533,0.24778656995145004194,0.26318343019905598990,0.27930840366460357727
0.32001640064476954972,0.33782113871445390574,0.35748398028596567455,0.37907274854480438320,0.40260362628183332667,0.42787580881140424571,0.45448667243811968763,0.48215905818462612142
0.39593241648318266979,0.42462891377570888274,0.45586636582116968341,0.48977404725913031847,0.52640471651194353786,0.56549622104512331511,0.60648296327790418569,0.64898321958145943622
0.37682522440805221731,0.41188745599912152118,0.44987915927215399448,0.49097450359761324323,0.53525539743462358100,0.58242771971601614567,0.63182932204183905878,0.68301950107994924277
0.29744992573664996716,0.33254369454608195822,0.37053843949437398342,0.41162073915625280174,0.45588416217078325809,0.50304482897937086161,0.55244713890771712794,0.60365853247074485743
0.23681715067437461575,0.26847219897936447364,0.30278790342201783448,0.33993928734395750801,0.38001758123307322057,0.42277421516561786152,0.46762582242186789827,0.51418800228408778619
0.20339666847144030615,0.23137715001452635599,0.26178845524170790693,0.29478635721939172587,0.33045466295933678680,0.36858469790054682047,0.40868070419099389312,0.45041326059209857435
0.15942911677414361993,0.18435206376838761400,0.21154312712270104124,0.24113615986359113186,0.27320420547919094245,0.30757164054611074722,0.34382107906221998084,0.38166970685270684704
0.07244060689792995722,0.09233365653472727641,0.11421378771523224560,0.13817384093519055610,0.16425998866373567320,0.19232411047939282356,0.22203443826775440262,0.25315806108799754348
-0.05101948220813056628,-0.04006102226779906933,-0.02767970677654304004,-0.01385323195762099176,0.00141409599705764086,0.01800045947240284244,0.03568316529710412882,0.05429463509899810914
-0.14276353707259428760,-0.14148568315997611666,-0.13941787461575377849,-0.13661159417871449051,-0.13312595282813324826,-0.12906511168012557711,-0.12455545463208779478,-0.11970544144819403320
-0.12113216025206324788,-0.12503944368843386559,-0.12847602128119778309,-0.13152880548289477836,-0.13428386093136701618,-0.13684012961309491296,-0.13928320754392162217,-0.14169547749084770993
0.04055351477906071755,0.03773430785236039225,0.03548003170425106240,0.03371808408259903411,0.03237415211110755697,0.03135168674039811448,0.03055704381542216283,0.02990412664834142184
0.25621672799332301240,0.25756398791600770837,0.25973473335111046945,0.26269409044272828968,0.26639985110307212723,0.27076775370264977161,0.27569231385841858062,0.28108155878295859598
0.39882081975952726749,0.40231167417718549650,0.40670557978204602279,0.41199058373764096963,0.41814769789403005706,0.42511974674976121813,0.43282783560023890823,0.44119847602366901729
0.41358686072445022264,0.41517044190898561018,0.41745199122614923271,0.42041170945773781442,0.42402986929314528952,0.42827823586196961392,0.43313459054807129656,0.43856309504742818639
0.33143735359509696181,0.33004295733604627205,0.32911011101510684318,0.32860259117225865122,0.32848890954950532572,0.32874760363878746672,0.32938216501843436967,0.33037539850972408306
0.26343213001628945635,0.26363836432360659989,0.26444225507151586374,0.26582073180691812020,0.26774567661393361417,0.27015945557620085760,0.27299053901226094654,0.27617664928509455535
0.29154147996279944355,0.30145527035793295845,0.31270252312071722400,0.32532519914743057710,0.33933113304435319479,0.35458267523509384711,0.37081125364749450979,0.38783110380517793470
0.38418649270534449558,0.40812257547927988099,0.43444462131959360462,0.46328595214888529386,0.49470943718414089885,0.52848810871875018247,0.56411731098201034484,0.60126103701471911300
0.48732727148999271938,0.51970752898969163613,0.55511818374469579229,0.59374029070270761821,0.63566549546146555727,0.68061973143544607368,0.72797465490256374476,0.77731230289320707438
0.56718709583327309165,0.59561107817132752373,0.62680706945750852555,0.66091475918426834113,0.69799743272732273081,0.73780252153621939115,0.77977626234887742473,0.82354231698732605071
0.59869192445354502130,0.61328809296453723476,0.62967668722016445493,0.64789121572743979538,0.66792513053420143887,0.68959805730370837829,0.71257625348729358716,0.73661793538621089805
0.56617902461852853691,0.56604359692490102685,0.56663159822368658336,0.56787516196511567124,0.56970328390491020709,0.57201661274505588572,0.57471219520515026691,0.57769350793829854496
0.45966456073987321806,0.45267071495259009195,0.44586728737964831382,0.43915405757955194854,0.43244399177500597586,0.42568788539170182572,0.41889839355638452956,0.41205662388063130086
0.31130850048345448666,0.30828571411396266111,0.30564876621907316467,0.30334279976633859999,0.30131560672418938873,0.29951413208307786640,0.29790301079071734858,0.29643995245539839223
0.18658808310145832965,0.19300664713108775516,0.20034028488258354139,0.20860236575235904799,0.21778522840459971222,0.22778907891947483555,0.23843429955651851415,0.24959200703282466427
0.11668268700012161820,0.12830507492882808895,0.14107499554739585945,0.15502768601708522000,0.17016421052452676554,0.18634177761103115634,0.20328380783541002974,0.22079997806331502774
0.07670767486093095500,0.08266691455936893418,0.08933020019159504388,0.09667656899973317564,0.10466523873575687975,0.11316671237088883617,0.12197636592904270714,0.13094538998710641975
0.02921110451806503000,0.02120300068491515894,0.01299426707102879081,0.00446292830827066476,-0.00449603173549737323,-0.01393274011588932146,-0.02382230897443747553,-0.03417331860555278961
-0.04061458953988120874,-0.05986531518934494478,-0.07996946479539479569,-0.10111355251511747189,-0.12343466768124333743,-0.14688667749968353782,-0.17121639233906163491,-0.19629042602222820935
-0.13856556171851411308,-0.15888921043683973400,-0.18006750284775113746,-0.20227089651342788912,-0.22561202163334281856,-0.24998450017598214390,-0.27504185116258739185,-0.30058961038924486564
-0.24932440559422003323,-0.26413973862420003780,-0.27948405918851026986,-0.29547111860873581657,-0.31216699659832586322,-0.32945535592880670350,-0.34702283204556849672,-0.36469066297005237054
-0.31689651037214966456,-0.32685593135818613586,-0.33714829274215368793,-0.34785331234092686792,-0.35901619547958824041,-0.37055001916876756374,-0.38222544996697832564,-0.39391274123613295721
-0.28608486910697022987,-0.29506695028051466156,-0.30440738859805721583,-0.31419777554028915922,-0.32450182701634439075,-0.33527897465192851856,-0.34637269407668302978,-0.35770029223205823676
-0.15802780238178351646,-0.16772707305884215767,-0.17778528684643765678,-0.18832369247093658227,-0.19943724869687332046,-0.21112667507779500631,-0.22328129886138498028,-0.23585354980296616145
0.00621125894870847885,-0.00191066515702762590,-0.01012324506496934187,-0.01855111980270117422,-0.02729700237287518289,-0.03638981811056588717,-0.04576286947605136962,-0.05540308788133689599
0.15559138877100830989,0.15198664767993919078,0.14876314901041320926,0.14582777643035879644,0.14309889627278146729,0.14052614657910245111,0.13811350730694435529,0.13583127275985323879
0.29406520791878226762,0.29626325747571363722,0.29933271137332390088,0.30322616722508416442,0.30789283639267867043,0.31325437141464607116,0.31922679895548700113,0.32572516699330139600
0.42671605655012162517,0.43474141334624061273,0.44407936227796090956,0.45472550669779032706,0.46665525381655870163,0.47974981831246443775,0.49381682297182688535,0.50870421609500116045
0.53577438407568256373,0.54910160372967697917,0.56414137014751108978,0.58092513883723118084,0.59944765975352254372,0.61954348860674435251,0.64090706680561049247,0.66331575340266801799
0.62055103259588118014,0.64001786623038503521,0.66163451471635381651,0.68547089329041610561,0.71154196146450465754,0.73962963356486433053,0.76930203349401637958,0.80025723162836925884
0.68260157560811085542,0.71040441697678391453,0.74087761032193821809,0.77414028232047094047,0.81023352067404308396,0.84887400721339700826,0.88947084551372357364,0.93162251619176639217
0.70346232800519448158,0.73884456633313089213,0.77730397657049876692,0.81900159419009843642,0.86399972356172805021,0.91195488534146751380,0.96213150678029457641,1.01403805929811108300
0.66819257629293538070,0.70468627590687027418,0.74423261007900398667,0.78699435678974627439,0.83303216872961582951,0.88198798454626292642,0.93309734373686670228,0.98585149775732061617
0.56642095316172547115,0.59538425718351606353,0.62686665196020563418,0.66098554266045084216,0.69777557668825529458,0.73692969937882457643,0.77781285486071805035,0.81999894035824949512
0.39609266055728958866,0.41290478119189510942,0.43147665416115615900,0.45186447887697817061,0.47407347437300734194,0.49789373553192362021,0.52291626867881702001,0.54885989705028248586
0.17387864612819689536,0.18109864878111864295,0.18955210631594834880,0.19925884294666615371,0.21021428734006272765,0.22230530984165430830,0.23532747193817499243,0.24913139197247621826
-0.06528832225738687156,-0.05904381295923089024,-0.05149736443736314950,-0.04261340519082559841,-0.03237470412369917311,-0.02084720073874012092,-0.00816377534487604771,0.00557272396808139014
-0.23863202647836959103,-0.22397677667889107078,-0.20738144002545694233,-0.18874773991318150035,-0.16801301989416245197,-0.14526501314034023782,-0.12072894892403203404,-0.09456649064936695215
-0.24160992305233483513,-0.21554724262671742796,-0.18682215499927407043,-0.15527372850029280693,-0.12080283470633146337,-0.08356405793645668711,-0.04395627096592390204,-0.00225305973954384236
-0.05559893110647571440,-0.02402388699183717960,0.01045262601474171438,0.04800188293211141155,0.08871905986694215984,0.13238795401860514733,0.17848986282376613777,0.22667234438492139814
0.21433108306754408701,0.24144371008468326623,0.27103716623560425436,0.30322744059007206152,0.33806290612668443707,0.37531186539374689071,0.41447500245772700422,0.45520881199872803569
0.39914517563261964206,0.41556113415081524787,0.43370301600463195824,0.45360539431572793889,0.47525877083003581491,0.49846467029033469931,0.52285338945795700738,0.54816168640483065033
0.37929814697604313789,0.38700131859324077288,0.39585691097442005093,0.40585524059116601103,0.41696152871372166304,0.42902737477026775537,0.44181039292783336192,0.45513123262483967668
0.20807034605131122240,0.21539617615492703817,0.22381471775889122400,0.23334195906201216086,0.24396850192189981077,0.25557346655767498866,0.26793965967561667041,0.28091195409210983902
0.06664691858931867663,0.08222462722196977047,0.09936589424980371565,0.11816597162262129639,0.13867557173432282225,0.16076264686667593451,0.18411906422387133708,0.20854043446940923046
0.07770009151960419191,0.10460755671182719873,0.13378540917093420526,0.16541331309407811267,0.19960179380747822275,0.23618433114922210425,0.27471684019370490315,0.31491216940845268013
0.23599404649514058030,0.27042958805645583853,0.30765339388928047981,0.34788516990135692764,0.39126085046243697096,0.43758137230208066226,0.48631036624999141038,0.53709871801134168035
0.45517517739624913098,0.48976200055195356908,0.52717479712929959934,0.56760948924407250704,0.61118040296818976209,0.65767277440043880876,0.70654411843448305941,0.75743364968582260754
0.61737679567520542534,0.64608380179665569898,0.67716950562968281080,0.71076152471774500796,0.74691997531655363041,0.78542840562276017291,0.82580072803338089305,0.86770519521646072292
0.63241990970812789197,0.65441591477856442260,0.67820767697347561498,0.70385865126274560488,0.73137853591915791274,0.76055315263709355467,0.79095471823526974919,0.82228671891730620302
0.49767497259601128912,0.51629608001659343941,0.53640314353252172008,0.55804045133698454428,0.58120431035065578396,0.60569066373707758366,0.63110498541454873589,0.65717506429149752378
0.31489630164724458083,0.33233686614172774920,0.35124454085170236928,0.37168045665415244683,0.39366026772151591073,0.41701118951977228511,0.44137989906124369677,0.46652522464206169772
0.22507945257599312749,0.23894410357231080089,0.25420378168528240392,0.27092228278800228880,0.28912746109938219918,0.30869748768584609477,0.32936924433368641729,0.35096107383843622163
0.28148920853757214422,0.28704783880531592466,0.29358913494864402605,0.30113157198429457706,0.30967746188367972771,0.31915650396020966983,0.32943869891499560909,0.34042546292849573675
0.38097458928094968256,0.37778689667714715483,0.37500698792603381904,0.37259188686083555275,0.37050143088149939397,0.36869633873259249901,0.36715556126376458490,0.36584850445339484049
0.38300248351747129272,0.37836255739512741902,0.37393202653091456300,0.36965648168451009647,0.36548571370765448041,0.36137627762789042984,0.35730811646892912670,0.35325368669470913474
0.26898024725881719554,0.27319821730191246045,0.27811184797983445893,0.28373287816036363296,0.29005582294258608345,0.29699987286534562658,0.30441902062188697098,0.31221088526900536708
0.12801080146965529427,0.14743031663752087512,0.16854987720064318335,0.19149678641971507043,0.21634670012652401638,0.24296714202417765693,0.27101900478044560483,0.30028202331658304658
0.07170019584848426331,0.10484780829528196622,0.14073129125213745816,0.17958069112690849822,0.22154401473335919026,0.26644249705349787316,0.31376690345927427117,0.36318975594240332505
0.14930463494502141386,0.18703120574777834517,0.22797161426713252741,0.27238498779908271175,0.32043821255252208369,0.37192955790628801083,0.42628657913315576300,0.48313780795481880981
0.30688696791569508582,0.33885645212300435913,0.37374346385033380136,0.41175349740618938377,0.45301141387166010688,0.49731588015463190633,0.54414388746446107348,0.59314985961059896180
0.44181311453784782861,0.46482407166541034327,0.49007879914354229856,0.51770080142743413187,0.54775019333020846801,0.58002602998446783911,0.61407695105644299893,0.64959959157536428798
0.46140649767184721552,0.48033955261912780754,0.50105423378618907382,0.52363272307753816470,0.54810024197316142835,0.57424603890213643531,0.60163467644971668769,0.62997431705102946431
0.36363324072381886243,0.38568957306770962346,0.40958623394700077736,0.43542641380726415656,0.46324860088029801153,0.49282660131071598375,0.52367673121932512004,0.55548024983172383795
0.22418364681840721730,0.25108569189374052577,0.28014764367036876225,0.31150778085810987283,0.34523075974067934935,0.38108245437951204782,0.41853426465829079994,0.45723919255929645900
0.08883052393858591189,0.11307989493432464567,0.13941124769708493347,0.16794134026119317271,0.19872286566176630696,0.23154622948731651277,0.26594678752774841834,0.30161347860053844272
-0.00664069586170480067,0.00520552902728357771,0.01840628507160549029,0.03298670478588085209,0.04893838045819468713,0.06610821745694334117,0.08421364742631559652,0.10305308050715770996
-0.04958192262532206546,-0.05277136320970440830,-0.05557189423221258612,-0.05806443559845542168,-0.06032904752066469561,-0.06245710792836441094,-0.06452830957610786178,-0.06661877101498531184
-0.08173372372724513335,-0.09391211796669145240,-0.10632300297348373785,-0.11910210469326255878,-0.13236478463065554090,-0.14616091292688623837,-0.16044913354426024177,-0.17522718102865880718
-0.11906461223028660945,-0.12938154772659099523,-0.13982663029578143443,-0.15050871001654814174,-0.16152171678937321531,-0.17291380114862239803,-0.18466466632787295610,-0.19678076358513765798
-0.13324743118633242123,-0.13238265290834835830,-0.13086582559188217334,-0.12871371894053740270,-0.12595451777255081693,-0.12267215364960405710,-0.11899003976435908181,-0.11500111684185701511
-0.07010224498459326214,-0.05533982147392233625,-0.03889668833652899088,-0.02068293797305934684,-0.00065215342328160219,0.02106135462324042196,0.04415301735507150271,0.06841730876753041035
0.09226689766273354909,0.11622985033840160796,0.14261662383726919634,0.17158367297541521346,0.20322316370134616004,0.23736446640831185273,0.27358250715124038388,0.31159432865231850851
0.28704650386796998207,0.31206401858533561189,0.33964570392441995050,0.36995178533125866460,0.40307679976884275286,0.43884609670016372363,0.47682539738210100166,0.51672324943250047546
0.42833137095699908015,0.44989623019922780900,0.47377558217104309701,0.50009937299064799454,0.52894112333792353553,0.56014104291423605364,0.59331746068995894206,0.62821013418294469055
0.46168869195936695915,0.48107745255303951959,0.50256171517921988112,0.52625299858361307415,0.55221188006545696147,0.58028751454705418400,0.61012902629057541581,0.64149597733594398985
0.38262711645737673694,0.40304412897407126959,0.42551887782170905172,0.45017594397333687839,0.47708523888120391021,0.50609220897524476168,0.53682609759508981284,0.56903831316387409878
0.24613902124890169043,0.26884747147312393345,0.29364917490859404614,0.32069819125478143951,0.35008663442308635139,0.38165609468827194073,0.41500098177610300620,0.44985764871976940960
0.11984579577101762971,0.14251737914912021576,0.16717220095677104430,0.19397681601481248093,0.22303599797818762784,0.25420719161824328891,0.28709990372204102771,0.32146554514820202542
0.05207449943715156127,0.07080301686155375529,0.09118028895246366172,0.11335100160080999188,0.13741041438954476606,0.16325668095129675095,0.19058920947910909516,0.21921752076261744047
0.06004515386863569504,0.07335719173529774151,0.08795902479167493071,0.10395305703001780917,0.12140973856660577934,0.14027105082731972097,0.16035110159117951789,0.18152822157232773037
0.12259754158501773302,0.13319666805651939057,0.14495175744268598561,0.15793109040721406422,0.17218082086329225544,0.18765552549336608767,0.20422251411102854135,0.22178722557216234978
0.16954432824395393453,0.18112844429848512506,0.19393495316923350935,0.20801915626291020422,0.22341164182563372220,0.24003910556951965627,0.25773121787030145446,0.27636481488646130744
0.13196862032039002877,0.14518290799596050844,0.15963875784834341554,0.17538892716219489643,0.19245426658278425025,0.21072243926521244672,0.22995501693834016765,0.24998566907749952826
0.01865255421218020224,0.03174798629595120686,0.04594128518742292971,0.06128461061228170081,0.07779520538573750366,0.09534623164300379261,0.11367187714817053590,0.13259269509718887847
-0.11471300892375130287,-0.10317175864743033387,-0.09074027530544219455,-0.07736477257553016351,-0.06302341554585801087,-0.04782448550538601073,-0.03200430799438081647,-0.01571824983689049798
-0.18419888708732171101,-0.17252368241956575479,-0.15997707809292704972,-0.14649482915432479602,-0.13204283230779850777,-0.11670821520601769306,-0.10069967289877637673,-0.08415287502462744096
-0.13898313614133367411,-0.12249709988020915374,-0.10478011761469270546,-0.08573716262430625124,-0.06531174347754188647,-0.04360142760708279885,-0.02085971932764064951,0.00274740893025309310
-0.06079093914914693308,-0.03651322231945103997,-0.01041782472303207432,0.01763888947298883694,0.04774421427486159192,0.07976071484400497347,0.11332291347763893963,0.14819201820831892635
-0.06868763360702474785,-0.03833056650349424277,-0.00570616642201202898,0.02937556085796109995,0.06703026797519319457,0.10707791517082056176,0.14903769607402733710,0.19260016909080518444
-0.22798997841757870364,-0.19833924190880181104,-0.16649281487596681584,-0.13224797449725705922,-0.09548180722814923749,-0.05638762201116251371,-0.01548147002995716240,0.02691249050778683760
-0.52017498981742038566,-0.49993252993868625422,-0.47818873223562113894,-0.45478332615693844998,-0.42962111241013234419,-0.40286383904843092729,-0.37493586597270250893,-0.34609460063608299407
-0.79850199111116881845,-0.79273980080693096095,-0.78646984895366567336,-0.77961929977645205714,-0.77214961373568957725,-0.76415802752991479618,-0.75587869223620185455,-0.74744548333455418376
-0.89082214348234833867,-0.89974132246970550675,-0.90907600931662591037,-0.91886047229343947862,-0.92912613395679122252,-0.93989590327289862515,-0.95117748231372556411,-0.96296696363647082961
-0.72942636251656889357,-0.74981589473420295899,-0.77125926078429873911,-0.79389371345410064684,-0.81782010124051496280,-0.84300240626218247986,-0.86925132626910450728,-0.89645098429341085744
-0.40961459980875902787,-0.43851982020238666760,-0.46892043604791000533,-0.50104417338957596417,-0.53505465700187626599,-0.57087381698570494049,-0.60815607606472721347,-0.64670138390261888706
-0.13144063325902091699,-0.16850860610338583290,-0.20754657398842246696,-0.24886146279752044408,-0.29267043990931146391,-0.33885078768027943052,-0.38690701859887643987,-0.43655498110771756570
-0.02041665339423197681,-0.06319523946114598278,-0.10827363458904727678,-0.15600279694003743591,-0.20662616007738957014,-0.25997812460680519431,-0.31544782732483500620,-0.37268273986452232771
-0.05048032523568582453,-0.09140914238452318985,-0.13444593054718390057,-0.17991966401152592603,-0.22805378551090799144,-0.27866975928973508614,-0.33115212439089597440,-0.38514524917823805827
-0.08801721230469788937,-0.11753532891587173403,-0.14834012141899932669,-0.18067373484102788872,-0.21469916099163863232,-0.25028006777074235378,-0.28695093440097624304,-0.32444899919943670508
-0.03416436366769586702,-0.04735159708855116861,-0.06072098207938530362,-0.07440191503387580396,-0.08848397455867391959,-0.10291130617303316519,-0.11745940346651037589,-0.13201592188619301615
0.07594251448371071300,0.07431560764893874182,0.07323346781499009972,0.07264681676300784041,0.07251808450452348898,0.07284575282056907075,0.07368181182489354220,0.07503228222432699324
0.16701334406433199220,0.16753008683199288598,0.16866288462897163769,0.17038204265648423941,0.17266487332416508016,0.17550777159763869539,0.17894058294783893315,0.18295820921134844927
0.17976045665950754482,0.17591285797199643359,0.17232505781596751948,0.16894291906094879852,0.16573063942911092639,0.16271725290846797418,0.16001060399801769751,0.15765683517630174615
0.08981723196157853639,0.08045984052711166457,0.07094065767931143074,0.06116988654946982351,0.05108889478028404152,0.04075476263778605307,0.03035529036801969463,0.01998833368193615387
-0.05290445009332706006,-0.06431995387207017911,-0.07606335094915504802,-0.08824112459124085206,-0.10092586494404656716,-0.11406420286006813125,-0.12746069877405744042,-0.14101212549547403885
-0.17369037431075137756,-0.18503076822800482160,-0.19669608777672756283,-0.20879356687882891230,-0.22139969079898250137,-0.23447796466522685677,-0.24786213557199004986,-0.26146658661590227446
-0.21373817115523655041,-0.22792389563654388840,-0.24261949328453813468,-0.25794671658060736030,-0.27399161101858587886,-0.29070768176775707570,-0.30789822642026831723,-0.32545687597111461198
-0.17283747762457415953,-0.19423598843019343474,-0.21663565272563428676,-0.24019788844428907604,-0.26503077014860926264,-0.29103956238853329053,-0.31790774381278580352,-0.34545152269715834192
-0.14292683398062372424,-0.17296982806969116164,-0.20464523818220500817,-0.23816055797268659289,-0.27364760583379443837,-0.31094566020739922152,-0.34958217035026384334,-0.38927185859507995591
-0.19713492965799361833,-0.23190421698117436033,-0.26869403126854002339,-0.30773098197696363565,-0.34915339228375952274,-0.39275519093707755847,-0.43796825569137926015,-0.48444302126117566587
-0.28503409115426431297,-0.31746316951680814133,-0.35178050304615021693,-0.38819157578452928581,-0.42681858781380571655,-0.46745792747568043479,-0.50956482779046063936,-0.55280263150406283579
-0.31445999680764158413,-0.33998171567770835155,-0.36691119281950879127,-0.39541478617431013998,-0.42559147572654715264,-0.45727758421641451214,-0.49003286141203233894,-0.52358862980930420683
-0.28557205780509331561,-0.30506087072877630106,-0.32554427091939802663,-0.34716222188722944964,-0.37000102604682949536,-0.39393957829189651942,-0.41863570123120336097,-0.44388627488057730286
-0.28435289914713851589,-0.30354882449629466690,-0.32376306893574163803,-0.34514187359996656435,-0.36777874974436991495,-0.39156396618427252720,-0.41617056802571145147,-0.44140609953325793402
-0.35480276561844897865,-0.38025756281138545223,-0.40726322507195994449,-0.43600645602337856355,-0.46660799230078314759,-0.49893245688649129344,-0.53257399257048465557,-0.56728726906249515860
-0.41590245124295194268,-0.44861286779941483838,-0.48346393537245740957,-0.52069119241482653138,-0.56044929868977322318,-0.60257777611873919454,-0.64658530155312876619,-0.69216996598165692056
-0.36597884394116192430,-0.39866306362190673251,-0.43346808338093489876,-0.47064202525806331234,-0.51035353965694230105,-0.55246351540390858936,-0.59650689355585151397,-0.64220148333332527368
-0.23521675702144861919,-0.25720782498623284695,-0.28046962964428151510,-0.30519993767694797437,-0.33154192391150738572,-0.35943213744445962066,-0.38858091106607089982,-0.41882465958050663080
-0.15079953953919891796,-0.15648870219075236565,-0.16220802009836698954,-0.16806230244862382928,-0.17413934149649307193,-0.18047066430437533335,-0.18701332667825945610,-0.19376633594572759134
-0.19994960522012117377,-0.19365750838924045141,-0.18651579155885175676,-0.17854920927831599564,-0.16979363979892625469,-0.16033976795861135112,-0.15031814259439957304,-0.13983845439814318601
-0.33531180924814762978,-0.32873877674185753017,-0.32130875019472232568,-0.31303207457397042024,-0.30393200165192757467,-0.29409238617592209364,-0.28364470000044889053,-0.27269535407619338585
-0.41094528662612944681,-0.41440499027110744290,-0.41773822558357726065,-0.42101218364888887136,-0.42428583534641861608,-0.42759484626949312291,-0.43093676334484265489,-0.43432912159121717099
-0.33926215762688122224,-0.35475147930580991362,-0.37098871758406937182,-0.38812434593473293942,-0.40627511192939164131,-0.42543472537941356970,-0.44545463688613279318,-0.46625890678317410964
-0.16573713225015351824,-0.18667817745255718687,-0.20879375535436908717,-0.23228514156135812718,-0.25730840806580329572,-0.28385275377199947755,-0.31171793882690157496,-0.34079746878880451399
-0.03797754727900368860,-0.05376408259875584822,-0.07040459895608860985,-0.08807584648530426830,-0.10692065895388044861,-0.12695972817856812642,-0.14807027448903339883,-0.17019678528833723230
-0.07920308687488154809,-0.08274300586155756976,-0.08629099428635506053,-0.08993322288400339148,-0.09374829889770813773,-0.09779459875775249611,-0.10209508055856475472,-0.10668494231933119132
-0.23375578240212593895,-0.22639958466362816725,-0.21828368389743829647,-0.20940097413857755582,-0.19975992800746741884,-0.18943702701431014424,-0.17856867046200788907,-0.16725773094579185485
-0.34596484224983659050,-0.33605292565252425918,-0.32520941484157434020,-0.31339411545696238548,-0.30058731936673765972,-0.28685458978972039334,-0.27234224314089738872,-0.25715565174078652833
-0.33012965145248535093,-0.32754373956968635406,-0.32456796739993420964,-0.32120863058985815730,-0.31747539160931881330,-0.31339540178440900009,-0.30900719270473586686,-0.30434663904376635379
-0.21848268976499438110,-0.22781744186569738431,-0.23763752281885652806,-0.24803747985924665120,-0.25908740042977773665,-0.27076610564341624388,-0.28295046992697997501,-0.29557528034792268645
-0.13140052585452371980,-0.14883196323105529757,-0.16734548245561903235,-0.18709680248501969757,-0.20819815678563491357,-0.23059620829899080130,-0.25405815599409298233,-0.27845051636913664694
-0.15360904731699615011,-0.17081170438935508460,-0.18909909868384250364,-0.20862425062107950446,-0.22949821105961570877,-0.25167221973481868069,-0.27492424721316893743,-0.29912656046264979315
-0.28243332965554951430,-0.29300257291554715477,-0.30422530044565160301,-0.31620447232959020267,-0.32902010063775083415,-0.34266670918076980179,-0.35704297676028912134,-0.37209409816513111524
-0.47718140599458286344,-0.47993349555128039796,-0.48284499617008552752,-0.48595993939243276039,-0.48932351214758668112,-0.49298983405228868904,-0.49701519312239778037,-0.50143951326679381264
-0.64333452941775604028,-0.64158567378706798934,-0.63974922135928180555,-0.63783520519879999267,-0.63587060532583272732,-0.63395320670929100615,-0.63224726677052667245,-0.63085659417305128827
-0.68165447588853700367,-0.67931200636689514916,-0.67690749394877969269,-0.67444735119439869209,-0.67195793101267764502,-0.66954783914336335471,-0.66740473027593294475,-0.66564524702722016603
-0.58948244711592001632,-0.58752729653426816192,-0.58554979834440534781,-0.58355719151063056849,-0.58157379937316722174,-0.57969437154682290636,-0.57808160275582942678,-0.57683635795802823409
-0.46180820744332407024,-0.45966998909923156846,-0.45741547650268110647,-0.45503981033933310618,-0.45255247106195756190,-0.45002173493778613311,-0.44757288581787957327,-0.44528331938446491511
-0.41767545283364915232,-0.41601709951613330407,-0.41410525116520313649,-0.41192068518354008066,-0.40945494116625474890,-0.40674378246998865727,-0.40386500708400946413,-0.40086613341838411850
-0.48214004809109206606,-0.48291999536239971214,-0.48341397589229068155,-0.48360812226027427574,-0.48349263035127726384,-0.48307641515465427062,-0.48238197648535996453,-0.48142382062887428829
-0.57863850411921080585,-0.58345536380723528325,-0.58816695054352607919,-0.59279458543038343610,-0.59735408876751527885,-0.60184440696944374594,-0.60623794467639879890,-0.61052180352370821748
-0.66111889391348399592,-0.66980492591752194276,-0.67873640810176094629,-0.68798058775621484529,-0.69759024422094406681,-0.70756739493798859186,-0.71785086723188717972,-0.72840981393138992672
-0.73483275258424296528,-0.74620843294083005759,-0.75820008131786820194,-0.77090042551532977910,-0.78438176870571030275,-0.79864113188371932406,-0.81358925529914905006,-0.82917535101048633894
-0.77709962366289064839,-0.78924581071533661536,-0.80220504413919535569,-0.81605845445636704394,-0.83086563743127883619,-0.84660324769281003476,-0.86315885008930537392,-0.88045941500208202424
-0.75201959163395470931,-0.76229705965132432688,-0.77326775228475164159,-0.78497506415983941963,-0.79744612558358396459,-0.81064307531057111511,-0.82446133072816074616,-0.83882588787107548178
-0.66979238687035569377,-0.67695879633359046235,-0.68451343715586465688,-0.69247027805652838772,-0.70083490703312267822,-0.70957898280625586462,-0.71863905046992193615,-0.72796561500704826120
-0.58657000307666218308,-0.59141139517255247871,-0.59643439886662352745,-0.60165560424159092445,-0.60708887181314141746,-0.61273881535678609289,-0.61859684515014545791,-0.62465364785702381933
-0.57764776767089309750,-0.58349305174456311818,-0.58965506515086041350,-0.59618798544131057504,-0.60314082926012224650,-0.61054642920317281352,-0.61841384604757598797,-0.62675136861392333198
-0.66445262271041982682,-0.67672339687578386691,-0.68986021946716968856,-0.70398298991138108516,-0.71919036456265994506,-0.73550280826940750423,-0.75285157348179321257,-0.77119969563432955173
-0.75095396262249514141,-0.77172570831197151442,-0.79399781878701225502,-0.81795606585806923672,-0.84374281065225187337,-0.87133527489519324583,-0.90053146746928391941,-0.93121237914147581005
-0.73703533177019020517,-0.76209964065096846841,-0.78890726988037951362,-0.81767267844605573401,-0.84855399587884194901,-0.88149359892126666338,-0.91620199704326477086,-0.95250712085811040097
-0.64032153810272596228,-0.66217290556245156363,-0.68543786842818810179,-0.71030711623072995131,-0.73692035072563166764,-0.76522306100346071389,-0.79495021983661384724,-0.82594775133606856965
-0.54929029911409088527,-0.56177444295610545755,-0.57496144889846656501,-0.58898167049027838615,-0.60393658309744702173,-0.61982123555616708277,-0.63650970190620848044,-0.65393765124950931078
-0.53866862225001466147,-0.54236243334323019916,-0.54616080621336082768,-0.55013977318410656192,-0.55436950740849932906,-0.55890494952609004464,-0.56377346984426313092,-0.56900760001576866642
-0.58244053830995456966,-0.58544758772658689328,-0.58852038711699561357,-0.59172748202549596552,-0.59513577389286465014,-0.59881356438792832098,-0.60281856575226189232,-0.60720058940646659540
-0.57048821698677909531,-0.58107531782652199759,-0.59219848873985680981,-0.60396221108819825307,-0.61645222030745538966,-0.62968765382732605485,-0.64360736310173760621,-0.65818324805794026222
-0.47185057615393111163,-0.49081196492728962344,-0.51080734169860941840,-0.53197566234011084418,-0.55441552888432210633,-0.57807232157861820898,-0.60272349972115102368,-0.62823603432173424910
-0.36728596469733565399,-0.38740728550367331540,-0.40863045093378902450,-0.43108817377347691258,-0.45486720763879134877,-0.47987715064795122277,-0.50583770387742188479,-0.53257713529910588601
-0.34227218407586901261,-0.35375581045231885291,-0.36584522556234383428,-0.37862071889733545094,-0.39213583334307960948,-0.40634161187714623598,-0.42107830931014522680,-0.43624990131029456331
-0.41969711541675325250,-0.41687842583603190727,-0.41380021084774271101,-0.41046504125282867737,-0.40688401659232364960,-0.40310504659802204319,-0.39920909869606263642,-0.39525343877663671188
-0.54698252391228230351,-0.53285075351478061734,-0.51768016806975958310,-0.50140891266431675266,-0.48401292962249969909,-0.46562147215489207985,-0.44651529254928651325,-0.42687962491363501405
-0.62760560948970411932,-0.61319795344914906909,-0.59757654752500277695,-0.58067212733981643513,-0.56245460894118337603,-0.54305385029556318965,-0.52275561889103883129,-0.50174999073563275598
-0.57438910165301471089,-0.57128771422464386109,-0.56751950701465725402,-0.56307652370540739462,-0.55796039603889935332,-0.55221702922505588873,-0.54592667877659972753,-0.53915217693480166350
-0.39378068038425856345,-0.40549918391557099318,-0.41739367462047899382,-0.42954705544494209413,-0.44201159382659865882,-0.45472611273066848581,-0.46749949047388300594,-0.48022699162020865415
-0.21077161818611550581,-0.23079743624866014273,-0.25155230971223790926,-0.27317755320232245397,-0.29576047184773091026,-0.31918306374214400201,-0.34310243801113587958,-0.36732061820634687166
-0.15123624577502656208,-0.16825872580435774495,-0.18594338991023517949,-0.20441917419803806721,-0.22376805764663545983,-0.24389369535115085208,-0.26450448769771084390,-0.28543377527501057056
-0.23035949049444504055,-0.23832974482556845697,-0.24653680067224184591,-0.25505581680998951066,-0.26393912364752358801,-0.27315448838653627606,-0.28257375184625876940,-0.29212981364186163535
-0.34697994073538490634,-0.35124446101105660789,-0.35560627954053508626,-0.36012136094796387553,-0.36483483546169381828,-0.36975428767795620599,-0.37484052622845298597,-0.38008032883705655802
-0.39268630632332129915,-0.40379408404881239614,-0.41542011462410094458,-0.42766900600950130684,-0.44061945393886076117,-0.45425452294650831009,-0.46844835008765961515,-0.48313446547748994941
-0.36294529400958874810,-0.38686578639772634114,-0.41201930825261279256,-0.43859083578330931852,-0.46670742122703007260,-0.49627580664212678219,-0.52696239244077758279,-0.55857255901706726053
-0.30958284147489439908,-0.34325872506332549827,-0.37870373377923088887,-0.41615668613564732459,-0.45577274653912303037,-0.49738554157823067214,-0.54048318540227546780,-0.58475959105237529378
-0.26447393577383060403,-0.29669929342294798502,-0.33063135923771291846,-0.36649449869084477216,-0.40443053348156660087,-0.44426274284961581040,-0.48547427152523719984,-0.52775471803027218520
-0.25922613099341590415,-0.27883103610298309860,-0.29947895316646827579,-0.32131575227109848703,-0.34443323169585221555,-0.36871453391407710276,-0.39382043847337933062,-0.41955015515156379724
-0.32098644467416986847,-0.32582011102357372190,-0.33091326412036903282,-0.33631812864833993126,-0.34206806891342883548,-0.34812405245483929450,-0.35436994804732518949,-0.36074184284405180767
-0.41743272073751358509,-0.41422272747449556674,-0.41086717994558735745,-0.40735928327818093919,-0.40369365330907469591,-0.39987010701226277654,-0.39589526091651500161,-0.39177762922644121524
-0.47895353232241305586,-0.47708307069029853853,-0.47518534560645819820,-0.47325013028694007389,-0.47126599171877819883,-0.46921488609376055257,-0.46707550688045440523,-0.46483484039924877207
-0.47478357588927871946,-0.47978333896669350667,-0.48516016334822126277,-0.49094302717021309768,-0.49714221080411064024,-0.50369250166802570501,-0.51045397882912735277,-0.51733903309646778190
-0.41495519934824470765,-0.42560616987041927084,-0.43695875043964027551,-0.44908836480004299396,-0.46203580935432869703,-0.47570502915709478309,-0.48985983084474932214,-0.50435641021999610967
-0.30111667950859494214,-0.31236943095865088438,-0.32441063438621803305,-0.33734295190632812567,-0.35123082132784438913,-0.36598934942208005694,-0.38137866352013871651,-0.39725836141855092043
-0.12351895228193418563,-0.13132611041747735414,-0.13985513048673486880,-0.14921730819262199463,-0.15949320969343369625,-0.17064498085537424532,-0.18251067078843360991,-0.19500365260328283989
0.07062994819562834481,0.06567670020173128898,0.06001911138225193842,0.05353867825038097217,0.04613946342543403384,0.03781070040579365826,0.02863214455520923449,0.01863625029635482613
0.16403429797840987647,0.15729251327414256467,0.14969459215468586266,0.14110884327789538495,0.13142647577903981970,0.12062463338899910570,0.10877274821011165273,0.09589847451758291841
0.09330101098163515183,0.08191029778146033391,0.06952380776769809256,0.05600786606634204634,0.04125721514806568457,0.02527442591503412800,0.00817812459607028877,-0.00996750460430303846
-0.05527359983414391331,-0.06919283347345414614,-0.08400441215556726793,-0.09981980607831408836,-0.11672073142285198377,-0.13467537013107522270,-0.15352879861737636635,-0.17318828028305485733
-0.10712578151300770901,-0.11933318505960591183,-0.13214299872554352566,-0.14563885162883294377,-0.15988008825727173523,-0.17483429948070169924,-0.19036720686471633734,-0.20639811266194510453
0.03723297273062913665,0.02874379567284533407,0.01988283726367712570,0.01056960235528268087,0.00074112470090628854,-0.00960209448948986036,-0.02038495933194608978,-0.03156982034199259241
0.29055702942093525332,0.28376537335792523242,0.27657013556021925460,0.26886112540385864733,0.26054503579169230321,0.25158714151797040293,0.24202439970834593863,0.23186194086671291226
0.44797307841201050582,0.43980541756604185633,0.43100486129463960738,0.42142589767291344094,0.41094582666273049565,0.39952279155126368959,0.38721015481561721350,0.37401867941471389489
0.36607645244234238158,0.35561759444564311483,0.34435914198359696137,0.33214903841306142596,0.31886529224808035643,0.30449654833205364035,0.28915548667044399522,0.27289205354751233656
0.06963724093733179854,0.05685177770558033639,0.04323430833206486773,0.02865491416587754095,0.01302090111896507009,-0.00361866667247354255,-0.02106214378981109345,-0.03919721778935967432
-0.28782709930392863518,-0.30443927336978626741,-0.32197626886230518162,-0.34055249124632858138,-0.36023500629908250525,-0.38090655370002995950,-0.40225633451345493841,-0.42409678350845053663
-0.53190481016529500558,-0.55432937142505289696,-0.57798933541408004100,-0.60301920778859940953,-0.62949295242925706884,-0.65724736979437381468,-0.68587174572230857894,-0.71511245471341500224
-0.55314837521882187499,-0.57959421790579090938,-0.60761226683067337540,-0.63737459240966376495,-0.66898532200721527730,-0.70228326732222734474,-0.73682931376018345748,-0.77235259278508083813
-0.34983848230735059559,-0.37307769888163544447,-0.39783475350602504061,-0.42428854469937599125,-0.45255979123769729533,-0.48254393026022129876,-0.51389827892928918729,-0.54641561737764399176
-0.03533268164805573874,-0.04716806130436753536,-0.05989134773479713042,-0.07363062805549414058,-0.08848345708451556269,-0.10443185648122946252,-0.12133267993295464293,-0.13910744685115614128
0.21740117386778406994,0.22026981329851988423,0.22321286092554601388,0.22619275620891185485,0.22916832176751478212,0.23207973079162730334,0.23485291975683952881,0.23742824060108649875
0.29651871250479050479,0.30894163001371927058,0.32215638211350072773,0.33619583547465975437,0.35106752355627651729,0.36667540299852330321,0.38282083872501759814,0.39936567605254497115
0.21179323258881260772,0.22252138850838837358,0.23402809511439903734,0.24634421559965072324,0.25947985501628101357,0.27335954130484524383,0.28782432242963512659,0.30276101316297732158
0.05748499727827158928,0.05809295898060588131,0.05887200539088487811,0.05979254353959388008,0.06082799599017872649,0.06195926150340474309,0.06318114378954539645,0.06447740534384456546
-0.05310582827898750052,-0.06214804547971494036,-0.07163536404692293080,-0.08165889793024051768,-0.09228444036795933891,-0.10348316794996123558,-0.11512114085438228395,-0.12712692228279087736
-0.07319775507009165794,-0.08476217486548641433,-0.09696531024852257652,-0.10992021898044483652,-0.12370909205750983684,-0.13829826959917285167,-0.15352637003648178515,-0.16930535324930640062
-0.04232160607672689340,-0.04948266976118485816,-0.05706624046487675239,-0.06516936328178581095,-0.07386914380153830617,-0.08317040137874437411,-0.09299496707435457588,-0.10330864156360902717
-0.01073506392587249454,-0.01239608752721926485,-0.01419221717800858533,-0.01619893764396385452,-0.01848501845605549088,-0.02109953512417536009,-0.02406261929987019502,-0.02740390378149423767
0.00101412010771796007,-0.00003219097619112886,-0.00118371275213255607,-0.00252104171842970062,-0.00411918284633809844,-0.00603860678014878603,-0.00831517085263818595,-0.01099063241478120262
-0.01544007459640042192,-0.02200482196576558636,-0.02894648250446621093,-0.03638118254906413246,-0.04440598571189804944,-0.05305146974035548219,-0.06226786221179440861,-0.07204505130304129923
-0.05759906971836260131,-0.07029666034290998899,-0.08362470984768528848,-0.09772807928178189885,-0.11271798904578435307,-0.12858246814252752288,-0.14516885263762652203,-0.16240266879707906944
-0.11085477698463926111,-0.12346648441852463296,-0.13660229163124729124,-0.15038709546304246389,-0.16491289422528768172,-0.18015052894470162670,-0.19593302952189237121,-0.21217392366162035611
-0.17019891585552712754,-0.17688853021676109734,-0.18371391300163320004,-0.19073839288625171751,-0.19800706398208950398,-0.20549893951558093064,-0.21311592041480700854,-0.22080871537095761448
-0.22679456831536440320,-0.22826025228460591898,-0.22957996774195571499,-0.23076493109923409963,-0.23182071334942194740,-0.23273349386694672236,-0.23346491126451598963,-0.23399721120043423528
-0.25643570660053444099,-0.25919564895550983863,-0.26195518119342753316,-0.26472922879646343386,-0.26752425905579979570,-0.27031513841851717572,-0.27304130244246888060,-0.27566843255133910429
-0.24872820409205426140,-0.25829344659746916735,-0.26832545005818614348,-0.27889035011580687318,-0.29003032533022321537,-0.30169583266848598591,-0.31373835794415227962,-0.32606938527536871719
-0.18186421790320253522,-0.19583735064933674441,-0.21053666795026571013,-0.22606716093935716461,-0.24250012989794059171,-0.25977857894659800442,-0.27770601762066321472,-0.29616676267233199571
-0.02163203486023904804,-0.03191476918654174988,-0.04262432819636702286,-0.05384880513866594637,-0.06565192009608696033,-0.07800713532279776596,-0.09078564681238973644,-0.10391720370773786797
0.18924068154555553911,0.18814695466675232516,0.18727945510777513349,0.18660696008846644478,0.18610064556087196896,0.18573491829737109882,0.18549723925675309921,0.18536719994202019435
0.34045010389422308839,0.34644238383534670112,0.35314985735410964196,0.36058609941369929031,0.36875022203561402812,0.37757808755030647374,0.38695000567822696036,0.39677734316128254743
0.37231597803539417946,0.37777452569600239451,0.38391946913834917865,0.39075981075239812901,0.39829029411132038652,0.40644287702518833161,0.41509511082997696541,0.42415657319125499303
0.31472027097892929515,0.31223785301042217277,0.30992603370190258127,0.30774230552619269430,0.30564632770780836291,0.30359891685839329734,0.30157407048284784468,0.29954277621770719620
0.23752944869201236822,0.22408772348800098939,0.21007484665941231206,0.19537791847102020659,0.17990910740032947657,0.16367129239958391751,0.14677440150819365261,0.12927669778437098080
0.20280777450550618868,0.18194700487402995503,0.15994504615095211930,0.13663727374051939933,0.11189903958957364560,0.08575485406405665423,0.05839705304257158253,0.02993756121110122820
0.23371578013559610176,0.21370451950805047225,0.19249999833704373176,0.16993133212994390724,0.14586559134273616167,0.12031094825222662936,0.09343467509903512214,0.06533223387907222124
0.33148715355028351981,0.31997055034784838146,0.30774053077865576311,0.29466286080854492413,0.28062498879408143138,0.26559122568434662126,0.24961792899885312802,0.23272635878687311650
0.49726576655866000509,0.49717191838440988327,0.49711150665767178669,0.49700545802573165011,0.49677513727617644834,0.49633457601696284733,0.49560283984874892171,0.49450796284195247532
0.65542341207527698987,0.66326725055263235920,0.67174494802918727210,0.68082194706982013255,0.69045006136114628337,0.70051793388641947491,0.71086197002204210005,0.72135302771726017568
0.65267974473306278327,0.66093262529963314744,0.66991592942067801353,0.67961114230047914297,0.68998619949576145416,0.70094709884587835802,0.71234784087569358313,0.72407191920338387359
0.42250253640787482912,0.42460434085199683096,0.42701404905258838474,0.42970376097241863578,0.43264333832428486515,0.43578794778995999515,0.43908614978016730079,0.44249031330441546128
0.06476721477854537057,0.05812013439461987535,0.05111873190582726101,0.04371443328497344460,0.03587196220769133664,0.02760609688117724586,0.01898713612235694223,0.01005702236661147608
-0.21504078160831949229,-0.22836314623974071636,-0.24257682650620138176,-0.25775269246853310667,-0.27393609945661484550,-0.29107187196655570638,-0.30900054585637481974,-0.32761528697598579773
-0.25770111004226953222,-0.27232850546507131329,-0.28796193609938680602,-0.30468579915282439918,-0.32255555438350624886,-0.34151297900593419188,-0.36138175815455364503,-0.38204523235804638270
-0.09096346506769040219,-0.10077446041105074526,-0.11120239059441223983,-0.12231857454719911871,-0.13417295730269354626,-0.14673351717570023989,-0.15988036516323375635,-0.17353992145622643140
0.14235316179634283085,0.14157386727291518258,0.14087665609920804743,0.14023343685518604995,0.13962056468801903319,0.13902809670111218598,0.13846562904901696389,0.13792953913956215728
0.31387016034778397744,0.32165532906142013658,0.33012876989790590487,0.33931209746776241909,0.34921348269261320851,0.35978412686428190570,0.37092199336350312189,0.38254990886649020698
0.36552622533634371305,0.37605679926496837773,0.38739702295178285452,0.39958834226627476527,0.41265237479380972863,0.42652970496228637121,0.44108107182720179829,0.45620761271148912996
0.33567166995946068342,0.34070693275640445696,0.34608803363460444169,0.35182305842376676575,0.35791284856788285751,0.36432782372435135176,0.37100907251890941074,0.37791126050972723149
0.30241043379135235103,0.29692261411875980892,0.29102184088514776450,0.28464676950876394157,0.27775422154613194081,0.27037084940933120425,0.26259711988161721363,0.25448900796830464799
0.33456551511360088647,0.31946338667508339393,0.30329152339282294815,0.28592017309999662178,0.26726211682593714603,0.24739535823989772245,0.22657097167153428252,0.20493817252283233477
0.41157664802043381069,0.38983203046757008980,0.36656897828056028699,0.34160705940560465166,0.31482580441475788158,0.28633792470686025844,0.25650031469225065273,0.22552652545282192431
0.38719530610499686141,0.36041020276894475405,0.33173346207034765110,0.30095491406900987119,0.26793661538081303686,0.23282277510505086648,0.19605140268153525840,0.15788865372071941851
0.19365539068816287060,0.16260458372027911111,0.12928997300074054899,0.09349058580431623966,0.05506616996228992644,0.01419452397478505705,-0.02861916743173881228,-0.07305960524812199486
-0.05501416887017690494,-0.08902501190631700867,-0.12557050060343080689,-0.16487025635834126613,-0.20705900175963570797,-0.25193444049709673438,-0.29895075561864259406,-0.34775917466027744807
-0.17794338955898125754,-0.21246010133951898080,-0.24950964671201028566,-0.28930352998209407644,-0.33196949801324354690,-0.37730230426068950278,-0.42475758382487371900,-0.47398449726894226197
-0.06005107221411815771,-0.09311437182201914853,-0.12845770162215675025,-0.16628757835256791076,-0.20673040517556845463,-0.24959611309652632305,-0.29436887284372370566,-0.34072026309510461406
0.23170792039520093919,0.20080104157439557233,0.16793282218033436792,0.13289701216901081415,0.09556408668732781220,0.05610458545866885138,0.01500268532404015580,-0.02744104427544686794
0.51325894225381940572,0.48528615218660930974,0.45561587537080155963,0.42404708441043237332,0.39045055405493372946,0.35497589176306165726,0.31806700460723574819,0.27999333858404273911
0.62707653741279634207,0.60231418565089012152,0.57600815584907572031,0.54797175247532470266,0.51808314760060902859,0.48647216327079495501,0.45353422528482406628,0.41950759846372581707
0.50849279411332637402,0.48667711570628163775,0.46342825593938918871,0.43858895699252842260,0.41205811292562311010,0.38395376889581395163,0.35462312973599097177,0.32427915185477185211
0.25701793520596971643,0.23901068857509025212,0.21980513502674142723,0.19929035486051793757,0.17739925220892721613,0.15423743062884356925,0.13008885062262262600,0.10513368998495745132
0.06918297207849628816,0.05671901060339479966,0.04345519767332790828,0.02932951382462901588,0.01430787233278417968,-0.00153289918457109593,-0.01800229335712495715,-0.03497541374229377192
0.04373546140541840349,0.03680472375165913523,0.02944372458783691901,0.02162057378387926415,0.01331692965121904909,0.00456805922409695645,-0.00453534847624213668,-0.01393238981785848742
0.10603054890861730863,0.10048411421862764314,0.09452607262714900205,0.08811899381820340049,0.08123472594187125528,0.07388103593934401692,0.06610381293774385270,0.05793394289446428258
0.10220348537245495246,0.09173361105798595594,0.08040645035609630953,0.06814976648023861328,0.05490942398476818254,0.04070231007887976926,0.02561904862159055524,0.00972157208379006120
-0.05470816876397783385,-0.07434069796365633254,-0.09554469160019093965,-0.11843605080648078598,-0.14309621934217670036,-0.16946953491444399775,-0.19736044174771552595,-0.22663263257020782593
-0.31502976329703391567,-0.34403135981956689537,-0.37529708858531690696,-0.40898257065550253087,-0.44519334332008425603,-0.48383465796057811836,-0.52460841257723989095,-0.56730440216827182631
-0.53231671614585007735,-0.56585937810000130899,-0.60195995259315282500,-0.64079278080944668261,-0.68247710231638869516,-0.72691214543799387293,-0.77377271475203368567,-0.82282689357592575519
-0.58299857169238278320,-0.61353603437618120520,-0.64631400427241736395,-0.68149397939391975765,-0.71919162887240262183,-0.75934139225127528228,-0.80168953837994927358,-0.84605266960615876926
-0.45699357284598579598,-0.48037409534809416556,-0.50535539024978248790,-0.53207115490233058974,-0.56062301713607998188,-0.59098859849860552185,-0.62301193710114222135,-0.65658071601394718542
-0.23721811609084286765,-0.25531024984936984135,-0.27451972756994946767,-0.29496357530969097294,-0.31673184609121995958,-0.33981260776730587425,-0.36408058400802240095,-0.38945281503583967231
-0.00905333794470973736,-0.02695995180074649972,-0.04590800046974818915,-0.06602437665874426320,-0.08740042951517872083,-0.10999219689400091537,-0.13360793021387809554,-0.15813018236866668853
0.20911705690451798390,0.18815775749447496978,0.16595048286095986922,0.14234038461520115426,0.11722292014710954111,0.09068725366335826654,0.06302961107793467188,0.03442861521145320486
0.42490205130683195156,0.40285613451252094697,0.37945713689748566955,0.35453177601037327848,0.32796376974162438911,0.29985664923608185140,0.27054780311249754243,0.24023813604328517202
0.60524677764093970378,0.58729370597200947213,0.56822338457215337826,0.54787331955756646273,0.52612984663731099388,0.50306600557564429277,0.47895539489660576837,0.45395490866999210766
0.67905582006266906880,0.66849541516488253379,0.65728336116743379947,0.64529652344728216651,0.63244359479262834967,0.61875269765735096961,0.60438314464737818987,0.58941794488121324047
0.58522666348314422713,0.57961992180542520892,0.57369772173168875895,0.56738151109346812717,0.56061268720763401952,0.55340670764344490618,0.54586131963260720035,0.53802378920829097009
0.34307067726443918332,0.33558740594476982322,0.32768796276236134002,0.31931340438047628449,0.31042811377091461544,0.30108675518134592197,0.29143918315323064094,0.28157349437748435683
0.06401537790683550777,0.04941936294854557682,0.03391564952308839809,0.01743132208904815683,-0.00006834353364623002,-0.01846613555203987372,-0.03749006914405359631,-0.05696571520155604279
-0.10054646191678656697,-0.12226758113823697760,-0.14548423010197716887,-0.17030760109222015108,-0.19679602346432198412,-0.22479659495277495851,-0.25394264290609191992,-0.28399475333278989542
-0.08709624023526778280,-0.11186327331259904305,-0.13851345962890743158,-0.16719903660462506756,-0.19801327767435789040,-0.23081474062841703110,-0.26522381795224464485,-0.30099398198495624923
-0.04819763881886404699,-0.07223795287345444183,-0.09824069545990200825,-0.12637351807080807187,-0.15674595989215417413,-0.18923677500601937540,-0.22349041737918429185,-0.25927823316425474554
-0.20338932045864469011,-0.22807538475600128147,-0.25473568068319357716,-0.28352571961748179730,-0.31453948713506102441,-0.34762496576054102704,-0.38238254802986598735,-0.41855298343322200338
-0.56656061483551622970,-0.59733852990537494865,-0.63035618314019292718,-0.66575881812199655396,-0.70361464698813491747,-0.74368091940461578115,-0.78540491762323205727,-0.82842154105732423996
-0.91167909323780027542,-0.95208478963636822279,-0.99528107328160730916,-1.04143468977271713705,-1.09061282440133666682,-1.14247986023155623236,-1.19629904049715096725,-1.25158059280696720705
-0.96037929523841369939,-1.00852213195633644283,-1.06005342978784500296,-1.11519910327364124569,-1.17406775231882765098,-1.23629568782420018458,-1.30104587279094419117,-1.36776558386215607577
-0.61552862364667826345,-0.66459575011045757265,-0.71730585958198478380,-0.77395176683383704042,-0.83470607922317963112,-0.89926216986959250921,-0.96682763550498607152,-1.03688952114687182871
-0.04356422336278711199,-0.08548985060121978841,-0.13071418693679567880,-0.17956133220047346133,-0.23224988865948958949,-0.28858356915744187710,-0.34793880108025443398,-0.40992686346573087297
0.44481968810319710839,0.41288688110929716579,0.37833396040967515184,0.34085155057507993126,0.30021459316858828403,0.25652466700426584945,0.21022584558738852123,0.16157968266992378537
0.59929131953836867197,0.57182709763876193865,0.54217160064754410520,0.51004745758060332506,0.47525210124663302969,0.43787139917104894726,0.39829572708999866348,0.35675032048738208879
0.40414910720250796228,0.37330862290737581999,0.34020101772177502308,0.30457540773063951356,0.26626194613415260504,0.22540707306494270346,0.18248689455743466459,0.13779047274703101755
0.07798351337366074554,0.04247266996597044014,0.00444202625188119381,-0.03633003143488058168,-0.07997703645878338763,-0.12628340264465739984,-0.17467623748846672349,-0.22479006367856355086
-0.13337758123078441441,-0.16710997980325090206,-0.20327726499932258220,-0.24205412420420235886,-0.28353574673647158333,-0.32749843447181026246,-0.37339713726582979270,-0.42087262367361133464
-0.15820112806301503405,-0.18278474032490416024,-0.20923377557025685247,-0.23766227984817187013,-0.26812946859679448464,-0.30047252261140056095,-0.33430791538426596343,-0.36937602135264335779
-0.07958644675861550888,-0.09433224837750989189,-0.11024864391010527620,-0.12740290446315341577,-0.14583118644788936602,-0.16544320823197997128,-0.18602385242249894204,-0.20742475289963446805
0.00108517464686653251,-0.01043893593763918319,-0.02277216682409657217,-0.03597664550759718805,-0.05008946004476434732,-0.06504830548894759146,-0.08068938454732900445,-0.09690442927120306027
0.02911149121595800818,0.01395328979235292699,-0.00208932582665585006,-0.01910697374153940212,-0.03715493215393864818,-0.05615079552200900187,-0.07586737905576834695,-0.09616188130088286490
0.00698703675800436182,-0.01328962611450649686,-0.03473647775145861233,-0.05747373777093252312,-0.08157381974384250722,-0.10692265132375215753,-0.13321020970975031017,-0.16024183782993517422
-0.03217280699680705874,-0.05476074628100943004,-0.07874799932578446793,-0.10426397242982415881,-0.13138625201497533546,-0.15998891611481580455,-0.18973425964987691850,-0.22040654452801575203
-0.06458350072838918432,-0.08613855264691705482,-0.10913985529291368726,-0.13370545104728542851,-0.15990585822127442728,-0.18762345075043562748,-0.21654715532921506305,-0.24647368788748114099
-0.08108339917637355510,-0.10090313149720155084,-0.12210378059061367806,-0.14479044037745530948,-0.16902507881296818804,-0.19469810721737043635,-0.22152488785516619152,-0.24931719349549621989
-0.10091919841807781011,-0.12128357878056555963,-0.14300010645042318669,-0.16617628308770301948,-0.19087360496981564673,-0.21697107266446327700,-0.24416069270543033776,-0.27224118943447161989
-0.15020693368152243652,-0.17326754504287317227,-0.19774610845829768135,-0.22376152892504574954,-0.25137810190604148453,-0.28044407200228682608,-0.31058524223025957278,-0.34156027618758189046
-0.20305657352860259635,-0.22912768727973081839,-0.25676651689222063091,-0.28609997915317741946,-0.31719158326651447632,-0.34985318816431248967,-0.38363853639604961199,-0.41825960466851835884
-0.21312521949757126660,-0.24184942180740739981,-0.27240298235937632221,-0.30491891814229943325,-0.33946013975681360586,-0.37580924975818064127,-0.41346447437910299749,-0.45209827448897627056
-0.16950277014246858953,-0.20115595639033559405,-0.23505992117180654621,-0.27136498323300883850,-0.31014600665535491109,-0.35117403523280077415,-0.39391548405232440500,-0.43801687897097135727
-0.10851057808637107338,-0.14498426252762372513,-0.18429205606389761907,-0.22662704759808044441,-0.27209884559079844379,-0.32048066895705390467,-0.37120948789705532356,-0.42390931725732727831
-0.09223730106740209156,-0.13583808622371709718,-0.18291725422983171057,-0.23373113243455206911,-0.28843952308665143924,-0.34681535362346582740,-0.40824220738604605208,-0.47230971786902442577
-0.11297509034946018325,-0.16322204417192853754,-0.21741482137367187932,-0.27586429605998663561,-0.33877184950655264695,-0.40590261913855951725,-0.47657881890147918424,-0.55035274603475481392
-0.09713138884041679078,-0.14973896359658125932,-0.20634202183125946450,-0.26726463054995786006,-0.33271666076740674667,-0.40245440878176824695,-0.47577110518329351896,-0.55220221929348489720
-0.02399390388402139473,-0.07225116505443590631,-0.12404785450641288291,-0.17966121048509087199,-0.23926401142413439294,-0.30261333694985287357,-0.36904234424342963194,-0.43811073428354846415
0.07655308475493319276,0.03870274800260081055,-0.00185308825708907976,-0.04529800514461466976,-0.09173437137139929531,-0.14093847269775097719,-0.19235757790175492254,-0.24562024651058242397
0.16322711210429716178,0.13698970345466790488,0.10886875341820312357,0.07877134704636434837,0.04665992356883329195,0.01272301163634073293,-0.02262780421570164888,-0.05910785072876510726
0.17497674576658639456,0.15579659019761318839,0.13510301683891390301,0.11284160347797506097,0.08899741046833326008,0.06371974300635727118,0.03731548203452327017,0.01000324814469284382
0.06184519875989276383,0.04256055533790535639,0.02153368828024765716,-0.00131473985997732556,-0.02602485642170240115,-0.05247399414071874518,-0.08038391409210186855,-0.10955526624437764149
-0.17809830925243005928,-0.20322869183191735742,-0.23070976677659121856,-0.26068040613664844596,-0.29322814969013150099,-0.32823053941678664858,-0.36536086410018259185,-0.40438935637473116813
-0.46996202608475134976,-0.50200270235514110606,-0.53693111672231408349,-0.57493272561973429724,-0.61612693439249710536,-0.66036510397995029642,-0.70723462552420468530,-0.75644974365130557281
-0.66377449436487823142,-0.69939504637753913130,-0.73804380634849930942,-0.77991564145379199680,-0.82513058284005169618,-0.87350564770833460937,-0.92455778737488458763,-0.97795551717032791483
-0.64723237256865340239,-0.68290963554820249826,-0.72145524398451110759,-0.76305488217288264252,-0.80781690022561902786,-0.85553710125639437223,-0.90570037012020054856,-0.95795694454070678958
-0.46897883562224457199,-0.50405744014274156406,-0.54185172404632409027,-0.58254678088259981283,-0.62624896675243990618,-0.67274761962311757646,-0.72151478240402799891,-0.77219688342610637299
-0.29594709596322077427,-0.33232693364610105258,-0.37149299381297029576,-0.41364725551557363081,-0.45890842735045184186,-0.50706122666543651523,-0.55755433422716926817,-0.61002246652531721960
-0.27145416049313786377,-0.31150405450765411564,-0.35463285603442168403,-0.40106848353823926212,-0.45094748406481593994,-0.50404044946700332641,-0.55974910815987632962,-0.61767784968675321089
-0.41707619319498895338,-0.46050269408728644605,-0.50726156939566025006,-0.55759314582289309925,-0.61163934311238277175,-0.66914738163732934151,-0.72946738429051871666,-0.79216780427096844530
-0.61543850024956947564,-0.65837027829498961928,-0.70457763204896184384,-0.75428468204210807890,-0.80761751495621303398,-0.86430772828214919024,-0.92369181600114158570,-0.98532712199363881034
-0.71159631291291636224,-0.75010277068089414865,-0.79152523526466567194,-0.83605441595473128924,-0.88379100738489835276,-0.93447248989539910546,-0.98747405570122170904,-1.04237854142429564597
-0.65385960977511148329,-0.68758563981516351848,-0.72384082644757175018,-0.76279013657217908939,-0.80451781492716667454,-0.84878237900395292481,-0.89501759259945701253,-0.94284678243861341773
-0.51432623182925463201,-0.54705623854273943696,-0.58225659197297141567,-0.62009591248323425727,-0.66066469913704639616,-0.70373905073710074642,-0.74878060649279643002,-0.79543259912241137677
-0.38448649988634592267,-0.42029921779668616422,-0.45888650573768918761,-0.50044472754435576078,-0.54508686078688950438,-0.59259096357975471481,-0.64239935092337707712,-0.69414217314632553624
-0.27023457164891889759,-0.30740413953699574634,-0.34755783858135430586,-0.39090274746186615129,-0.43756079280737536497,-0.48731114852050089192,-0.53959066832139090941,-0.59402346036764519521
-0.11472723796333599011,-0.14616543132180728759,-0.18027678229214738614,-0.21723311238431278203,-0.25713401902175420100,-0.29978626670997843284,-0.34470758092593212218,-0.39157229079742472688
0.09603135538739070165,0.07571559398486527037,0.05345786650009400759,0.02915049688904544287,0.00273364713043721883,-0.02565568670744784383,-0.05569099912483899129,-0.08714742208330514273
0.30758404802230276953,0.29659469346285638469,0.28429019453620757441,0.27061006391380604263,0.25552123196077985989,0.23910614636558508161,0.22155373269285691396,0.20299795942574347385
0.42059105820522268981,0.41001739201219966624,0.39815870977362771699,0.38494926488444380919,0.37035026091139117144,0.35443572694902081288,0.33738445942620581830,0.31932177567928787809
0.32808461018741763571,0.30826409046869990283,0.28656793525917650944,0.26288529944039557007,0.23715376942603094701,0.20950924626248496052,0.18027971296586337013,0.14968799547892194801
0.04573186890707478525,0.01347498908877816509,-0.02144806128110861992,-0.05919353032133810311,-0.09984042391706596242,-0.14315308949221877688,-0.18858717117218123938,-0.23577495363342498846
-0.23457936221436273549,-0.27433980407284186409,-0.31726515429058205209,-0.36353308538576195597,-0.41322682713564717893,-0.46604457778322455619,-0.52130656617776460759,-0.57855253541790330196
-0.30162754642960132312,-0.33930323951816809824,-0.38007800907132244239,-0.42411919786359325579,-0.47150516583477669608,-0.52195029521471925094,-0.57481367245787640119,-0.62965860456681210788
-0.10831181016597604683,-0.13566557539909074315,-0.16555844598978944338,-0.19812149136067649935,-0.23342161659531018847,-0.27126119464381098778,-0.31118844675320517235,-0.35289091509655184931
0.17347573093646792564,0.15762009180364933147,0.13989199812329661254,0.12020287488242793750,0.09850099912710691408,0.07488948229037620252,0.04961446366744434039,0.02285268481865925308
0.29098882489747218694,0.28000956597447657082,0.26750692625685973391,0.25342046113231858628,0.23771544242196740448,0.22046761263362238403,0.20185048748678643959,0.18199344209643406045
0.14148213950066676481,0.12727699200809072799,0.11150951674765817445,0.09413017289147034006,0.07512420934123983929,0.05462472358815295692,0.03289959889014786726,0.01014154041834304347
-0.15170488417874189446,-0.17262807321919484971,-0.19532755686233044257,-0.21985198929906699106,-0.24619692659629119347,-0.27413546144855055475,-0.30323129857013519928,-0.33318007234554924967
-0.37257297921718651734,-0.39886525379922116441,-0.42714767168388567686,-0.45748004478662790406,-0.48985451793491441297,-0.52398218966249854311,-0.55930526660409718431,-0.59544048555404127665
-0.38995941944721462802,-0.41836942857276993024,-0.44892523272207884855,-0.48171555037150920464,-0.51675656595363772539,-0.55376581918169387464,-0.59217158814867509875,-0.63158532187559479620
-0.22308778837023052199,-0.25239957224007164571,-0.28403905861449474379,-0.31814548555799998519,-0.35478574001709861641,-0.39373279395976445993,-0.43447006398323689824,-0.47665169315508026937
-0.02164101339368075527,-0.05232799341516914532,-0.08554233540876737818,-0.12147338534337287497,-0.16023821126412921001,-0.20166424137408467399,-0.24528847948877624541,-0.29080582646384561807
0.03484048502136075087,0.00472650454175467267,-0.02787116860717792077,-0.06314074404060936174,-0.10120180033013551069,-0.14189935827873825791,-0.18480239214832078209,-0.22962591638694460072
-0.07654283821054498615,-0.10179292122228211781,-0.12909134326445065311,-0.15855763950442583465,-0.19025450440807908925,-0.22401348569007395461,-0.25943860192687090427,-0.29625982235738868020
-0.21672278964485028330,-0.23348352329922639203,-0.25162339334586514283,-0.27116463050552258585,-0.29209184095739409992,-0.31423015014948507684,-0.33725640186812128052,-0.36093830699020407193
-0.26568952840677617644,-0.27473659265341854319,-0.28465895467428997678,-0.29541583042421304395,-0.30694615175596418055,-0.31909567178459868897,-0.33163332747753521135,-0.34438173974974867209
-0.18572491236711122231,-0.19356307382959134222,-0.20232772070497548333,-0.21199696708090992603,-0.22253063006411299973,-0.23380450174962397192,-0.24562591178003548298,-0.25784598767819266740
-0.02744186715018366932,-0.04143043493227766688,-0.05692570590976245987,-0.07399465754859553546,-0.09266950570844541268,-0.11283705285016440434,-0.13424835924291728118,-0.15672853904492820010
0.07329268293432093795,0.04939693589204969398,0.02324075988179334640,-0.00534506797859316159,-0.03646787221609532059,-0.06998559572902031400,-0.10550965754775894212,-0.14278606512552446950
0.01129291787616748012,-0.02206505981168117511,-0.05828546241903066749,-0.09760138714727530085,-0.14015778086848890149,-0.18574706714003091923,-0.23380828603125544674,-0.28398134480343117936
-0.20107499262196384948,-0.24034990404943748499,-0.28278740095455223713,-0.32862645289212977229,-0.37800252876091749998,-0.43063548289018410697,-0.48582974604056344825,-0.54313454817473894032
-0.44922886405577355795,-0.48998155193609760349,-0.53392618510891198813,-0.58126885322233123876,-0.63211025222310779359,-0.68612432839013359764,-0.74256257946791526248,-0.80093094409336362816
-0.59796514553410162751,-0.63697638054352878623,-0.67908616036408864236,-0.72446574771621186084,-0.77318815709273724934,-0.82492536159523011108,-0.87895660158431776487,-0.93479774744928367802
-0.58320308238029994197,-0.61959464323720103707,-0.65900888498678045213,-0.70160522262488766998,-0.74745360382191483595,-0.79625738941799772963,-0.84736329172438218382,-0.90032799317226963609
-0.42491954882323090814,-0.45925107170605938833,-0.49655560819573041353,-0.53700247838151271562,-0.58067675653428418858,-0.62731918800861519170,-0.67633506151752242896,-0.72732191708874760483
-0.20309236770567459796,-0.23711993662478758615,-0.27409292109919258795,-0.31420028582119446936,-0.35754529269730384033,-0.40388330789283533040,-0.45262784007911854856,-0.50338805787010154624
-0.00704220890708662922,-0.04374708237278742556,-0.08345375009031254232,-0.12637507308792672589,-0.17262903894390513315,-0.22195130398838325281,-0.27369744135110152250,-0.32744538588310273530
0.09611122169524720371,0.05535800977198584299,0.01148595946113365601,-0.03573549512566414482,-0.08643172993208922406,-0.14030583514662331446,-0.19663782317661532284,-0.25495934247350587887
0.06687975755922505317,0.02232880957263541633,-0.02551904938836662209,-0.07690025328264700477,-0.13193981791351139243,-0.19031519337270805248,-0.25125488812041146813,-0.31425390348810094965
-0.04425761202009681483,-0.09191643366877882970,-0.14313336188050951314,-0.19814416697780473653,-0.25707043784775085449,-0.31957323095898759746,-0.38485381740500856917,-0.45238189120082761274
-0.12575665691899987064,-0.17268602257868853611,-0.22328437258358413420,-0.27776905534078522031,-0.33624811644833535462,-0.39838549682740720392,-0.46340657286618180954,-0.53078818685147433065
-0.11939008496915767821,-0.15966100425728227408,-0.20329570150985501464,-0.25046241082231329722,-0.30123538975681196650,-0.35530268524789598850,-0.41197778237528043244,-0.47078877465982177375
-0.04849735191551431818,-0.07888717386575952450,-0.11198540019087969977,-0.14789191133266493816,-0.18663276340858026003,-0.22792581148434959415,-0.27119732478856339863,-0.31604656826794341740
0.01812332362226038232,-0.00364474716934397574,-0.02743718555265065029,-0.05329101457003203313,-0.08118731223070388414,-0.11086911519013878391,-0.14186062072206404028,-0.17382438052756205016
0.04029230729258777982,0.02180690493282606141,0.00161825221105429485,-0.02028429682078511376,-0.04386454120302909349,-0.06888476073185878512,-0.09492466320691714254,-0.12168224782496202263
0.02460270550885379146,0.00313436535264077472,-0.02024725095782710718,-0.04557673097411405611,-0.07283970632350374175,-0.10181331215722834449,-0.13208263440402812083,-0.16334819736519906597
-0.03082048227020512537,-0.05848835247693807277,-0.08857970419981597843,-0.12118082890347876834,-0.15631956088322707110,-0.19377911726292332273,-0.23311144351480145298,-0.27399511607855536743
-0.12081429409733364377,-0.15521750764763778130,-0.19256170455387783269,-0.23298707962853562603,-0.27656102144014865774,-0.32305066687093414446,-0.37193325648643238424,-0.42284078154813192763
-0.19597106949318565672,-0.23700446001562666676,-0.28141394875566205780,-0.32939031433748716671,-0.38103233605948583218,-0.43606347366166947621,-0.49383916409939693226,-0.55391789974525240670
-0.19752227043817691121,-0.24455365287494473803,-0.29530443292564861890,-0.35001330632713156810,-0.40880650037248428275,-0.47135501186423078845,-0.53687843311861971340,-0.60485534157279330358
-0.10962604966075242818,-0.16013899278342713650,-0.21453961712562458208,-0.27309978343587842931,-0.33596662242781899499,-0.40278498397867723568,-0.47269793570420065576,-0.54514130603062793679
0.03824657044567505992,-0.01070192088502233338,-0.06338272243900140712,-0.12006063157956826937,-0.18088101895764671645,-0.24550893052540603834,-0.31312843384902050436,-0.38320253286604999410
0.21157746871429275459,0.16873088887941375957,0.12261327189833449991,0.07300931947099136010,0.01980263235480364190,-0.03672401874908359787,-0.09588958613522399754,-0.15723861666311136909
0.37512185842642303824,0.33867954240728032067,0.29944043310248363854,0.25724332354053847105,0.21200448537838828544,0.16395501937728507169,0.11363781202322841002,0.06142559655796050316
0.47192446067437282542,0.43846735777361495190,0.40240515133586374219,0.36359721369289427217,0.32197084111871332457,0.27773042142130222043,0.23135342622724219819,0.18317268797472358033
0.44936805933835760607,0.41527770735410712843,0.37848580955264077286,0.33883753123967547127,0.29624947909773652333,0.25092900471868540002,0.20337050131585129864,0.15391534227981429339
0.31095786001982722579,0.27602985593550510846,0.23830235671864538616,0.19760653552708348779,0.15385112757870886280,0.10725988661904890809,0.05836787534575448716,0.00753935485617514972
0.16748236376772399070,0.13617489642629748703,0.10231077404289450061,0.06574520587509304070,0.02640521784215749471,-0.01548918757259651162,-0.05943065704658412329,-0.10507332284045305115
0.17352782052883747310,0.15142881011203948582,0.12743499150341472403,0.10146447357178962900,0.07348491695496345288,0.04366925295263716228,0.01238719469901308941,-0.02010227884890544367
0.33622884949998343984,0.32429368948592790511,0.31121178561073631341,0.29696662605549356551,0.28156453323042207604,0.26511088498232421307,0.24779979855508010855,0.22977877942032676195
0.51017182355806645067,0.50325434950741132489,0.49557972288272855721,0.48716338537154108002,0.47802961840372298896,0.46824577344852158500,0.45791164146284835113,0.44711464847637871767
0.56203438679383377341,0.55292463608248487716,0.54293133476292432249,0.53206232055616398124,0.52033954021637540688,0.50784923594198727592,0.49473151331981934931,0.48110046124514754817
0.46142083797561966874,0.44662674111604272476,0.43054391379235085191,0.41315906665176183044,0.39448861337061891241,0.37467688803618448556,0.35398458635738444533,0.33260567353327358253
0.31408185618068024114,0.29696553718160317858,0.27836540651477520436,0.25827083542912127045,0.23670929961979622624,0.21387207568288327253,0.19009960514196061476,0.16564049144806933245
0.25143289771764387730,0.23906222305727939381,0.22554137583056524385,0.21090192372774785312,0.19520435564165791731,0.17863831928638865265,0.16150449273200584432,0.14402818615998080887
0.29058831654308758807,0.28804595815280531479,0.28511226574771320053,0.28188556359475930302,0.27846994246580747401,0.27500692379621849426,0.27165523046613587743,0.26854911223240668372
0.37877708534435633458,0.38572050683541803107,0.39303530555696880588,0.40087635373074576028,0.40937981021069363985,0.41862076513977558578,0.42859313519968050832,0.43932386005831225440
0.43885153569373464011,0.44877725453446887238,0.45930608799797167929,0.47060132260655451741,0.48279694144391105404,0.49592203723134470339,0.50988252215490903474,0.52464760687279365925
0.39643122155836929554,0.40104419252673162433,0.40578134332977650045,0.41075996131595993166,0.41607715843314896365,0.42176044808566076627,0.42775137007692770608,0.43404261223822443450
0.25084198585626998890,0.24617185413249229042,0.24080732288989659118,0.23479983618824595837,0.22820096963849173521,0.22107369993264475161,0.21347675780437525006,0.20548023634852793928
0.08887670454785578933,0.07641376459774126828,0.06260360151541533025,0.04744974206466019001,0.03097481061629353549,0.01328914772700952665,-0.00542501017440924320,-0.02501630105699725881
0.03088895340179417456,0.01435359476226818164,-0.00379195186270990916,-0.02356694153657050081,-0.04496003870837708694,-0.06782642317305778712,-0.09190282105287822523,-0.11698667577494689662
0.11307801533267902716,0.09520018094064161551,0.07571813105837274516,0.05460009368013980097,0.03184940409449287663,0.00761939524811291579,-0.01779897983953959359,-0.04418921344922520367
0.24660392380391182865,0.22942807534952022741,0.21078930344179913625,0.19065252791991879611,0.16901546733932448774,0.14601475962153598331,0.12191643215561641378,0.09691746546129166584
0.31839834778870085286,0.30425649863865616984,0.28891815240940016407,0.27236619918093984971,0.25460706211179784386,0.23574845198294056003,0.21599059198908465707,0.19548788509493869592
0.28883110751290469453,0.27951698505255329064,0.26935338142116904692,0.25836392479952008383,0.24658221852653955386,0.23409032319180120285,0.22100767894705308780,0.20744035120094556079
0.21603482249841399199,0.21238375017420418889,0.20827204670147603238,0.20377637988044691730,0.19896944414864756179,0.19391922524556140517,0.18867372770521773084,0.18329805196517695576
0.17099698361235313171,0.17178197588241786442,0.17243576714795241789,0.17307728817027265289,0.17381328983782892705,0.17471515189509950750,0.17580018788274659469,0.17711601052062792006
0.19049004017127732502,0.19223427946864485305,0.19395440760792195811,0.19577812810951153444,0.19782267572018696900,0.20017718077210150396,0.20288332552786178531,0.20600237215685213155
0.30344716782782182873,0.30264225406240202743,0.30166596218885138869,0.30061774164822774313,0.29959567189542224419,0.29870448107253855241,0.29803874183438816559,0.29768850057343176907
0.46542421540518258416,0.46063708438115896771,0.45539766260291153488,0.44975775071686013851,0.44377764247346945803,0.43756087234408674869,0.43124172991421949597,0.42492993646817328601
0.57859735380889432133,0.57164672110643077740,0.56405824787453695546,0.55584816592183960982,0.54704440468421489108,0.53772849482491613671,0.52802662192599403301,0.51803949348101641093
0.60622025732080109250,0.60000695946723359153,0.59316799872259440285,0.58570980804308603318,0.57764666261773189859,0.56902977804350540758,0.55993991735716674985,0.55044697639075035323
0.56544605561734428978,0.56026226319026917189,0.55451459419612114665,0.54820908747353847001,0.54135724006598251457,0.53399746580513529626,0.52618821911949165138,0.51798364731713086861
0.49223959784100135284,0.48522095409031362756,0.47756150876696307206,0.46925571995794457258,0.46031043219300027403,0.45078658699710361102,0.44079337742280094714,0.43041513000324094218
0.41133689401371376082,0.39876381874129146476,0.38525833887068633432,0.37078674063249972281,0.35534398512409348658,0.33904358432667391909,0.32211359707266085106,0.30471251252861247805
0.31028609618888164379,0.29113369964196417206,0.27067285236403321180,0.24884047185174396066,0.22561945992732396205,0.20118026017233192615,0.17587821968780775750,0.14995354739300922886
0.17853744530492890452,0.15594982964041287365,0.13182287419309449139,0.10608279657651603634,0.07870996666333250624,0.04990565251220279580,0.02008890238564366507,-0.01045691013950516765
0.02190186130950282778,0.00172821951997705167,-0.01990400738794674898,-0.04304962701700947025,-0.06771535861654991162,-0.09370961472034541884,-0.12064849331262751664,-0.14826809916137967393
-0.15088091502849615422,-0.16429677183477070512,-0.17880777595918831424,-0.19442582362070384705,-0.21112975991510185558,-0.22875809871020427733,-0.24701925054817122640,-0.26570626872082175884
-0.30972747660328192598,-0.31876686644389290448,-0.32863555255415372036,-0.33931388374538168362,-0.35075782737902999608,-0.36281615247203430341,-0.37524355796874681035,-0.38786154724886168221
-0.38719576607541400515,-0.39884562979864418564,-0.41147582142824412621,-0.42507667517851893679,-0.43960739416757355080,-0.45489297232453335118,-0.47063702663460749154,-0.48662775888634041133
-0.32054578790099430563,-0.33945850947352401716,-0.35982161489441194524,-0.38167004152598543731,-0.40499094457821027682,-0.42957198123906381593,-0.45501142842483421891,-0.48103049223843780124
-0.13736861045614101595,-0.16351617210299593252,-0.19165807221739680766,-0.22188460768103446252,-0.25422165255031342612,-0.28843064060919026970,-0.32401584502213426342,-0.36063980586817007135
0.05506790320417399853,0.02572581192176185555,-0.00595645303606609760,-0.04010664562263902694,-0.07678009188258907991,-0.11573652206046118607,-0.15644634538283339054,-0.19855230025466932831
0.16675144850140916075,0.13957360428143503195,0.11004983417657156208,0.07805066986471559387,0.04351508803381277241,0.00666223395994513991,-0.03201645287949864832,-0.07218897969022626537
0.19238949718556758173,0.16994154023302374124,0.14533270585930188612,0.11845474062097116619,0.08925706664172675109,0.05792754033104483696,0.02488161388716823852,-0.00959642432614289317
0.22528312969565847390,0.20720575980861730137,0.18721928756493722013,0.16523826014831963227,0.14122399239565527895,0.11533315766850162076,0.08790548499905005697,0.05917713212632586678
0.34384648612141560653,0.32873608810481480536,0.31199895880621514310,0.29356293195785398975,0.27339524804656240020,0.25162794129696447465,0.22854701784909506324,0.20435152871777512162
0.50844596793822383063,0.49385997854853097566,0.47780562682615834724,0.46020488683836047183,0.44101833834576859017,0.42036587317416151954,0.39851935701501789433,0.37566374869524843394
0.59981964266921161677,0.58316260824289101183,0.56496397024002298348,0.54512219586866450527,0.52358029495728453107,0.50046222185774624780,0.47606886106688234284,0.45059914693909630667
0.49071926818770916778,0.47116539708217231031,0.44984624729038258373,0.42663984236326385480,0.40147687607332954718,0.37450124381679505969,0.34606652570429441429,0.31640467998731131027
0.18007999456752338263,0.15906784485032135490,0.13610631011970888982,0.11107774179290352823,0.08392103112341768589,0.05480597927271201042,0.02412653195003669135,-0.00785465506494784950
-0.17645878428983574615,-0.19563005467070576637,-0.21667670416717513260,-0.23967493368878783899,-0.26465072249407273208,-0.29142054122403165950,-0.31960373272776732012,-0.34893675179064931324
-0.41548932390024612138,-0.42882705865893505637,-0.44361932079391624972,-0.45986728398650189575,-0.47754080717880947882,-0.49647164987857161922,-0.51637194382181161867,-0.53702605600570019195
-0.45451273868141178758,-0.45915679434021039462,-0.46460702616798843501,-0.47077981066860002946,-0.47758818781850870261,-0.48491587115781736861,-0.49264043685116482019,-0.50064219885229654938
-0.36791901062024151559,-0.36382404110421212584,-0.35990209071078477221,-0.35600287283968501395,-0.35200059528859262148,-0.34785008176232085075,-0.34361237552929824179,-0.33927950171083304243
-0.33568621736468828853,-0.32800074339105916854,-0.32022937582595845107,-0.31220094168992107431,-0.30378086135874871054,-0.29496371911987784298,-0.28589880605794415480,-0.27663355594086574962
-0.41021350471663570181,-0.40958408912191951456,-0.40932433154714098489,-0.40931504214787362006,-0.40945549611109460786,-0.40970349862744154246,-0.41009738215248037196,-0.41061700099436099221
-0.46960444591053107644,-0.48593717170032718622,-0.50372507514906439408,-0.52296827696797631990,-0.54364068092647133135,-0.56559999494994384062,-0.58860204130196214223,-0.61245342462520813154
-0.35665994304251330549,-0.39153147171634677948,-0.42900206265261120464,-0.46920571592011767192,-0.51220176781908410835,-0.55774484511215427496,-0.60528936388352305720,-0.65445888092918469425
-0.03285900861884459567,-0.07860585922346134680,-0.12756406885765675385,-0.17995325958122146415,-0.23588919452601228577,-0.29507055453205527362,-0.35677564960172886144,-0.42052445299927998512
0.35483027767030550503,0.30985527657712946814,0.26179104660037205710,0.21040984377116103698,0.15558948860596327757,0.09763005237323624241,0.03725949493196009654,-0.02504434982302576607
0.60102226532619085209,0.56515239201924938328,0.52679296084233728781,0.48576382397515083245,0.44197386911350716732,0.39568912281697321554,0.34753561739806676512,0.29792229685810678319
0.59632303961034527351,0.56984192685073431495,0.54143419951213145325,0.51096750376578115027,0.47838145496413975177,0.44390600145505515473,0.40806056572813936834,0.37118298232814206372
0.40189507433096688382,0.37863835728946487746,0.35360055622143560239,0.32665487658362357681,0.29774074406074757526,0.26706473300195715526,0.23509909477077758910,0.20214880972560142491
0.19996746459561962062,0.17267735193058691978,0.14331675536915872149,0.11172131029750331788,0.07779972029331549965,0.04175315859370072602,0.00407709548109124690,-0.03491032064339520680
0.09333597151393158153,0.05785330621234149179,0.01979777083538863947,-0.02104700100616912692,-0.06480985259069625692,-0.11127171027656047875,-0.15985910884949910971,-0.21020355301077228716
0.04041813302416493586,-0.00169524534639628162,-0.04676836308092764682,-0.09504258732401447973,-0.14665903088672910259,-0.20136012057803520658,-0.25848169802511394844,-0.31759357597546089558
-0.02872390394872364680,-0.07041503698642145870,-0.11503699600042101292,-0.16279913597964248972,-0.21380967202298101215,-0.26777113410558867068,-0.32397728529389074881,-0.38196463683278797374
-0.14271653972550543688,-0.17684760723095929724,-0.21350207847479887868,-0.25281487651571143971,-0.29483165570591490789,-0.33923405050435001540,-0.38534614251606386093,-0.43271720964342530458
-0.24948260087895815507,-0.27396779766767664910,-0.30051339451793779300,-0.32918621073295950552,-0.35998028321702313370,-0.39258661259164606694,-0.42640869006767168070,-0.46104290641206974177
-0.25340446115584064346,-0.27098484112659948497,-0.29036308535244992335,-0.31158096447959959807,-0.33462204539176010343,-0.35922377567562541190,-0.38489680092011602230,-0.41130652013302576586
-0.14827628981286158916,-0.16314432451353974574,-0.17979676492305921021,-0.19828832252947251047,-0.21862682450579681848,-0.24062083937707923198,-0.26389779822603015580,-0.28819917091148306021
-0.04535346610264578970,-0.06037959403073730330,-0.07729187900809103562,-0.09616169549454878229,-0.11702166800346437692,-0.13973936338530179579,-0.16403321002984000421,-0.18970101876490816362
-0.07944531425550056813,-0.09733862961120004487,-0.11730149181223864518,-0.13941262925596553668,-0.16371180203206475712,-0.19007288417171977479,-0.21821900588122847275,-0.24794586857746875319
-0.28926163009200733800,-0.31330140432204084400,-0.33973937758536026932,-0.36866720277506048742,-0.40012328977934130680,-0.43392209344668031257,-0.46966934429947537755,-0.50708146607688431295
-0.55597872109618784453,-0.58658404513845008310,-0.61986952572619435919,-0.65594706972831751113,-0.69485395487232937128,-0.73631774729470889085,-0.77977048423404549116,-0.82481879509434563591
-0.70982155375033284539,-0.74335306056798755581,-0.77955501115452974226,-0.81855260283426101164,-0.86038249578494974124,-0.90471739754268154510,-0.95087735238843229535,-0.99840382670757588102
-0.68667497080841854995,-0.71757739565909206547,-0.75081660954068940583,-0.78650896554034110952,-0.82468539664923790067,-0.86502718626921304423,-0.90687454294430813739,-0.94978828170867035663
-0.53677269033127406050,-0.56173503400722457624,-0.58861425499047770327,-0.61750266413681054178,-0.64842337361319102307,-0.68111575457928685839,-0.71504321000907877792,-0.74984769807953954857
-0.36192185971512275122,-0.38371355046093919006,-0.40736524861522233065,-0.43296706539031293293,-0.46055218504144368463,-0.48991939822092706036,-0.52064142991557615936,-0.55242883026447420214
-0.27232399341927748804,-0.29750224315964052257,-0.32502172396955564260,-0.35501303490925140149,-0.38754487201742621183,-0.42243178699913608298,-0.45924288542080587971,-0.49768454615730095547
-0.29903452154578302746,-0.33275961546757770737,-0.36957834872610972887,-0.40968916203511523966,-0.45320780926836151670,-0.49991358467985635983,-0.54925664497311843526,-0.60086774969603395924
-0.37506250603519930564,-0.41650392600685337552,-0.46155577820076676421,-0.51046984481477997164,-0.56339384814864690298,-0.62005494161537333397,-0.67976430714260394073,-0.74206693792141564803
-0.43235336658638290341,-0.47421068705940144783,-0.51953407720100253098,-0.56856878122957721367,-0.62145151899593720213,-0.67788117488995847104,-0.73712193116765589718,-0.79869174406093590424
-0.42277755982547327029,-0.45714160677943871391,-0.49423393091380829478,-0.53422932049494997742,-0.57721019764812542263,-0.62288450381959337143,-0.67059053766395659846,-0.71989315468352088612
-0.32110922188270374367,-0.34369460479551922072,-0.36806972367908946664,-0.39430843159441630874,-0.42242085799775896948,-0.45215417342356895025,-0.48300232718059793457,-0.51462515592429658451
-0.16112411327674613926,-0.17349119625427220082,-0.18696935951127247044,-0.20155362509908678059,-0.21720130335183795989,-0.23370772002027045966,-0.25072131794253726955,-0.26799549557371227237
-0.01883224555816493187,-0.02837664542151953004,-0.03895904935244045436,-0.05056222755729522511,-0.06313975931448802259,-0.07651640775693774321,-0.09040525408165796251,-0.10459887470314351010
-0.00573164075976214174,-0.02021528300834650460,-0.03617919321749213379,-0.05364906930120497824,-0.07261090623982814629,-0.09288085035651899579,-0.11412084126951507757,-0.13609109767398988589
-0.19178935663908369680,-0.21558837448428466721,-0.24150413793210337432,-0.26961704466230673738,-0.29994624033331085400,-0.33225583218545773345,-0.36606810712614390457,-0.40105319811330486512
-0.49883418177600002963,-0.53147598121215655631,-0.56675257092932329606,-0.60477604796583572799,-0.64557701461307570590,-0.68884974758567840691,-0.73396440554867681261,-0.78048989552812308990
-0.76953195595326717715,-0.80589517874999938574,-0.84508433139090322062,-0.88720728805273418871,-0.93228304926084415438,-0.97996309555944394187,-1.02954504045814942970,-1.08054551028540268831
-0.88287876558726496867,-0.91740247843248690085,-0.95468259568068447596,-0.99480606898901569046,-1.03777735284549010863,-1.08325713381242660915,-1.13057865640907539984,-1.17927686644773266345
-0.80718141268034426794,-0.83632492170783190311,-0.86799883592926763143,-0.90227146834397231601,-0.93914307205155833636,-0.97832734614130500983,-1.01926961523862980030,-1.06157620844824140960
-0.60301726489062434933,-0.62590307635483100057,-0.65098704758157110994,-0.67832365456624965638,-0.70791436184961853417,-0.73953513886243893438,-0.77275461267571421420,-0.80726180411331360798
-0.36151069893752846296,-0.38034323003891479242,-0.40109187948568486570,-0.42380667451721687478,-0.44849354460267937261,-0.47497032351542667339,-0.50288307430563206069,-0.53197573337678472072
-0.18929118225763635897,-0.20825975212278755033,-0.22909233211390597762,-0.25184909116406867247,-0.27654604047789838051,-0.30301265500267587916,-0.33090553743237377526,-0.35997884869171903333
-0.17459150878069451540,-0.19837229549275567364,-0.22428057245731791713,-0.25240252479402636165,-0.28277083744421899203,-0.31519549598193591367,-0.34927492866337467303,-0.38472575724534824326
-0.27282041241423909961,-0.30239932125240720495,-0.33447190574733132173,-0.36915102074618555417,-0.40648530000183208388,-0.44625821608249793826,-0.48799772370654176390,-0.53137254366565722652
-0.35421941002325763037,-0.38445689554027367985,-0.41722749073323533997,-0.45264241889327355706,-0.49074918488447272225,-0.53133186852545843948,-0.57392092681743911431,-0.61818450609498121207
-0.34818603240180273639,-0.37252493837680805688,-0.39896307520348717190,-0.42757312201970198995,-0.45837775902229788150,-0.49119039603805453309,-0.52562647880285207069,-0.56140866872018324596
-0.26177191762880480663,-0.27726724257767915160,-0.29418658635576960814,-0.31254390483185090499,-0.33232233030370172955,-0.35337138837415726922,-0.37542047577237902534,-0.39826628589308593620
-0.15801079799002698545,-0.16693923279295053153,-0.17675727819698500154,-0.18742754715343742933,-0.19889623925057720033,-0.21103236058627883320,-0.22364328576218975297,-0.23657517212128209572
-0.10374802594315758741,-0.11254794959569522361,-0.12217714830445720875,-0.13258471409748021075,-0.14370450263190837070,-0.15539712120699084030,-0.16746625227697495286,-0.17975329297181064092
-0.10727139037406159539,-0.12217450133793267275,-0.13835373051329438732,-0.15579376282527254705,-0.17445203783947230147,-0.19416518186908887644,-0.21466397142997481473,-0.23574104589242908525
-0.13694850705273245439,-0.15977549363713111630,-0.18452799031930350315,-0.21125259420693098811,-0.23995209866061825710,-0.27044372034940872274,-0.30237149457165052313,-0.33547260715069188164
-0.15939949437623729400,-0.18662145676844951736,-0.21619030977460754195,-0.24819698382891239308,-0.28267866503256866562,-0.31944835473284355354,-0.35810568750641097457,-0.39836093381465909058
-0.17941004275841565541,-0.20478372601221825344,-0.23244785928802355612,-0.26248634943575860357,-0.29493271343830129716,-0.32960906024303193718,-0.36613834424195174089,-0.40424574562730564153
-0.23544016784534810283,-0.25508122749529810180,-0.27664637248344270404,-0.30016695656893410682,-0.32563632410964443720,-0.35288290802296534698,-0.38158741422045461267,-0.41150763786154681556
-0.32060291091315168410,-0.33536919577291235406,-0.35173997831786835144,-0.36968578261886619885,-0.38914986757106739823,-0.40994932749417689610,-0.43179865902193681482,-0.45446971276326503242
-0.36272186281900709037,-0.37591722516577891211,-0.39062210617466014417,-0.40677488099257397280,-0.42428970744101796031,-0.44296389321871637579,-0.46250560694182224486,-0.48267715062793942193
-0.28728355829354151885,-0.30193858839185055976,-0.31823296056507316409,-0.33612129708759608260,-0.35552988375537314392,-0.37625224440161714190,-0.39797606188547329786,-0.42045198116205817485
-0.07440382220731284191,-0.09158248537832167080,-0.11062844245310579638,-0.13155228006411198716,-0.15432968091374424380,-0.17878134349147001281,-0.20459438273960472987,-0.23152809692519621398
0.20252424425932932794,0.18406444766645044253,0.16358401228201813193,0.14100978858543142258,0.11630699964511688471,0.08960438895675310045,0.06117991170089698283,0.03123972182850897478
0.37761983822157207946,0.35906112657498223673,0.33841394887554920867,0.31556619479751774060,0.29044457748139951292,0.26313766508605557215,0.23388603893277504220,0.20286375423011540620
0.30305412977380291606,0.28347382697781670080,0.26170970371685692291,0.23764579225627394110,0.21120762742287782499,0.18249379895568795806,0.15176549817808426823,0.11921097758347674878
0.00334676514957248919,-0.01963754347739866957,-0.04499091473723289270,-0.07280694206745941255,-0.10312898698608159720,-0.13578857516020173546,-0.17042047330494711210,-0.20676061154841871015
-0.31595453668343598252,-0.34411419630082201726,-0.37487741274937586011,-0.40831294677593249487,-0.44442613666720354182,-0.48295342890466425034,-0.52338219297925636653,-0.56534321304560564148
-0.44725919885201581572,-0.47923730176150008964,-0.51394042438501019721,-0.55142200692696841102,-0.59166266324855765202,-0.63433430093564313612,-0.67882192439699617914,-0.72468452095142255054
-0.34397019485393276472,-0.37434066807754967643,-0.40722139471119034315,-0.44264584366379494673,-0.48057929745622907092,-0.52069689537983776528,-0.56240519863356586150,-0.60527637399463640744
-0.11874141291387135810,-0.14166687174237735380,-0.16654915651112150998,-0.19338802436047833333,-0.22213429755703317792,-0.25252674572811834031,-0.28411285158262755690,-0.31655803884159894324
0.05379836396966562739,0.03837046148937630491,0.02148208765277297497,0.00316007542979754872,-0.01653924545566227977,-0.03742644547390544529,-0.05919904244193841675,-0.08162204243095697032
0.07959452633599851945,0.06507922078154058931,0.04913905688913395436,0.03179296751380908392,0.01308634436538704850,-0.00681562070349011999,-0.02764660600111208677,-0.04919708970279720178
0.00991675356831767628,-0.01137341947724171756,-0.03452687255867629285,-0.05957068872643386803,-0.08648870580369953653,-0.11507930859401076240,-0.14497116314693089811,-0.17588958015623018527
-0.03957873761784074657,-0.07088060094578949033,-0.10465804206641844687,-0.14099923589567134319,-0.17992323243664867793,-0.22116184400532618026,-0.26417157374897676236,-0.30857011353936236731
0.02898155405196416526,-0.00806873539215101354,-0.04790594912064269351,-0.09065717889136037932,-0.13636364958584518137,-0.18471402843851753017,-0.23505317802596123467,-0.28693145643963879898
0.18749352752033474068,0.15413880098896406978,0.11831764433620702015,0.07991644592158402005,0.03890185148153835204,-0.00443033138995072105,-0.04946286550554188088,-0.09577542595618217247
0.27161412502694148863,0.24835148802273396273,0.22336689592921260550,0.19660652754213397975,0.16807404885177101850,0.13801170387973929476,0.10689085052688883370,0.07503638678691956776
0.19991772326150578087,0.18502629441830559243,0.16904709303391146635,0.15198825666680573776,0.13389408006993983036,0.11496340743597603662,0.09553768859728274665,0.07586072638333297979
0.06269626490237094341,0.04910311094740157228,0.03455624758678842168,0.01908371802870049289,0.00274366133382181231,-0.01427488455533506770,-0.03166461982108499662,-0.04920029837848351184
-0.00206241035991118742,-0.02134673899169502870,-0.04202042596759067439,-0.06409473988967492875,-0.08754091097227754970,-0.11216058151314944880,-0.13759639367566692258,-0.16358963583499397387
0.06942772611925845938,0.04285063770243990877,0.01424486900791191619,-0.01647195147657925379,-0.04932743987072241154,-0.08412326849294940456,-0.12044200745416588916,-0.15798888300384458794
0.20322493070658317893,0.17612863218612412330,0.14683591038624244085,0.11523202193243629876,0.08125872079551671456,0.04508894335188686625,0.00712177486231002025,-0.03236429003736513571
0.27428691752821254823,0.25699731043473733605,0.23813905909651600368,0.21764690497949473746,0.19549261209512311388,0.17180215653208938398,0.14684793074015209391,0.12082410327740944478
0.23137967546464965896,0.22819357940931736528,0.22444628240569722277,0.22016941469585632474,0.21540330346370700765,0.21023210804991168676,0.20477033856541471124,0.19911064945532813697
0.11209391156329483186,0.11761212281086957931,0.12324340601358813041,0.12909443072098916727,0.13526398335516665039,0.14183128914342704729,0.14883762624984836487,0.15633069884562034169
0.01018492401860651188,0.01541427301379649957,0.02080020214374736151,0.02646764082026333703,0.03253573460054409033,0.03911397239501564205,0.04628189900340996116,0.05411463066025077456
-0.01412348989457546007,-0.01222997162877182721,-0.01036987107246629958,-0.00842179973876711237,-0.00626310203128735161,-0.00375171321599261772,-0.00074708527286705565,0.00286860767153202184
0.01376449133927170124,0.01809370215967041895,0.02258322743202798716,0.02738935113348640524,0.03266251678146685905,0.03854620316777731398,0.04515312518431767452,0.05258822071151977168
0.04698663049298603539,0.06183910149154145386,0.07758088878121406629,0.09445065296759563855,0.11265566706961058219,0.13229721877023387089,0.15334144692841042423,0.17580403982269557361
0.06310525767267559372,0.08974996440169553946,0.11807104956096411974,0.14838563114075137284,0.18095139443624896902,0.21581029437525883763,0.25275474053121504969,0.29169133305682642954
0.08365192046739675091,0.11277619942212373239,0.14368358860177532499,0.17669443908187917880,0.21206313815614258322,0.24980190615716529878,0.28964693830168686262,0.33146759219443722166
0.16092300549032634294,0.17860610549877750652,0.19718984484419382897,0.21689394044814841456,0.23789757666494035226,0.26023567368671846056,0.28377118276880008985,0.30844988423654623455
0.30762866052877985146,0.30667358305308689559,0.30528221668556221324,0.30352657464513987939,0.30148053870937435716,0.29923781846435620890,0.29689364461809281126,0.29453618127592717801
0.47291177527959787907,0.45853720518097051961,0.44284979474329061455,0.42582410789401575757,0.40746794224140048257,0.38793051049411925169,0.36749109461785922637,0.34635109178331963120
0.55519793854435139924,0.53993464215919328986,0.52340257919336019565,0.50558286702411214808,0.48649305229606332190,0.46630503269657547216,0.44533401492887747519,0.42380457812621885605
0.48061093618115080517,0.47395073639312379488,0.46666809562768096775,0.45882522934912328694,0.45050120109267660640,0.44185475498633008939,0.43310758926561226945,0.42442987181084751436
0.30721158407229093301,0.30922771634444301547,0.31114989386756103373,0.31311433650666747885,0.31525235038443405466,0.31769187595009351632,0.32053416865263328894,0.32387943327213392086
0.15294509627730468182,0.15644977927174641419,0.15980048332236573838,0.16314135726424233708,0.16660531375382614527,0.17029820056150071772,0.17427262012501887334,0.17860208152369286272
0.09669120311431086967,0.09435233114805850752,0.09131154821822345946,0.08765614337770599729,0.08347339363734761208,0.07886676920315006944,0.07393214958991300989,0.06876987564586826973
0.17036939252814070622,0.15963864535409166834,0.14759306395753590824,0.13423814676252412981,0.11959873688382123558,0.10378932879879960993,0.08699650640317270478,0.06937220734939177069
0.31976772935916980556,0.30328640971511905411,0.28513183174989514823,0.26524711991118915533,0.24361023275867790816,0.22034686861579308448,0.19571887862627673771,0.16991808738365790643
0.43081972632782977728,0.41382382963098296447,0.39511229497132571709,0.37460942276122038974,0.35227798806478149984,0.32824160704244115250,0.30277502441331466398,0.27607355368878594426
0.41549881719910075617,0.40176795751029165116,0.38647047467633438567,0.36955240042616915863,0.35099184392119975318,0.33090370047897033068,0.30952707173227089754,0.28703592036528507991
0.25661715968026910240,0.24578754385343626332,0.23353462011998055159,0.21984207158477242494,0.20471852175727256462,0.18828392739633464936,0.17075222301805911829,0.15228746473896317970
0.02892304709059697124,0.01745348824566820764,0.00458219973463781360,-0.00968434769967646027,-0.02531419439974150892,-0.04215984329112940077,-0.05997793394356697172,-0.07858001869085315394
-0.15276055353242595780,-0.16804113641238266341,-0.18476795747719712559,-0.20293738916629810998,-0.22251078577207089593,-0.24329640098399013537,-0.26496692370984020748,-0.28728006684997103859
-0.20845833849010522720,-0.22753213652271153666,-0.24805349273736376770,-0.27003559779263758278,-0.29344498459106893584,-0.31805085008131739333,-0.34343796897689177205,-0.36931298652394151105
-0.10786633360955644179,-0.12741250874641030233,-0.14831879424028626691,-0.17061370351939603163,-0.19427488659414585137,-0.21906824715332084974,-0.24455714803764241894,-0.27044152657404918472
0.12406404242936189264,0.10889998913078369203,0.09258357706273963317,0.07508607068015785146,0.05642060328276173736,0.03677479399731133081,0.01650226126247319319,-0.00415528469226979398
0.37462347960664815760,0.36774957393739804434,0.36007975392519397939,0.35161154904813657351,0.34236355601360718426,0.33244614135984024150,0.32205037354739068922,0.31131305922655572171
0.47126161138303768183,0.47269430489055463962,0.47374600778529735168,0.47446478288136534340,0.47489761046036876868,0.47509700416894684594,0.47510513912397084324,0.47496792546854177397
0.33618775693538521798,0.34080783073264048211,0.34528273753999777496,0.34970888820100948235,0.35417242825301387121,0.35873146527604737877,0.36339568203149857917,0.36819762688352170033
0.07665672573311382854,0.07738500490536810716,0.07782353269764333281,0.07808059182100393625,0.07826373630363586686,0.07849278601729697824,0.07887755462905882142,0.07952062069728151050
-0.11468754422181165475,-0.12199475254806710356,-0.13007363787211556616,-0.13885127270767622099,-0.14823467858705274836,-0.15803544354100262925,-0.16799078809301071225,-0.17789915803587572074
-0.10615229935295085462,-0.12037330222560697901,-0.13588649444935002597,-0.15267874703349948451,-0.17069888048016293447,-0.18973024078169339890,-0.20940846066069898623,-0.22947101663896021795
0.09361994469108735062,0.07746858193951797200,0.05979335202662351689,0.04056095937163571585,0.01978112982936185149,-0.00235383923700692704,-0.02548319469354669992,-0.04935326034233719628
0.36281426006625039360,0.34924346116841681331,0.33427848830103601419,0.31787378828145418375,0.30001970529536470256,0.28085835871742381720,0.26067221592306250022,0.23965945577879863015
0.56517074095815855728,0.55445556569416132309,0.54258564129872954851,0.52952365227183395557,0.51525965533045081646,0.49990002440361369640,0.48365776280791078490,0.46668419105900088573
0.61463219018285242257,0.60285941918546170903,0.58993491895963057203,0.57582136423412999537,0.56051056163450718728,0.54411727720263591834,0.52687050047518757534,0.50893207386216932075
0.49557211552348462424,0.47907515186080379399,0.46114029355710489666,0.44171733041081145954,0.42079728572857805213,0.39854335256111345087,0.37528168561500979683,0.35123900345868264150
0.30187048396256499494,0.28246786633482356965,0.26138994048664454528,0.23858587907854078569,0.21405374278832439705,0.18799638213444683221,0.16080963191487832042,0.13276947572690245281
0.18993693913692927255,0.17446223690177273258,0.15748504905951682398,0.13898614612090648412,0.11898508405763477680,0.09766808189211079183,0.07537228093962249076,0.05234040031536116300
0.21138279843728030594,0.20551237739513655844,0.19874386770521643153,0.19111242883380244462,0.18266728524460071337,0.17352652724510755911,0.16385864184819895484,0.15379941893451040680
0.29063514955161329212,0.29350212865850322519,0.29614206958043914897,0.29863218621074860692,0.30104139497418169746,0.30341687557835234079,0.30576653568142153627,0.30811983226360334376
0.33248299579703910478,0.33692999711613935698,0.34142543745183151493,0.34604536105490069087,0.35085385518284678552,0.35587579740766950298,0.36108369313052379734,0.36647806466530369329
0.29728729142616444614,0.29586375612215998210,0.29422425229793264245,0.29240621413301864928,0.29045023636453576321,0.28841575066408436934,0.28637235452025566751,0.28437851815109882470
0.25137664112932561755,0.24235272937930610326,0.23258159523846630434,0.22205590778136022334,0.21078982425054684779,0.19888903022811396659,0.18654369454164454467,0.17388992239459816203
0.27405132548417021621,0.26160136563231001228,0.24802542514568451382,0.23329307438940186104,0.21740264697120756376,0.20047393612166256038,0.18273980742927062315,0.16436662270555735255
0.35779193706087114579,0.34783291797809623436,0.33677084508649701711,0.32458517578584689112,0.31127765721715522362,0.29694690908248466688,0.28177737453596252148,0.26590655760953324505
0.45695615747383200311,0.45233109169532947913,0.44692234104176642440,0.44073548839144138789,0.43378623114110104186,0.42613897413599244324,0.41789425638663207918,0.40913510101113870210
0.51132387646160637473,0.50877076669283816113,0.50566280741575087010,0.50201301681673649036,0.49784073878650819678,0.49319773012662909695,0.48815724393741344311,0.48278120026459220293
0.48013703926712852921,0.47337755980718454474,0.46594891626703444087,0.45784167123586777537,0.44906382550340240289,0.43969828304659358542,0.42989578134912459495,0.41976436193891814019
0.38001320552886957982,0.36657063704800274540,0.35216450236798507722,0.33676081135847474313,0.32035954474008637716,0.30310094824745298370,0.28526096132736744604,0.26702789218497702262
0.25382498470257314205,0.23695035828174670911,0.21895700304146148429,0.19981531648006292667,0.17953840859296107957,0.15831616903684694875,0.13650934147562931997,0.11436471348959698080
0.15909270522574767148,0.14422443249533134502,0.12835220197506952422,0.11148005429810196876,0.09365129218877123185,0.07507518876592095269,0.05611665402184962126,0.03703029164432634912
0.12710516051244213909,0.11728890597141349017,0.10673597426925589271,0.09548641846309383063,0.08360908012716392057,0.07129908915132514291,0.05886354906037224305,0.04652237468472498333
0.12753236553986307955,0.12103301300066517110,0.11397907305932443445,0.10642177250710500858,0.09843376177312933295,0.09018444814274403920,0.08192513511406311622,0.07383856543289503416
0.11330214406273356187,0.10503626750740052698,0.09613599883812093405,0.08663029247143358424,0.07657260760838471847,0.06612338253061869620,0.05553837915358551813,0.04499998683475300854
0.07407833032494499925,0.05964893590169510068,0.04424926363591082101,0.02786405716235442268,0.01051441267291570829,-0.00762698776408630378,-0.02624263760473893869,-0.04511288285911795037
0.05766978006926920530,0.03761109880268014710,0.01620434612755184203,-0.00660447069389867060,-0.03082300096850747878,-0.05626902627371829085,-0.08257420914601726336,-0.10948612089218218157
0.11529136438262470310,0.09498425295702736526,0.07319144716624623181,0.04985137595709201314,0.02494753678229030824,-0.00135142664699243811,-0.02869647847723045056,-0.05684560015741379341
0.24040671898596671641,0.22563478151601040755,0.20962026101919153942,0.19232779480488645940,0.17375488260562424458,0.15403677980849078688,0.13343851689881719436,0.11214902850750585461
0.37319573484222656745,0.36656141957684884591,0.35920620341646553042,0.35113477734115072781,0.34236838178047773740,0.33300146136377212214,0.32319157270465104226,0.31305597504777221696
0.43436995165468172964,0.43343156098185142699,0.43223672671681279134,0.43081697515894951112,0.42920967794338094059,0.42748198341140580814,0.42572119970397337418,0.42399485124929087165
0.40917317092086613606,0.40769486859995801575,0.40603136089530189601,0.40421188965092985645,0.40227338996527745030,0.40028896313646755711,0.39836023018308314159,0.39656153406468624967
0.35859089480131156602,0.35129267410219022771,0.34346151431260457665,0.33510140142195304902,0.32623627995816706360,0.31697508444480865242,0.30750546030782238693,0.29795888289238192659
0.31979668038550623788,0.30547381086422642493,0.29011298424216147573,0.27369044958057470174,0.25621791539252419811,0.23785508738688998509,0.21890286028144895214,0.19956989508645164855
0.30425174713979702412,0.28538689699559172119,0.26508956426041335730,0.24331932618829990589,0.22008304677766221680,0.19558463446499771421,0.17021605265002906493,0.14424825687897691040
0.33343880131521436150,0.31420696462675501426,0.29339103233268815085,0.27094663820501801998,0.24687943498637007766,0.22140443124481731796,0.19493456074449228010,0.16775567154323803298
0.41681147583472194507,0.40074331107525756890,0.38320555212739965123,0.36416353830129261082,0.34362487781911216222,0.32177595621076654497,0.29896911436021256225,0.27545138849895062227
0.57325051679309857455,0.56124073365360394039,0.54803221608326679881,0.53360565036989560106,0.51797102661423333192,0.50126441493144313633,0.48373589220384988208,0.46556639246356701367
0.79282122313997915874,0.78304250641603456717,0.77231143017248260474,0.76061593230893209672,0.74796372099891605956,0.73444854810292203862,0.72024105234768909245,0.70546965022347019048
0.96544891496999873937,0.95522471233071060137,0.94416222768920943231,0.93224758310044053555,0.91948628572433743766,0.90596669614195157738,0.89185391616960818517,0.87727056509304246479
0.98973179821417756052,0.97648378505454314080,0.96230395688624281725,0.94716576246336248168,0.93107173638465245968,0.91414543204889731065,0.89662700768801129048,0.87868494949433673114
0.87589758412577700675,0.85763696198289207651,0.83810941945840644607,0.81725994162447213043,0.79507788254575006981,0.77173470781084108072,0.74758017980105184730,0.72285174320180112240
0.70311091032522665678,0.68027811661088577466,0.65577304108847922492,0.62950990396666195448,0.60145880933269146862,0.57181826679956215820,0.54101116812182248328,0.50932272798482614018
0.58345085387421391498,0.55979236055270842343,0.53430147802198546536,0.50688415811612819173,0.47750159457630458881,0.44634118787402421447,0.41381172281819467162,0.38019197939920595930
0.57756626610575356739,0.55875415116485249722,0.53841824745021782395,0.51649873288923819903,0.49297580863248818828,0.46799589998955115622,0.44186504970616524712,0.41479960160921219847
0.60973796565679971859,0.60070132882792637297,0.59086583035423667631,0.58025022514006818763,0.56888779227553332163,0.55687837571164677808,0.54437776391316117230,0.53151064670011316515
0.57379194138502498390,0.57494411799271261110,0.57602001371849487210,0.57712286125967870998,0.57834583541238027138,0.57975363885977304612,0.58136630747992235069,0.58322680273078175706
0.44687168925540066144,0.45267390774677412901,0.45863164934621458713,0.46488099547252648147,0.47153740597703835968,0.47864759840524490064,0.48616964488971736724,0.49410962434227712059
0.28029676057959168611,0.28315676588891858234,0.28581020141537177848,0.28835355461032924351,0.29087045933195704306,0.29340594619173149260,0.29594732058508071981,0.29851717039445763158
0.20156421761431797535,0.19698726966161322904,0.19156157956194330705,0.18530108100333966825,0.17822538834039644562,0.17038621188135194551,0.16185307856451064401,0.15269453282045303277
0.33711653519985812499,0.32702012306423777765,0.31569567230085826548,0.30309285405204533514,0.28918099289549764608,0.27401350676211239099,0.25771949706119084977,0.24039776377782365313
0.65964729382495412846,0.65217904575216167906,0.64380064269555947742,0.63447163276049434177,0.62416597606793278175,0.61291901028129547324,0.60082169164042475984,0.58794349919173261032
0.98141395842394396620,0.98539780262033882519,0.98942361983534543590,0.99354125846328578131,0.99778868119653585378,1.00216188351468926676,1.00660600109294451343,1.01109823368284734713
1.07953036006591962526,1.09805938891231091858,1.11772485212195094029,1.13870479595058826661,1.16113094571187924764,1.18496026274825960733,1.20995805694453339996,1.23599400815148952049
0.87487022529710123386,0.90283730522341054670,0.93258564314408609608,0.96439186346347272050,0.99846290526827796707,1.03474296092300632743,1.07288805985999058379,1.11270848435022329248
0.52625437578483313938,0.55364077177291404208,0.58270712925832601758,0.61374423518792264876,0.64697344856838345795,0.68235679589570663595,0.71956812915723444846,0.75843529549813515356
0.28780362782660579013,0.30752832211280761721,0.32837650221593517319,0.35057540392893904446,0.37430157743116759805,0.39954485657683747046,0.42608341984838649097,0.45380817376282689413
0.28404334564445493649,0.29697154409446657741,0.31061507188384374079,0.32512388352161014637,0.34061648213692530263,0.35709657794809990250,0.37443585992051237055,0.39257367088000122424
0.42780701386474001557,0.44057637355445927740,0.45418514567705686735,0.46876006395266278659,0.48440058772957178546,0.50110456744645537341,0.51875624360103367305,0.53729294949964312433
0.56009405166854198121,0.57853544402227419230,0.59833607905857499887,0.61966572621739191007,0.64265522786184747783,0.66728753395407758298,0.69338507738139354419,0.72084409272088967313
0.62211895776545644843,0.64567354931985376787,0.67096488550175348298,0.69821624417690819620,0.72759894321703111331,0.75908688993926376476,0.79243993708453397407,0.82751956673498849870
0.63627408049505984611,0.65865926806032371044,0.68261160283810973226,0.70835783991272738280,0.73607362534622344796,0.76574236794516126192,0.79713598921376782602,0.83012907306834915477
0.63130534284079597995,0.64682217489848570224,0.66331912447918617293,0.68097145690299332177,0.69991949789473895116,0.72017542831890368760,0.74160513336220756919,0.76414352592445489165
0.62406608133459740007,0.63274087756910102343,0.64187671101592957967,0.65158660103829690868,0.66196768800115601827,0.67306306786367053885,0.68484706343144607921,0.69731876631785705278
0.61536136055623213981,0.62190824088962737282,0.62878020216300811729,0.63606055375445269551,0.64382561444395758343,0.65213150306091727249,0.66100193244518734570,0.67046157573985964984
0.59903723700377131678,0.60785987989406153886,0.61714392532676531911,0.62698101678446283014,0.63745226406651178674,0.64860453150567765057,0.66043768411285164177,0.67295937133569483368
0.55729952414286343387,0.56831083282387040434,0.57985245614230795930,0.59203491911819994264,0.60495167239126379499,0.61863739294237063415,0.63305248694060778369,0.64818305063647030373
0.45631909339523496483,0.46458087152028398892,0.47311395192232158502,0.48202521312814744503,0.49140800970826109539,0.50131271342674665892,0.51172922917911833895,0.52266857827542523296
0.27295745659070502764,0.27304059492185511759,0.27285181706632466447,0.27246263233736439657,0.27194840173209722245,0.27141125975501023682,0.27096346213604166620,0.27069839803099576825
0.04529817917792471754,0.03552613004941128361,0.02491843959490696800,0.01349479110692181419,0.00130220268664197085,-0.01149303117072815461,-0.02461835012193360969,-0.03787821402502683510
-0.12473037106576599642,-0.14204386288332337962,-0.16057633257386896841,-0.18035722318071834014,-0.20136922777299159915,-0.22340062496551010840,-0.24605344253439798141,-0.26905620893980303210
-0.15884598922844395119,-0.17852440428304908182,-0.19951933775978927810,-0.22188724770302087341,-0.24563096861683653138,-0.27053369513071823249,-0.29616361141260788559,-0.32223262001768038232
-0.04723840269898498673,-0.06387468764698692181,-0.08166283955558910346,-0.10065813425303006545,-0.12086988616273325325,-0.14211960491547889762,-0.16404465128057482692,-0.18640430018534415169
0.15169681084687952621,0.14065338972663937733,0.12870032334424608145,0.11579769247085511252,0.10193519428952294015,0.08722469904531353346,0.07189567828243710601,0.05610345898181478413
0.31171766404294942721,0.30749726943737115681,0.30266029131375604688,0.29719912685187049872,0.29111386941545702722,0.28444015912408793234,0.27724179929357745111,0.26957213388124262599
0.32956387642161028007,0.33471350201025001914,0.33977826164383961860,0.34482327718292493657,0.34989185144970269548,0.35494803596337948237,0.35986357165195742569,0.36457832923568161965
0.20608638515269608882,0.22324974345197592940,0.24114390869287025132,0.25994867967791307484,0.27978632422434540628,0.30056230968286817840,0.32194398537867402466,0.34375394181599749910
0.05757981206404317459,0.08676464602159406070,0.11755848208108926611,0.15026110715256466022,0.18508183506379072281,0.22188687949650665043,0.26016967838523252787,0.29965376712175356699
0.06213021394926199203,0.09787019735157269362,0.13572458079594504343,0.17605418494906704963,0.21911485523406654119,0.26476388784049731395,0.31242631468379183923,0.36178538628765993801
0.28258196362315873840,0.31362522581906965291,0.34648026118765584691,0.38145561729070154300,0.41877219214796557178,0.45831894309810711219,0.49962318271702443884,0.54242466272998879351
0.59656343779205611710,0.61117938517749248462,0.62648388036196922535,0.64262552798128769194,0.65971265691011027332,0.67770359606424246390,0.69638882772533383658,0.71565807151652771623
0.81065184471349449602,0.80267727977941172313,0.79388175306875818915,0.78420924545281689433,0.77362449497272856025,0.76217687805991696237,0.74999804430177352543,0.73717549660546166646
0.77434007583056085888,0.74514373705289405070,0.71374743264616979932,0.67992193304054859837,0.64351415135294165459,0.60466972700077203928,0.56384350917688286220,0.52131521193006946646
0.49220730534586404348,0.45026513916985549946,0.40530276567364953433,0.35700649378947246770,0.30517215844368406064,0.25002544420616951149,0.19223732608434612734,0.13222161469605064887
0.14061560223665209302,0.09911169033182702648,0.05458265062193156519,0.00674027119957599282,-0.04459361758062958814,-0.09916219409205907775,-0.15626265875519124160,-0.21545518629885684891
-0.05563648972672535775,-0.08411610704397502747,-0.11484809053781050436,-0.14800998648788138423,-0.18369958851096554464,-0.22169463662922250791,-0.26145246787743370298,-0.30262575412018766219
0.04044993613326474530,0.03121536110629578170,0.02096729454006688101,0.00966501755486722826,-0.00269698669545753635,-0.01597712354750550900,-0.02989628124504704887,-0.04426976052572591247
0.36644080357589575714,0.37341953414039752435,0.38057574608911265424,0.38797080872252626138,0.39566386892000032782,0.40371290795059183720,0.41216153527176496718,0.42104237324712989743
0.69409535082658557759,0.70721470102833683402,0.72111595821711338417,0.73589355926408195341,0.75162361859008652853,0.76831475867642662347,0.78589767824680012431,0.80432840736422628325
0.84243282508350025850,0.85168214115117601981,0.86155779471986682072,0.87212647001115606304,0.88344046960973654503,0.89549773587667025332,0.90823619633739349766,0.92161545182544057919
0.82675810468156796240,0.82994100024124684012,0.83325862273697626215,0.83673942954051505616,0.84040522728239153150,0.84425366172567095635,0.84825420771868698111,0.85239093738954829771
0.77261859616070982515,0.77643818935144570670,0.78021295746666075033,0.78397715986618798922,0.78775286733744886991,0.79151810219443019534,0.79519881782872403608,0.79875829937604470032
0.74810278406596897316,0.75979513379035978904,0.77175287577793350025,0.78406466728507429043,0.79678852078705608708,0.80986870040922553926,0.82312011067636647876,0.83644138229569942045
0.74592166239346746615,0.76524511413171658614,0.78526673314436234996,0.80613078958662298668,0.82793524373442239916,0.85060477900421171960,0.87386953625384100608,0.89757699047336647613
0.73014810939755425689,0.75067334011068809208,0.77208258751839686784,0.79453341743178196310,0.81813610505967593323,0.84282360194171923595,0.86833070102593468143,0.89450625835834318700
0.66059962160673202369,0.67586282728568414235,0.69187621947654720511,0.70876719221772888080,0.72662837234176480550,0.74542227737142974231,0.76496602703996141592,0.78515672896636923284
0.55245255209682875286,0.56125941450106964226,0.57056891408258270104,0.58046719508155231182,0.59101945907592845497,0.60221281524001279983,0.61394710728989188020,0.62616838722381285010
0.45545026101112062733,0.46277325357640514136,0.47053463948545370954,0.47880578045283417321,0.48763888551080647460,0.49701377903830251670,0.50683104348040064480,0.51703576606476442379
0.39142099888630960125,0.40285365902561681706,0.41490480698198528575,0.42766575708429621638,0.44119799330338038690,0.45544877704121405904,0.47024212945320525980,0.48547549839026016283
0.35073591287852640130,0.36772804839246958641,0.38560503416368963059,0.40449136116018757914,0.42446856837717472644,0.44545328324165761602,0.46718455034900480127,0.48950770470719617844
0.27492379964392343883,0.29509731027840924167,0.31635466243786453111,0.33884711603849987371,0.36267643728868803610,0.38775482188016080487,0.41378969501595258551,0.44060792633950135455
0.12206224920887938368,0.14032281866321522079,0.15961242934575134433,0.18008609681436416050,0.20185486269128460890,0.22486307569900512715,0.24887272139020757966,0.27374727624786676650
-0.04726256409615482018,-0.03589540568538456683,-0.02391216079555949850,-0.01118766561548206404,0.00237533692114863179,0.01677160741346413880,0.03187903741129390761,0.04763709427348328251
-0.11751660498796727417,-0.11304478931996368718,-0.10847376374244063757,-0.10372172970156905147,-0.09871972534271618305,-0.09344156536686262782,-0.08791673007226849523,-0.08214528295963599569
0.00335785344327073397,0.00717055775340399732,0.01091277404894511020,0.01464920903796797409,0.01843200189299702349,0.02227128428183141121,0.02612224737208019426,0.02997507241068944964
0.28534357218003369994,0.29678993314973917128,0.30856328650016623394,0.32076130935040375602,0.33345042100664201712,0.34658091813625174771,0.35997162675050048408,0.37352511237983432313
0.56074027137398518850,0.58392603860527392268,0.60818420641758397238,0.63367985866178433429,0.66051897866297670792,0.68858154069958077415,0.71750239585163566591,0.74706663998209887900
0.66269465637128166513,0.69446116012128689121,0.72789888763528309834,0.76322813064802552674,0.80058938058587303388,0.83981544970838539754,0.88040983065184741374,0.92207419584853878014
0.52644181781527121800,0.55871480745581747485,0.59273877854093892648,0.62873930315547565950,0.66686032518794757795,0.70693056368080808838,0.74844239095579756516,0.79109020674306207432
0.23982801829086422551,0.26491762251091266478,0.29133035531263679063,0.31924571737361578938,0.34877886045131889503,0.37979712949081800843,0.41190245567732963750,0.44485728918336958637
-0.00469804501844280683,0.01000985789082691965,0.02540850433489814236,0.04160692219247071749,0.05867596058361018718,0.07654069691565093536,0.09496799707046589545,0.11382170358557495982
-0.08947850019702327518,-0.08369284089742028143,-0.07775478136891074421,-0.07161952738301766153,-0.06525738409880084412,-0.05869485687480208852,-0.05202210558571430249,-0.04528862721213975512
-0.04592159364198670352,-0.04508314631847522291,-0.04439209893707211918,-0.04384269190815021783,-0.04343140949287680602,-0.04316148203832072261,-0.04304709059135537058,-0.04309261732785756721
0.02402588650093108805,0.02390559074812283885,0.02358968008264676966,0.02307406091487948507,0.02235530283100198301,0.02143408666822604544,0.02031209430785414771,0.01899346460477101609
0.04754381128335966045,0.04823584202937853532,0.04881597873470615995,0.04928651188598286159,0.04964972933988823917,0.04990943720441506221,0.05006772028288615506,0.05012816356155500724
0.02481045161367980909,0.02568745569898550629,0.02649849847225894950,0.02724818467437635505,0.02794290833343266930,0.02859785565670990362,0.02923374938581143820,0.02986467846156307462
0.00902755891352386569,0.00937704349291085086,0.00966086772751769025,0.00987808905021833952,0.01003347741245000022,0.01015596387423968634,0.01029606062572448709,0.01048436778131637930
0.05653896139686728078,0.05806360012719498365,0.05965397825055989561,0.06131551030799303054,0.06305823744836794309,0.06491175516906101672,0.06692307926527803208,0.06911851926487729003
0.17585841938144533558,0.18252158563803011493,0.18964313308876543096,0.19726596510061869538,0.20542485863007475810,0.21412390338991427186,0.22333292035032015210,0.23302971015920373454
0.33960421157608777776,0.35549057995348687378,0.37245015034286399480,0.39059314530914723829,0.40999709879510948252,0.43061276217866373273,0.45225650369240238957,0.47481221121907751792
0.49906459788350648887,0.52494688023207103367,0.55248513416943800802,0.58185838134181144810,0.61318543070189790445,0.64635092324497867011,0.68099254367372652474,0.71688565904137868667
0.59054789295733411958,0.62094495010203965002,0.65314218246560173942,0.68734403404935096038,0.72368035583760803586,0.76199103570671045116,0.80180976402792558666,0.84285002832140110129
0.60925570186952038299,0.63577808383513745305,0.66368563280328296550,0.69314842465231041313,0.72426870174109403422,0.75688557597448791192,0.79055901613668799754,0.82502098384812216914
0.58451337273956383012,0.60266032716466211294,0.62158268362786694983,0.64139071553453164132,0.66214572767563806277,0.68371975952932262377,0.70578267134149930140,0.72813581367508806164
0.50152904745074511350,0.51325820090367768600,0.52543236612016364084,0.53812882313706467130,0.55139113529441952100,0.56513336078605747037,0.57913011364650579527,0.59324891053950146169
0.34772561923195044464,0.35787490219110207335,0.36853375200323795768,0.37979116474022078798,0.39170664322869125362,0.40422737311724449283,0.41717881823728386603,0.43046233599412331294
0.14848821267675080260,0.15852442642679737128,0.16916328969925936709,0.18051124498049397893,0.19264638742873005373,0.20554001961782122909,0.21904638533076686846,0.23308714387978973770
-0.03245861173273777850,-0.02559761185439075187,-0.01840746337160963780,-0.01080793121704778231,-0.00273790883623453631,0.00579348074194902321,0.01469711363767300938,0.02392966283145301493
-0.15051316886691498698,-0.15082636808559729547,-0.15146377773978836334,-0.15241960925110639713,-0.15368863386017039829,-0.15526378593989967336,-0.15714283020710143046,-0.15931536937025819745
-0.26627482581966049890,-0.27523389940928255637,-0.28521930859661503987,-0.29630305872695023028,-0.30853733328618565546,-0.32189346929769774297,-0.33626462412357394083,-0.35157719604167170235
-0.42516961222816135324,-0.43952499001509104382,-0.45524003040973243239,-0.47241447981869050254,-0.49111723519852235054,-0.51129288823379936968,-0.53276262362038173670,-0.55540551846979646644
-0.56207572713759246241,-0.57549950149915329867,-0.59011383524941973810,-0.60598618446492480416,-0.62315751984758083193,-0.64156038193477094023,-0.66102152411117565123,-0.68141837130167781655
-0.61380107439677400460,-0.61984308889387462749,-0.62654459282768526496,-0.63390659313689656784,-0.64192256409816905727,-0.65055068571106633435,-0.65972092583378938446,-0.66937139586711758010
-0.56233666246802060940,-0.55607026676760462625,-0.54973730259460629188,-0.54326312388122799391,-0.53659536016747255704,-0.52976297075460498931,-0.52288895999462459141,-0.51603200565944129519
-0.42700861409331197782,-0.40731864906943554550,-0.38683276668488797423,-0.36540873844519805580,-0.34295865320733620596,-0.31960210724117066317,-0.29568415953114268735,-0.27140487800096352311
-0.26670643691220191629,-0.23743723353801152176,-0.20684456421325331243,-0.17473920468543061024,-0.14100954419271466422,-0.10584347174771713274,-0.06974967739280328594,-0.03303270081952529996
-0.13765357367674480038,-0.10634462672617560342,-0.07355641546506890005,-0.03908378840118793829,-0.00280578844615646207,0.03507299558945280865,0.07400067788028322213,0.11364636012192853853
-0.06185754682543966043,-0.03612036599726135833,-0.00914423772703926684,0.01925937283850167811,0.04920569791710513452,0.08052748057484011845,0.11275536297237599703,0.14561349170884502202
0.00504664511229836136,0.02257442107023394443,0.04096182843696007797,0.06036337269194474303,0.08087825881959248564,0.10239387686772617736,0.12456990451104076045,0.14721369061974676207
0.13453114535485674597,0.14771612593747168729,0.16157902310073038454,0.17624254268952546654,0.19178532052238592143,0.20811687362232803022,0.22496574989367157382,0.24217915629122779841
0.32990024196629175179,0.34483533018834305883,0.36055473319483999362,0.37716004010553016990,0.39470842878636375195,0.41308393117474684342,0.43198881015052847943,0.45124426129619277237
0.50480504070188225718,0.52426684863063255371,0.54473453920130798789,0.56629608110096518736,0.58898847712440238755,0.61264689303736297177,0.63689835986260401324,0.66150587693527995725
0.54168040993874522204,0.56408395254115839546,0.58765364360790917075,0.61247303503353134335,0.63856962939172479121,0.66574740850021074667,0.69358185333609279066,0.72179753993828243974
0.41319169189010640508,0.43594968423912350275,0.45999332329303166400,0.48542233377142013362,0.51227933645426093623,0.54037977069582854295,0.56930661523133641033,0.59879071846594278394
0.20694656337171310478,0.22896188922380530939,0.25242288454486572213,0.27746595109486804631,0.30417165672615742444,0.33240049326314302647,0.36178588520339244328,0.39209673903904096459
0.03480158913611648003,0.05617035320071286225,0.07913323066302607733,0.10386133889849108458,0.13047291972650965075,0.15888004937009292394,0.18877959102868288599,0.21998574760485076207
-0.03969071325249307058,-0.01819242462305863811,0.00496274508720314159,0.02995633315980099354,0.05692046986380583373,0.08579571799529259191,0.11632092980304899188,0.14833671565220263311
-0.09542155853701260459,-0.07368643211559096351,-0.05033991662688766522,-0.02521369663200911937,0.00181414222584998881,0.03068532815844083120,0.06115152508181141006,0.09305770464501185446
-0.28045355524648768464,-0.26068742725928722992,-0.23950684009475792235,-0.21676494597199280623,-0.19235610768051589203,-0.16633468934406844819,-0.13892427606218368807,-0.11026526893938136398
-0.57496799543072008021,-0.55980856383522237252,-0.54355785875481510416,-0.52608923797105167086,-0.50730877985575684175,-0.48724843340792772795,-0.46607481858206623038,-0.44388871335051843792
-0.80532869085234437545,-0.79503984191185106400,-0.78398215128962500664,-0.77205086316195115081,-0.75916442959817442837,-0.74532910819412123704,-0.73064697839715564420,-0.71517495077290693661
-0.83161278438528019041,-0.82342985208366814565,-0.81463741512282372703,-0.80515336490076738762,-0.79491219330310003421,-0.78391066748638305040,-0.77221442011281338225,-0.75985984199295364405
-0.64315592984507041763,-0.63273400537337987082,-0.62158608799817449686,-0.60963959341782247847,-0.59683863012237137191,-0.58319119738506886019,-0.56877467357598676667,-0.55364017006127363985
-0.35459716961461645868,-0.33908764918175943182,-0.32252589112148766226,-0.30482700944906765406,-0.28592900347599353728,-0.26585908558963933235,-0.24473935130833507356,-0.22265623976020870733
-0.09114174899609862879,-0.07046938600131233410,-0.04839742055416842298,-0.02481489202800107527,0.00035670498243931171,0.02706874114773236834,0.05513852618126445504,0.08443847450709918157
0.09351776101860803658,0.11693923866740037198,0.14194168763960407498,0.16865463942688846410,0.19716633214044002043,0.22740283360864951834,0.25912038906135181904,0.29215396357537121164
0.19364544145501338956,0.21698606225929106817,0.24191615925718948366,0.26856541788926874270,0.29701703141363722249,0.32717052338186403126,0.35873530801517494737,0.39151863544793735761
0.24613428795160732787,0.26977456137534960856,0.29507690674682890419,0.32216979792494732093,0.35112971991025909713,0.38182609544872325724,0.41391711636978983924,0.44717751806752142896
0.30123525610929008378,0.32807740806425833568,0.35687484723869672409,0.38777213825393469504,0.42085265653277770248,0.45595492233713014185,0.49266977814071855057,0.53072714821809208185
0.36445124792631067301,0.39738399597843282463,0.43275407555124767445,0.47074549960757805511,0.51146752281937657436,0.55473062199452816134,0.60004272636226396731,0.64707949007329279567
0.41360060978332774395,0.45394977576197292901,0.49726195515668764058,0.54377597684646272747,0.59363885947891581463,0.64663243145288518132,0.70216632019011249177,0.75985501182929859887
0.43266233167523088232,0.47825297055762300280,0.52712144213840095297,0.57954869525887231507,0.63571031211113437909,0.69536456207988872613,0.75784178706464433439,0.82270967998695199164
0.40552537632830981673,0.45176982036494217621,0.50123006785089130322,0.55419327220575964610,0.61083760521421204270,0.67091073594885952680,0.73371703001852750514,0.79881131572204244762
0.32749719852789765939,0.36973439425591347884,0.41475302975862471389,0.46280803528510583433,0.51405341459885156574,0.56824515996658309103,0.62472790094570196384,0.68308440263504321965
0.20578439065392931107,0.24084461367074685989,0.27804996573655732517,0.31760391670363186112,0.35962621808993211481,0.40390738982583068717,0.44989566793382462784,0.49724125219000359088
0.03342161532239025512,0.06084077241175682438,0.08982423440067287268,0.12053652151884869381,0.15307758675511090596,0.18729551029843755083,0.22277312695766637862,0.25924940491355680239
-0.15493205426713760331,-0.13423946337042630406,-0.11241532766188755410,-0.08931385175869833992,-0.06483713192530851654,-0.03907091793093491611,-0.01229902172042190989,0.01530738177237717448
-0.25886262225261463810,-0.24398277332030934850,-0.22829814133324805026,-0.21167974957523016943,-0.19403195333445816262,-0.17538379799800801750,-0.15590334242830664047,-0.13568501828842796653
-0.23892515271556583056,-0.22845655090346891902,-0.21741523394895700960,-0.20570039275635507159,-0.19323215971198606788,-0.18000700387260190616,-0.16610964916147336057,-0.15158387987899660243
-0.15391007208963736197,-0.14547382652136756076,-0.13656339530518174508,-0.12711605032363409995,-0.11708201102764495549,-0.10645905339855489535,-0.09529986774445250997,-0.08363631431883715439
-0.09650452724189098608,-0.08828956485921231334,-0.07959231304635230875,-0.07039084439351692146,-0.06067249554459586830,-0.05046173875503465189,-0.03982178038696244926,-0.02880277157699774604
-0.14382146945912252511,-0.13655849457289087612,-0.12885298892278956862,-0.12071961395968332231,-0.11217821851364881414,-0.10327307531271406882,-0.09406950936341912373,-0.08462792093055422626
-0.24873955647596882046,-0.24401164577011982826,-0.23899982103126046762,-0.23374324888506933795,-0.22828009242362501396,-0.22264958598938780487,-0.21688636946295328234,-0.21103383014868290490
-0.27918988207569866988,-0.27804410257245337768,-0.27686414660294994539,-0.27570346120707950321,-0.27460664184260086262,-0.27358749231124862566,-0.27262345970279422414,-0.27171911004251525501
-0.17834296219785350512,-0.18218471091463550593,-0.18633537159432317365,-0.19086737913515566811,-0.19583274846284343118,-0.20120566519923335780,-0.20687722210840095438,-0.21279379538301276820
0.02500822482961878937,0.01598434745945760335,0.00632897538765468497,-0.00405747734175705352,-0.01524124219295344002,-0.02715932463942031388,-0.03961296479419346844,-0.05249094465818891081
0.22195573963105344473,0.21126973493666834081,0.19992615590170115247,0.18781650614772452124,0.17487046018095225852,0.16116523416807984614,0.14693394103709783716,0.13230780605981615206
0.29019515469429230103,0.28447293357846231698,0.27854214813350663960,0.27233549473911794481,0.26581202509459550543,0.25903157029968204572,0.25216222848653496724,0.24529398347242761802
0.22704527168974494855,0.23139205374346832889,0.23626166782697208268,0.24166700958261663756,0.24762201911468528781,0.25414273291600919524,0.26125027901071740111,0.26894495215032238056
0.11278207538837088653,0.12654992017926111614,0.14140092948933119521,0.15741709168416773146,0.17465668867459638314,0.19308413181094818967,0.21256742947776513519,0.23301465264513568365
0.04098153854708972560,0.05965153581939414834,0.07954377527881525967,0.10076310667540981647,0.12337673019639816552,0.14730392932329022804,0.17230984754209793808,0.19824027218802253714
0.06425507133760165190,0.08444504112737580281,0.10576031902992179268,0.12829276949236992356,0.15209186831948592888,0.17704004026100700342,0.20284563241067526951,0.22931746622359056031
0.13896589033145670400,0.16085698692058572612,0.18392029520488542560,0.20823962330068657156,0.23385222024447216427,0.26061049191951968229,0.28817591362027727975,0.31632436201732500036
0.19454585449904490679,0.22009953963148545797,0.24716731257301466362,0.27585340982711764601,0.30620655578335798097,0.33805394521253662177,0.37099623868963582662,0.40476810088215187111
0.18605570884540170717,0.21486592869712323184,0.24556772319500438928,0.27829349337855230351,0.31311132879641367932,0.34983201933465452038,0.38800511082649180583,0.42733175794419969717
0.09975178184412428206,0.12709073058021091995,0.15631110594643951583,0.18754139124470478595,0.22084773864173409819,0.25604614516116247502,0.29270020299857474333,0.33052001259844460135
-0.02369322804104939326,-0.00468436644037843047,0.01562339414857906970,0.03729983897443129442,0.06037185980686986947,0.08469225955032902431,0.10994080377996977294,0.13590038301648976748
-0.14486278749765929552,-0.13911429483680143315,-0.13302495024523389167,-0.12662544449583199024,-0.11995565206822479676,-0.11309750194921722177,-0.10616874465013424744,-0.09926167864476966030
-0.27564955060627827077,-0.28355437874005195997,-0.29205520001375795403,-0.30128364730957568618,-0.31134363594626796035,-0.32223644605148538123,-0.33384897898568238750,-0.34613213781880264319
-0.43966480653925782418,-0.45718283938012960199,-0.47586593800097787277,-0.49590516773021209307,-0.51743557798418182703,-0.54037791840158333478,-0.56442341855465305578,-0.58940234883617670381
-0.60990915483451568768,-0.63043709786465840228,-0.65221480834565270790,-0.67543424908743043833,-0.70021975615424802974,-0.72643419829443545144,-0.75366399297758512876,-0.78167266752395159202
-0.68679838389612724026,-0.70457433812321723643,-0.72336281781573097405,-0.74332082640856078637,-0.76454304865825883919,-0.78688204965096841814,-0.80993602386970320328,-0.83347316715512531626
-0.60157805539518638405,-0.61464160729408290340,-0.62843272275235195767,-0.64308111638891818362,-0.65866768020998700539,-0.67508465365193648378,-0.69202475761536852428,-0.70931517889700146373
-0.42266563545789631595,-0.43249219237835323515,-0.44286791782852896748,-0.45392275285870042900,-0.46574947538459732232,-0.47830063701663660947,-0.49137573367031489591,-0.50487246280553266242
-0.26937716748232970465,-0.27829117072998432736,-0.28765820626984295316,-0.29761992783454621625,-0.30828666601857002139,-0.31965442826934148401,-0.33158843482103911304,-0.34403176346545411013
-0.19969828488457003202,-0.20797416743283755891,-0.21656008445895044701,-0.22558810708907417464,-0.23516278832699902268,-0.24529019426766873746,-0.25586011686287196687,-0.26683108292887708357
-0.20290675738524771576,-0.20827312246271256768,-0.21367034576265639401,-0.21918250825406995763,-0.22487370966166100872,-0.23073699114381981956,-0.23668016714306525095,-0.24266732218458736403
-0.21348093362098363723,-0.21446850644045020728,-0.21518388668837826194,-0.21565344616312887016,-0.21589338239449074042,-0.21588412999514586255,-0.21556203879322305417,-0.21490217772591277412
-0.18178567127904887712,-0.17949778724558174137,-0.17679762011485927742,-0.17368736447052171568,-0.17016522629395194888,-0.16621646979987600434,-0.16180854716533257798,-0.15693428599133835144
-0.12529137259952843886,-0.12208074936341582750,-0.11854392616664753690,-0.11470533964152850037,-0.11058523245841975213,-0.10619115641692250529,-0.10151256654166565530,-0.09656104523586805932
-0.09598578761440766660,-0.09483642841726575012,-0.09367032215505853576,-0.09256828853863582895,-0.09159988856188687467,-0.09079672775214077396,-0.09014365276375187197,-0.08965737439818938226
-0.16093504971390346081,-0.16417499757781309211,-0.16782578645072190882,-0.17202655067565017499,-0.17689315144157818915,-0.18245789699664186068,-0.18865759817978419721,-0.19548393566966298929
-0.33182246250576419300,-0.33972694386963708801,-0.34840592596185893104,-0.35802584604197384976,-0.36871747946839461552,-0.38047834361340182596,-0.39316071606948538308,-0.40670154249161111215
-0.51305720004025912040,-0.52334820572122753291,-0.53455483831545758111,-0.54682908089635684501,-0.56028100966527982774,-0.57485977453759429245,-0.59034491368387420618,-0.60662046111005418769
-0.58354379253336952083,-0.59050071048935559581,-0.59810226470711713720,-0.60644711397255124385,-0.61560042220653998779,-0.62549658344137637478,-0.63593542334727271026,-0.64680656706908545850
-0.48297499536108950968,-0.48160771659799672673,-0.48030615814378496697,-0.47911183366343729206,-0.47805348824286031384,-0.47711048442887449283,-0.47621191702208681695,-0.47532831523450586042
-0.28394327902119836926,-0.27634272180642510675,-0.26841068022668340687,-0.26018004533669769618,-0.25168570301576087545,-0.24297430975455053259,-0.23410138708720101830,-0.22512493263218874562
-0.16254052104291563663,-0.15564937974836534629,-0.14847648980496183646,-0.14109704635277484086,-0.13358487654692072222,-0.12601613754881843543,-0.11846094527380662820,-0.11099666442113549636
-0.20674322453206372963,-0.20558610031102936277,-0.20449306070756007037,-0.20359146578212966583,-0.20299184903715355999,-0.20274811438838108435,-0.20284447031332292211,-0.20330936111363737129
-0.35045173940821700009,-0.35464572976393843318,-0.35920603998878664065,-0.36428305474962047183,-0.36999735138570477577,-0.37636124438515622392,-0.38326445677240300602,-0.39067413054033545139
-0.46466048274738525059,-0.46990461212639744737,-0.47550594756035496902,-0.48159891623922124193,-0.48828758687123147153,-0.49556437489535309915,-0.50329679083766321046,-0.51143316465504284896
-0.43923734318300350354,-0.44238016850514705336,-0.44563404025399855346,-0.44910716833247255053,-0.45288571501089952553,-0.45697719917876084006,-0.46129721268928003397,-0.46582228960191168765
-0.27201753319872346015,-0.27333652687479559340,-0.27454376958856790969,-0.27574090812715762455,-0.27701446394586765054,-0.27840158974161360872,-0.27987425272509297569,-0.28144713420490113931
-0.06543019324051711771,-0.06648322804056659707,-0.06737364420492930606,-0.06821702414312338925,-0.06911501000602159051,-0.07012662714094471117,-0.07124952192382581762,-0.07251908211477868516
0.06070327262457472089,0.05925743888757501604,0.05786903367228567879,0.05640683741047618910,0.05475539767974234306,0.05284870105601603002,0.05068931234987100048,0.04824001609460883133
0.01675989871638596321,0.01494246319582446733,0.01300872188779242898,0.01082679650433708909,0.00828205592639106279,0.00531705347473652046,0.00194755637581764461,-0.00185188573989091606
-0.19209366452895373922,-0.19456578244405550726,-0.19731227479890281473,-0.20045096117833111071,-0.20408179786629254693,-0.20824208634288443598,-0.21289493402808870592,-0.21804499758123532804
-0.43669138639360799425,-0.43983166990200595059,-0.44330382905990761699,-0.44720581577253609717,-0.45161816405113047734,-0.45655811352252645419,-0.46197126336416272085,-0.46784404589557804233
-0.54644264621878191335,-0.54957172020403821655,-0.55297012503107023651,-0.55671962433090926847,-0.56088604032268907229,-0.56547688284219355115,-0.57043392282151172967,-0.57573787853989655261
-0.44519681999354887569,-0.44705523392536966609,-0.44901194610099792737,-0.45113859821795809779,-0.45349297550734452011,-0.45608329353750276525,-0.45886002949544418827,-0.46181111020152737501
-0.21321110711854274200,-0.21240242742318332647,-0.21142318935381884670,-0.21033641389369134300,-0.20919418804636769060,-0.20801181326706588703,-0.20675822366862042778,-0.20543839162424468170
0.00320892696844693502,0.00658112674455724710,0.01036103775134382225,0.01448856053062389307,0.01891165367144666612,0.02360213688015192629,0.02856702705744009266,0.03378010496480365887
0.07774664161985567201,0.08203714376586040968,0.08680176471177773745,0.09197577965523494326,0.09749994182703566881,0.10332744659958213729,0.10943666714393815442,0.11578065471546916676
-0.02828086769945577575,-0.02429478192347262616,-0.01991315580077529165,-0.01520200598411720373,-0.01022579809204920455,-0.00505212282124645629,0.00026079971867235858,0.00564604986791658083
-0.19558960521925641829,-0.19118591067825677077,-0.18645084877475992524,-0.18143948471882020979,-0.17621198976850407925,-0.17085693074655594614,-0.16548085992822608725,-0.16017505270684459506
-0.26598990803892863521,-0.25936362878029023404,-0.25234437541657595006,-0.24496893967749630572,-0.23728695208383610016,-0.22940586389140066315,-0.22148314182497946812,-0.21363844116836588904
-0.20976107642067978731,-0.20092685888088385182,-0.19159121852417887455,-0.18178288108379045407,-0.17154651801231127206,-0.16099667141363235845,-0.15031099207592016342,-0.13962339756735903107
-0.12624325864880669990,-0.11676732494332682510,-0.10670874345606370937,-0.09610063228586708528,-0.08498920331724363342,-0.07347988807283006851,-0.06172962865043242486,-0.04986386978777802154
-0.13959401033866142283,-0.12987854684656507942,-0.11946547337119635401,-0.10838533598648408818,-0.09667936402463264689,-0.08443895666164501213,-0.07179686215972648500,-0.05886621512489177005
-0.28175892292499893355,-0.27151410494234090587,-0.26042695542418475840,-0.24851258277985438516,-0.23579867191751041622,-0.22237049329110630813,-0.20836182245857431949,-0.19388551172966564384
-0.48191462230345744056,-0.47171071817522219893,-0.46061153520393266492,-0.44861651725667889279,-0.43574174491088374372,-0.42207645092563361722,-0.40777442444470152205,-0.39295677966532704950
-0.62695027987517215617,-0.61735969525707556915,-0.60696347561639707457,-0.59575410093670622125,-0.58374448980162174649,-0.57103491510481152460,-0.55780574626182943820,-0.54418912186485657312
-0.62330245827798702596,-0.61332120085866603798,-0.60263999099455101138,-0.59124896301192908510,-0.57916280130924957525,-0.56649892094019793642,-0.55347225991437287718,-0.54023281547495438648
-0.45994105181712890973,-0.44742612235176365543,-0.43419210885257147892,-0.42022453739754300761,-0.40553946155607589752,-0.39027883275946356756,-0.37470737126010650320,-0.35900627014735408959
-0.19099357935930488805,-0.17524027955860041472,-0.15865097662833074765,-0.14121165691004294862,-0.12294475246095588894,-0.10402277348250689448,-0.08476544615814755879,-0.06539263381112998819
0.08541891090919817575,0.10221873048488273883,0.11995173017835997209,0.13861666520548474035,0.15817428670211858277,0.17842664350453341093,0.19902316461294139449,0.21971798714216761450
0.25467778733980955819,0.26971914998634127780,0.28572752408561313819,0.30268075420944973164,0.32052125387560986836,0.33903990167648878629,0.35788738598526070867,0.37681353753223956193
0.28242174112945050979,0.29566303625082734907,0.30992060964248147048,0.32516622113798598903,0.34133698667875927990,0.35821975435597264159,0.37546619998754421355,0.39282581102241820314
0.21583600183905821135,0.22967967730182914377,0.24467064528133425361,0.26079809031728490298,0.27801188478804728099,0.29609324320939373054,0.31466995027623406722,0.33347907830332762513
0.12783077169288631358,0.14471182421352873915,0.16292785294250317074,0.18249789048099704369,0.20339322447651733694,0.22538443215801462483,0.24805392776419527001,0.27111351262314714594
0.08684118390065037607,0.10850258487727237888,0.13175134848738923043,0.15663924469791876137,0.18316092377921350254,0.21107476648233405858,0.23991176359601321111,0.26935244081421388929
0.11176188849312233831,0.13883288056438342073,0.16783020595467196268,0.19884397703581935257,0.23189933298752218871,0.26675579640775981538,0.30291232270212853361,0.34002872750432761029
0.19715787990500996396,0.22874947939898923610,0.26261208421924348011,0.29887375598348436823,0.33759194920322943556,0.37853782240999511721,0.42119821617379099576,0.46522472634758071930
0.33595239248878822069,0.36880847175893344270,0.40405742976029673796,0.44183536196707107191,0.48220686448183330830,0.52494678472952527315,0.56954207057960848370,0.61564276415199481463
0.46946806739071827996,0.49609340853159922258,0.52466639304387530096,0.55526308621868636362,0.58790151457459405293,0.62236082009845450358,0.65818796957295055972,0.69506698011929279879
0.51562888104876980488,0.52758676995916020669,0.54043814636869424994,0.55413330843470109954,0.56859609941662558885,0.58363236801464513093,0.59894575768205160493,0.61431411439748895287
0.44768365323838743564,0.44406609115612477590,0.44027900159003774405,0.43615280137608858357,0.43152637545716332479,0.42625548340861363350,0.42023701247162348338,0.41336716668754691639
0.31145688994989684240,0.30220269633108276519,0.29248156683001685918,0.28209626867702841668,0.27087275744897665319,0.25871195233169813621,0.24561602915210190012,0.23154770455200665569
0.20899332464778036522,0.20940664125018074171,0.21010951016088016963,0.21099437100493423358,0.21195678236607642941,0.21289074188787718289,0.21370904077334204607,0.21432143540001438731
0.21278634810828653268,0.23368619776716306746,0.25629207572967249718,0.28065147447968291639,0.30676788748195654710,0.33446051298685464115,0.36337443701358107528,0.39325456821063320412
0.27314292962666336662,0.31250823339369437903,0.35476967367528111641,0.40009941977567198279,0.44858162710200044643,0.49994441403727235551,0.55356171939676668270,0.60900961877750170448
0.29448934738394677568,0.33741637340987584714,0.38340276471336454112,0.43263312590994063012,0.48519537443685217815,0.54078695798002984763,0.59871557747016457274,0.65851448861720851546
0.23808053479289476018,0.26696743394002964145,0.29795879562783311734,0.33113273700063400318,0.36650560901004830550,0.40383908295794906929,0.44264770015563315031,0.48259108938768191521
0.11061748852791317144,0.11730306925021039000,0.12467177674665827491,0.13265189377963762518,0.14116565043086262699,0.15009841223758260687,0.15931590093937156305,0.16869542141829343973
-0.04393828195442059381,-0.05376188394929650588,-0.06390764863713654931,-0.07454158469362273665,-0.08579466564469237500,-0.09767283955205903478,-0.11003408936640014792,-0.12282631190327281123
-0.15507374530549150604,-0.16681188079566386384,-0.17894258208494662199,-0.19161716810483220286,-0.20494811332989498753,-0.21890567791224049832,-0.23329702855278458551,-0.24803207305473728983
-0.16791431129948478085,-0.16893538759304105312,-0.16968757697782577143,-0.17022972454445553514,-0.17061002628643875956,-0.17084241254870050075,-0.17089355879507020508,-0.17076600529204213896
-0.08642990317559240410,-0.07486696193844674663,-0.06235573085530352749,-0.04887172396077565928,-0.03441248137996393008,-0.01906798617316210476,-0.00301516141713633690,0.01361571433393277998
0.01516187720112162352,0.03159122397472829274,0.04911696215602055077,0.06777641359311227520,0.08757253582818164128,0.10836716869163116883,0.12988424388776101392,0.15193025626527395522
0.07385474221080648438,0.08628247539431696533,0.09945827872187114338,0.11336997626646799775,0.12798204124032594442,0.14315955618382841807,0.15867454122984298026,0.17435904123400461363
0.10572761819286484453,0.11222159203217393908,0.11911782384541264035,0.12635299170748326425,0.13385634163749568493,0.14151849671571647971,0.14920249096215851270,0.15679282579424635991
0.15962020760660297625,0.16644718617181974984,0.17380233631478059220,0.18162583359100459290,0.18984913640789397027,0.19835891830378241107,0.20700988309159240597,0.21567956678522087755
0.24428365487889946994,0.25962658616882267060,0.27613118922102070085,0.29380244240794095578,0.31261336473161072114,0.33240081150033162771,0.35287554789266478705,0.37382643008397914430
0.31546961183207788970,0.34377261043139772934,0.37412324603003122014,0.40662218010086459419,0.44130523390609605050,0.47794378187804303915,0.51604910883223431561,0.55528749203321992045
0.30239136988655185290,0.34162230923718267528,0.38365689450432766128,0.42867379119957754741,0.47676270222817501709,0.52765510792518977023,0.58072370014026475360,0.63554789811799949906
0.14014792476725246306,0.18231836556749461686,0.22754494200309496876,0.27602917035949314783,0.32788132709731310221,0.38284517111226779029,0.44029594455540133069,0.49981272480943905734
-0.15514897619095335823,-0.11773832284805649251,-0.07752881101366804195,-0.03434107566747981316,0.01192793837926205310,0.06107423265420992842,0.11258572604594237199,0.16611219064960719427
-0.46914805229350636795,-0.44017614781552882874,-0.40894506261509572242,-0.37531337199736403143,-0.33919722190857071187,-0.30074500711893159544,-0.26033705666355788644,-0.21823623663958444108
-0.68537225598371609436,-0.66551670164818610420,-0.64404205227966981884,-0.62084545850981309734,-0.59586697402806843016,-0.56922004157855876638,-0.54119015338098241941,-0.51197190283151083889
-0.75896704807826298467,-0.74703688107821064612,-0.73408536658229939231,-0.72004722088226580379,-0.70489094177225430915,-0.68872209240620207993,-0.67178060235470982153,-0.65422380663172052806
-0.74650442749989864843,-0.74149806154215702758,-0.73599173472315626565,-0.72996346163154923747,-0.72341653081824641713,-0.71645847963411624093,-0.70929574902739389586,-0.70205999220490700186
-0.73282915136445447857,-0.73260352874932721523,-0.73222066934879004307,-0.73169661288298859514,-0.73106404399984903364,-0.73042698965889207852,-0.72995262954747786033,-0.72974814414482558345
-0.70453954312687105954,-0.70418759713186651616,-0.70367102242117740563,-0.70301808918441155427,-0.70227110201757725338,-0.70153430962595741960,-0.70096440508120128055,-0.70066631121046218933
-0.57241718100110094980,-0.56833385379824763461,-0.56381719903288674001,-0.55888757980023773264,-0.55358164439889034902,-0.54800758346189093473,-0.54233546079338390555,-0.53668560266351228449
-0.28121669270978788546,-0.27435210934361864421,-0.26682264561684343462,-0.25864860641722159373,-0.24986528517997516619,-0.24057544816765377704,-0.23093862797526409913,-0.22107693700334926645
0.11596537200872890361,0.11997312715670481464,0.12452397829204257806,0.12956182060002913170,0.13502935966093512765,0.14085461237860494310,0.14696523673204636706,0.15328570325879570246
0.47848143734331782806,0.47406786980585957636,0.46970768792281664128,0.46528040909512169421,0.46068908335444697100,0.45591808920790205528,0.45105252434023784813,0.44611042712944792843
0.66766448218783913671,0.65614542088211502691,0.64421631390154610042,0.63170547199795601401,0.61848334983906749773,0.60457441535100098218,0.59017979938660092287,0.57538857322077663348
0.63508545968570395690,0.62296870260781367357,0.61031710844700415297,0.59694449730128495979,0.58270763729027852396,0.56762014098936319773,0.55187537645786166607,0.53555686444992922635
0.46667265372707322779,0.45965024355655104138,0.45231227596137457692,0.44448882834626179950,0.43603998077837480274,0.42693120380599547392,0.41725469569503731426,0.40702878539106723821
0.28696455251083535787,0.28603609817112191083,0.28512560293045374760,0.28409049927105878286,0.28280397332185563952,0.28118819608293715850,0.27923375649643800145,0.27689327978580657863
0.17633706907197990721,0.17818521856540844861,0.18023403168595841795,0.18236275137004323565,0.18446066162888080653,0.18644419246518850741,0.18827455686331959206,0.18988655543130453229
0.17252830150153239397,0.17527948497793269245,0.17830225696308762973,0.18149932798197060402,0.18478149395036083669,0.18808082126328978800,0.19136552694616409953,0.19457902049728170724
0.23164072237644364738,0.23755554324385724785,0.24393416759365141311,0.25071934900742542940,0.25785304175796536219,0.26526566193870820820,0.27288681290542671221,0.28064142399163161112
0.25815341009977432751,0.27149163612373167220,0.28576516200463275563,0.30097994976024516900,0.31712158325111905466,0.33408881398956646880,0.35169922779748219455,0.36981214643077364723
0.18355877548633095508,0.20716986752959445917,0.23239462127033891359,0.25931877015742565984,0.28798219851559841986,0.31823930432291303028,0.34975899928631787317,0.38231070839204850387
0.02939054847332030554,0.06125825555893014973,0.09530423730267997828,0.13168078177887795888,0.17047505422415271115,0.21151437026257530194,0.25436144019923101478,0.29872159519913044079
-0.08981898423832290757,-0.05560605348428606515,-0.01902786494651851484,0.02008985518051643882,0.06185192020228912763,0.10608678480211304607,0.15234030291537278834,0.20030780426761618518
-0.12254760200046807550,-0.09245897916137044148,-0.06024405825364902850,-0.02575652466517530659,0.01109079704369005624,0.05014866089209413236,0.09102748387916796691,0.13346205492951732086
-0.13541841015365721490,-0.11276541879966862914,-0.08844751222516503142,-0.06236679812700832853,-0.03446841633914365932,-0.00487148287159324105,0.02613074358713425929,0.05833358464708105623
-0.16883731368817386786,-0.15051333726608029373,-0.13080993103354532359,-0.10965316019490861654,-0.08700540049789702579,-0.06297685279298623207,-0.03782399119095909007,-0.01172602550501310528
-0.18319232997902540339,-0.16226260487907726016,-0.13982601765581462172,-0.11578961444868288155,-0.09010683262136474914,-0.06291839573395986707,-0.03455221725151572110,-0.00522962977049442647
-0.14753596574341659720,-0.11822998306131878021,-0.08691336362594781484,-0.05344075439197489008,-0.01773504382351675027,0.02000794569069349119,0.05931603758470355842,0.09987829453479278585
-0.09496633217800937166,-0.05547293152464870258,-0.01330138388319313143,0.03175967509864728588,0.07983005901083885247,0.13066546863737321660,0.18364991768083402390,0.23838167766211351695
-0.07840812949410190524,-0.03104028559802351692,0.01957940995174298204,0.07372043404651500154,0.13154491931711689845,0.19278961789162724072,0.25675477920978140300,0.32298554046221727987
-0.11675624680301796565,-0.06444167308295407903,-0.00847457895630784365,0.05145751608832135893,0.11555129236734310028,0.18354579884519922617,0.25470865437725942471,0.32856448868213999903
-0.17320634477003626905,-0.11800912898324696088,-0.05894459596856876232,0.00432409221075178742,0.07201328144624533079,0.14386398259619126438,0.21912621294711895348,0.29731368210410141772
-0.18555813354565753315,-0.13093233903250595107,-0.07251371604582781960,-0.00997451032454854322,0.05689433879047240544,0.12783351728188138696,0.20209989669055536399,0.27921076318327137100
-0.13971304312859042507,-0.09118543449914491561,-0.03932277296621511375,0.01614912475617020365,0.07539943196440214435,0.13818159395421622526,0.20382136554817739671,0.27187729464748366937
-0.06462627241890944729,-0.02767624464983624646,0.01181690781100724896,0.05403879033565171103,0.09909660840881488741,0.14678492262916936761,0.19657972915387386670,0.24813164838465950890
0.00514761911567950415,0.02998795293726979130,0.05663131526937364990,0.08518144701927654605,0.11569253632648937580,0.14801828482097115214,0.18181223596277468202,0.21683466657288050228
0.03023954941963856793,0.04969617834369383785,0.07075471520717807605,0.09349287727588249941,0.11795277943772783380,0.14403023960171001949,0.17147861634622207916,0.20011959188707467705
0.00991534122441794369,0.03297590466153343253,0.05802441449121145678,0.08517400707904400348,0.11449499969941209776,0.14588301140110432330,0.17906225847498699610,0.21383549059528492164
-0.00220769922980512462,0.02929600244577839144,0.06336050690630247451,0.10015636514255073231,0.13979137830790624997,0.18212058820405124804,0.22674623440391161733,0.27339455318570049513
0.04207967698587229688,0.08006620616101903232,0.12087336369415120629,0.16470395892153147366,0.21168076203343530461,0.26160637801321734441,0.31395928211768425742,0.36838955205845969054
0.15122284601979263385,0.19072372660127115407,0.23287381369348941762,0.27787016822745519429,0.32582312422091475046,0.37649731380098883093,0.42930476369197867470,0.48385665571122776774
0.28039787361876911120,0.32033432253747440299,0.36275061257742746701,0.40783616060136879122,0.45568968671720311292,0.50604911731757606930,0.55828278666342323611,0.61197698384548360195
0.34506586653331289272,0.38909012960427596939,0.43588329392914088034,0.48566631000539167706,0.53855766710275321252,0.59426885726579614655,0.65209403125903053766,0.71157435584504968862
0.29078947985020364708,0.34370218022687792914,0.40021635263908267310,0.46063146787702236029,0.52512264066885594449,0.59337150974533880987,0.66455431329709024890,0.73813828449167806500
0.14729426566035858093,0.21109515162943645605,0.27953941204240906337,0.35302288436690015816,0.43179122953027532228,0.51549458860598451615,0.60317393288533416307,0.69421092476717249919
0.03070178139316167079,0.10184792306713304211,0.17831212991327616280,0.26055108508767410580,0.34885360473060889053,0.44284289330887471881,0.54146184996021984315,0.64402975201494450097
0.04051844489782271269,0.11179934485298977098,0.18835185096147463724,0.27062170545397534749,0.35888548430749811491,0.45274820200183651941,0.55112942450858048993,0.65333224835708780809
0.13608990979335841565,0.19969890354010741418,0.26784209521514235064,0.34088766034778478220,0.41905152191844469156,0.50194365717554390027,0.58855703276194615281,0.67823929038180075235
0.19874968849391883019,0.25092395044688792227,0.30666883010098983098,0.36625774577204150972,0.42983850838031245623,0.49705744305483873235,0.56705180270691746269,0.63925950432006029001
0.13242906099746060145,0.17830782398618452711,0.22729149057108880005,0.27961531155564400830,0.33540479765515701649,0.39434721014061591138,0.45568485067024422364,0.51892323234128867604
-0.09925197003109854921,-0.05068421198401380084,0.00123035922770015592,0.05676768101970252473,0.11608912065733244245,0.17890096503196967204,0.24444420237528863282,0.31222753032851274790
-0.40094831838923317147,-0.34632168606714863746,-0.28790231338196242694,-0.22535066265473360780,-0.15845488271716004491,-0.08750726265567093654,-0.01331970741577419813,0.06358794835625052044
-0.58575294792032783775,-0.53062476865843777318,-0.47172997950721351490,-0.40871950048254473975,-0.34137260590074947064,-0.26997389222612711013,-0.19533111745201955922,-0.11795880448609555313
-0.52962662301672280840,-0.48353308757692597952,-0.43439860567480342857,-0.38194927502448339229,-0.32601806207565925400,-0.26685935806927391090,-0.20516341932183668195,-0.14137223767417433917
-0.27566721753954809282,-0.24180439675093681751,-0.20578832403408658935,-0.16745212615989249483,-0.12670608699270966002,-0.08376735285973971323,-0.03916728850998769246,0.00674658552526297486
-0.03581483623165562791,-0.00916083071732639621,0.01919917900897363111,0.04936605714335122463,0.08138231924128885852,0.11505536916525822833,0.14995596523642518161,0.18579475837432274377
-0.02643058096787139280,-0.00067501926139929675,0.02681759917379243977,0.05614302127241300316,0.08734240537463169862,0.12023600971972986384,0.15442332429966884599,0.18963075100601387013
-0.27767972647060518154,-0.24836913599898410854,-0.21701622369666678791,-0.18348071845602237362,-0.14768476890110318611,-0.10980041901519847769,-0.07025276429237561904,-0.02932713339783801429
-0.62638089129146379275,-0.59161656222723035814,-0.55445613575311369914,-0.51469034757634890553,-0.47218528537211335028,-0.42710391751240739389,-0.37991642389941265856,-0.33092779770299329822
-0.85928145975835812376,-0.81930998406969013370,-0.77666655814158724880,-0.73107810318562449492,-0.68235905328669133052,-0.63066439049458300481,-0.57650774789470760062,-0.52021240723263795225
-0.86980669546143118964,-0.82557191488472081442,-0.77842334841954818891,-0.72804558920511419640,-0.67422032616215366030,-0.61710527657465741314,-0.55725694788802992985,-0.49502120437805308129
-0.71008290908667381913,-0.66430552786542407251,-0.61546871068598452137,-0.56325152889778740128,-0.50743324583015336771,-0.44818217753585815055,-0.38607763945870138267,-0.32148214925818124899
-0.52329847528508743881,-0.48001268823637910366,-0.43375201838532378984,-0.38423093829532184440,-0.33125795849406336480,-0.27500943061600180428,-0.21604620137055891016,-0.15472588483297905482
-0.43694250636185788528,-0.39961867311190651941,-0.35968239882447466949,-0.31690889239499403507,-0.27115269553973148087,-0.22258113560574380174,-0.17168494621073690509,-0.11878409620978176708
-0.48615425111289811699,-0.45723107855282352219,-0.42631651807126974552,-0.39325406714749855386,-0.35794507768996208785,-0.32051990208982533703,-0.28134483937317600333,-0.24066413254344581896
-0.59160862339507402918,-0.57030104911323453720,-0.54763674909608828223,-0.52350923058506004804,-0.49784988434217852804,-0.47073899728910340023,-0.44241260423804595892,-0.41303089469553061486
-0.62734995136550952832,-0.60914279780036229006,-0.58987827246208668353,-0.56946014057681992870,-0.54782092911893676135,-0.52500379441528521873,-0.50117181009206435149,-0.47643528069537177672
-0.53876214306741465609,-0.51885396516870840866,-0.49776824946693276619,-0.47538959166230554398,-0.45163427751499357621,-0.42653966739283954990,-0.40027539858036292886,-0.37295439147143177872
-0.38618542561218344167,-0.36196105715657123092,-0.33621217489695603975,-0.30880221558724135766,-0.27963755396211725790,-0.24879138702418571172,-0.21651418894436641471,-0.18297252119990328745
-0.30863400580289840347,-0.28090843482394678432,-0.25140853140978824953,-0.21999472304790451682,-0.18658282572309972669,-0.15130752525671933850,-0.11453010964011504924,-0.07649090561125586329
-0.40771072010632314342,-0.38070864510072977005,-0.35201455009935539442,-0.32150685123936983967,-0.28912411607027943550,-0.25504486851922686386,-0.21969251079149784700,-0.18334685046575974199
-0.64305377467966262639,-0.62147674328643065511,-0.59855250776284674163,-0.57418408157343403531,-0.54832751510846267085,-0.52115107886390432679,-0.49303831813075893464,-0.46423947536354143173
-0.88847997900586916931,-0.87284448214705456781,-0.85613016808963593451,-0.83824779368499890975,-0.81914860401434208548,-0.79894517179729240830,-0.77791403725970231786,-0.75623228957641763781
-1.02063929155160071360,-1.00475047751492141401,-0.98758869409633942560,-0.96903418399180651921,-0.94900477997862808799,-0.92756638477458541736,-0.90493720713164760294,-0.88125527238365153337
-0.96623981615262954925,-0.94165554097740300499,-0.91508767934477575068,-0.88635316004600295248,-0.85532101013655270627,-0.82206477019230450587,-0.78686960027849672805,-0.74991903318458752459
-0.72284928811713577979,-0.68600081451921202103,-0.64632025671046844373,-0.60356584399334323177,-0.55757177071671848445,-0.50847205686665453150,-0.45670950264328619150,-0.40257494518628716973
-0.35634068168855587144,-0.31003837121276156541,-0.26033560880099698709,-0.20696578902806037070,-0.14975855051700398546,-0.08892591961570997516,-0.02507096430286321134,0.04140565063410226593
-0.02162086826004573289,0.02853927079532455474,0.08226527536951176722,0.13982398796811010278,0.20137580554835735058,0.26665669399287522667,0.33497021054177772426,0.40585284205121952006
0.12003462195241179633,0.16916391121898680105,0.22175310122641386790,0.27806945147944117647,0.33827364641988305616,0.40210205601889997817,0.46885786922727590298,0.53808089009544257664
0.01588495908081357169,0.05923056855107094315,0.10570110482071148894,0.15556044062196000555,0.20897755411432394901,0.26574573282594071699,0.32527217043718681388,0.38717061839927613409
-0.25331170197733365868,-0.22055253061033155970,-0.18529065240446693230,-0.14729403572297722347,-0.10640110817052444991,-0.06272707333126943674,-0.01667409772658571751,0.03149964721228999676
-0.49253968087734667503,-0.47028623311239320381,-0.44620550729869562501,-0.42012141840217254174,-0.39190311525350546296,-0.36159636666524519466,-0.32943124053868522161,-0.29555489452090488722
-0.55931874191332842106,-0.54050415177429411706,-0.52018485453052476508,-0.49822535084933144978,-0.47452697421146439183,-0.44913560517542722161,-0.42224722919305823776,-0.39399024281712335949
-0.47438963421173191426,-0.45061338451725974075,-0.42516275679633713791,-0.39789630193758851462,-0.36872155649639976049,-0.33773943596402383749,-0.30525080085036981892,-0.27145327860270035414
-0.31843367790156545949,-0.28673796204342794081,-0.25294924863089135458,-0.21688467570610628354,-0.17842988940290716027,-0.13774051555617317089,-0.09525217026214266580,-0.05124740108825538015
-0.16034419562411320048,-0.12448656147546484363,-0.08627801779478978805,-0.04549631332175695098,-0.00199872367525988533,0.04404564424237335934,0.09214229971495103977,0.14197554777300422368
-0.04826624077650182310,-0.01391509986532734992,0.02272753302811429330,0.06189988644489446967,0.10376293070047824807,0.14817684605376515994,0.19468525848350556884,0.24300266325863764671
-0.02052641910087651955,0.01093194920814661436,0.04454980496514606564,0.08057105596428806860,0.11916880724513799483,0.16024262208398479257,0.20340147253766671653,0.24840613764176786016
-0.08518467305014583435,-0.05243721535276067713,-0.01740867756357824397,0.02016377993987070877,0.06047007709374276757,0.10341918770819702456,0.14862056901519593577,0.19583689320281111312
-0.18796926738160074644,-0.14942533877792743557,-0.10820459654560550533,-0.06401614912840142280,-0.01665407973586934334,0.03375839899664236088,0.08674950642244913523,0.14202742891282815751
-0.26703347653795805883,-0.22272066418477509675,-0.17535353953698268326,-0.12462815909413048343,-0.07033799574208170202,-0.01265687925298343737,0.04784266587035559265,0.11079877746612809553
-0.27034999409766008460,-0.22498664057103820446,-0.17652380352615673620,-0.12467626857615379810,-0.06925879547932035918,-0.01047910208282412138,0.05104672069563524067,0.11492338445982584749
-0.17477129829166163089,-0.13479476199734416464,-0.09210018757109011966,-0.04645391017234545145,0.00228970155481644875,0.05392845763469555215,0.10790110761064487799,0.16384350858628796144
-0.02530411993604339896,0.00631529960939474638,0.04009398973246688230,0.07620498693861933737,0.11475263473202616804,0.15556862718314817817,0.19820486652651952975,0.24236715611827006067
0.09248795167123101402,0.11869273982554294500,0.14672673469936331481,0.17672879699836699374,0.20878235991632920765,0.24275018920588112281,0.27826961105077141490,0.31509972976966366121
0.05904979011173657616,0.08611595174980871126,0.11513375352666614659,0.14625819631410036381,0.17958803138260628907,0.21499887221945482296,0.25213755450029956551,0.29077002048033290249
-0.18447357552056020680,-0.15197018657047381418,-0.11707591497475097753,-0.07958003240068789452,-0.03933984988149284018,0.00351957856836493908,0.04859604174968266965,0.09562769653621455701
-0.53748737915195121673,-0.50117418960823145735,-0.46214625667037495527,-0.42014699174268432813,-0.37499699325632246394,-0.32681897044405966435,-0.27605032471929147331,-0.22297117500738686258
-0.80337160480449576472,-0.77072334878396187019,-0.73556415367079897027,-0.69765220144824147130,-0.65681554784978335437,-0.61315542687518242992,-0.56705775309150918684,-0.51876824442713587171
-0.79366749288376925442,-0.77291812664484027540,-0.75048012757730464539,-0.72620565219236898891,-0.69999021921450521599,-0.67190039340794127654,-0.64217862344944931507,-0.61098315693544202887
-0.52802419495396368809,-0.51959025279629811322,-0.51040794951687495917,-0.50044466745539339936,-0.48968266095725893061,-0.47816614476680130430,-0.46599850817574001161,-0.45325645248389617725
-0.19999457311736948406,-0.19687542902686372415,-0.19354461751563825644,-0.19003509160304776771,-0.18638131751876907405,-0.18262851116665612672,-0.17882695973642429021,-0.17502413759068757848
